Unidade Orçamentária;;UG Executora;;PT;Ação Governo;;Plano Orçamentário;;PTRES;PI;;Fonte SOF;Fonte Recursos;Esfera Orçamentária;;Categoria Econômica Despesa;;Grupo Despesa;;Elemento Despesa;;Natureza Despesa;;Natureza Despesa Detalhada;;Tipo NE CCor;;Modalidade Licitação NE CCor;;Inciso NE CCor;Dia Emissão NE CCor;Mês Emissão NE CCor;Ano Emissão NE CCor;Nota Empenho CCor;Núm. Processo NE CCor;Doc - Observação;Favorecido NE CCor;;DOTACAO INICIAL;DOTACAO ATUALIZADA;PROVISAO RECEBIDA;PROVISAO CONCEDIDA;CREDITO DISPONIVEL;CREDITO INDISPONIVEL;DESPESAS PRE-EMPENHADAS A EMPENHAR;DESPESAS EMPENHADAS (CONTROLE EMPENHO);DESPESAS LIQUIDADAS (CONTROLE EMPENHO);DESPESAS PAGAS (CONTROLE EMPENHO);RESTOS A PAGAR PROCESSADOS REINSCRITOS;RESTOS A PAGAR PROCESSADOS A PAGAR;RESTOS A PAGAR NAO PROCESSADOS INSCRITOS;RESTOS A PAGAR NAO PROCESSADOS REINSCRITOS;RESTOS A PAGAR NAO PROCESSADOS CANCELADOS;RESTOS A PAGAR NAO PROCESSADOS LIQUIDADOS;RESTOS A PAGAR NAO PROCESSADOS PAGOS;RESTOS A PAGAR NAO PROCESSADOS A PAGAR;LIQUIDACOES TOTAIS (EXERCICIO E RPNP);PAGAMENTOS TOTAIS (EXERCICIO E RAP)
14101;TRIBUNAL SUPERIOR ELEITORAL;070025;TRIBUNAL REGIONAL ELEITORAL DO D. FEDERAL;02061057042690001;4269;PLEITOS ELEITORAIS;0000;PLEITOS ELEITORAIS - DESPESAS DIVERSAS;107670;-8;SEM INFORMACAO;0100;RECURSOS ORDINARIOS;1;ORCAMENTO FISCAL;3;DESPESAS CORRENTES;1;PESSOAL E ENCARGOS SOCIAIS;00;[A DETALHAR];319000;APLICACOES DIRETAS;319000-9;NAO SE APLICA;-9;NAO SE APLICA;-9;NAO SE APLICA;-9;NAO SE APLICA;NAO SE APLICA;-9;-9;-9;"DESCENTRALIZACAO DE CREDITO PARA ATENDIMENTO DE DESPESAS COM AS ELEICOES GE-  RAIS DE 2018, NA ACAO ORCAMENTARIA ""PLEITOS ELEITORAIS/GND PESSOAL E ENCARGOS SOCIAIS"", CONFORME DISPOSTO NO OFICIO-CIRCULAR N¤ 14 GAB-DG, DE 24.1.2018.";-9;NAO SE APLICA;;;1.720.922,00;;1.720.922,00;;;;;;;;;;;;;;;
14101;TRIBUNAL SUPERIOR ELEITORAL;070025;TRIBUNAL REGIONAL ELEITORAL DO D. FEDERAL;02061057042690001;4269;PLEITOS ELEITORAIS;0000;PLEITOS ELEITORAIS - DESPESAS DIVERSAS;107670;CAR GRAPAX;GRAT. ELEIT. PROCUR. AUX.- PLEITOS;0100;RECURSOS ORDINARIOS;1;ORCAMENTO FISCAL;3;DESPESAS CORRENTES;1;PESSOAL E ENCARGOS SOCIAIS;92;DESPESAS DE EXERCICIOS ANTERIORES;319092;DESPESAS DE EXERCICIOS ANTERIORES;31909216;OUTRAS DESPESAS VARIAVEIS - PESSOAL CIVIL;5;GLOBAL;08;NAO SE APLICA;-8;19/12/2017;DEZ/2017;2017;070025000012017NE000696;AUT. ELEITORAIS;FOLHA DE PAGAMENTO SUPLEMENTAR Nº 06 DE DEZEMBRO/2017, REFERENTE A DIFERENCA NA GRATIFICACAO DOS PROMOTORES AUXILIARES DAS ELEICOES DE 2006. PA 0006188-62.2017.6.07.8100. RESTABELECIMENTO DE PAGTO P/ BERENICE MARIA SHERER E MARIA DALVA BORGES DE HOLANDA.;070025;TRIBUNAL REGIONAL ELEITORAL DO D. FEDERAL;;;;;;;;;;;;;;;;282,72;282,72;(282,72);282,72;282,72
14101;TRIBUNAL SUPERIOR ELEITORAL;070025;TRIBUNAL REGIONAL ELEITORAL DO D. FEDERAL;02061057042690001;4269;PLEITOS ELEITORAIS;0000;PLEITOS ELEITORAIS - DESPESAS DIVERSAS;107670;CAR GRAPAX;GRAT. ELEIT. PROCUR. AUX.- PLEITOS;0100;RECURSOS ORDINARIOS;1;ORCAMENTO FISCAL;3;DESPESAS CORRENTES;1;PESSOAL E ENCARGOS SOCIAIS;92;DESPESAS DE EXERCICIOS ANTERIORES;319092;DESPESAS DE EXERCICIOS ANTERIORES;31909216;OUTRAS DESPESAS VARIAVEIS - PESSOAL CIVIL;5;GLOBAL;08;NAO SE APLICA;-8;19/12/2017;DEZ/2017;2017;070025000012017NE000696;AUT. ELEITORAIS;NAO SE APLICA;070025;TRIBUNAL REGIONAL ELEITORAL DO D. FEDERAL;;;;;;;;;;;;;424,08;;;;;424,08;;
14101;TRIBUNAL SUPERIOR ELEITORAL;070025;TRIBUNAL REGIONAL ELEITORAL DO D. FEDERAL;02061057042690001;4269;PLEITOS ELEITORAIS;0000;PLEITOS ELEITORAIS - DESPESAS DIVERSAS;107670;FUN HOREXT;ELEIC - SERVICO EXTRAORDINARIO SERVIDORES;0100;RECURSOS ORDINARIOS;1;ORCAMENTO FISCAL;3;DESPESAS CORRENTES;1;PESSOAL E ENCARGOS SOCIAIS;16;OUTRAS DESPESAS VARIAVEIS - PESSOAL CIVIL;319016;OUTRAS DESPESAS VARIAVEIS - PESSOAL CIVIL;31901644;SERVICOS EXTRAORDINARIOS;5;GLOBAL;08;NAO SE APLICA;-8;14/10/2016;OUT/2016;2016;070025000012016NE000430;SERVICOS EXTRAORDINA;NAO SE APLICA;070025;TRIBUNAL REGIONAL ELEITORAL DO D. FEDERAL;;;;;;;;;;;;;;1.823,93;;;;1.823,93;;
14101;TRIBUNAL SUPERIOR ELEITORAL;070025;TRIBUNAL REGIONAL ELEITORAL DO D. FEDERAL;02061057042690001;4269;PLEITOS ELEITORAIS;0000;PLEITOS ELEITORAIS - DESPESAS DIVERSAS;107670;FUN HOREXT;ELEIC - SERVICO EXTRAORDINARIO SERVIDORES;0100;RECURSOS ORDINARIOS;1;ORCAMENTO FISCAL;3;DESPESAS CORRENTES;1;PESSOAL E ENCARGOS SOCIAIS;92;DESPESAS DE EXERCICIOS ANTERIORES;319092;DESPESAS DE EXERCICIOS ANTERIORES;31909216;OUTRAS DESPESAS VARIAVEIS - PESSOAL CIVIL;5;GLOBAL;08;NAO SE APLICA;-8;28/12/2017;DEZ/2017;2017;070025000012017NE000745;SERV.EXTRAORDINARIOS;NAO SE APLICA;070025;TRIBUNAL REGIONAL ELEITORAL DO D. FEDERAL;;;;;;;;;;;;;9.133,44;;;;;9.133,44;;
14101;TRIBUNAL SUPERIOR ELEITORAL;070025;TRIBUNAL REGIONAL ELEITORAL DO D. FEDERAL;02061057042690001;4269;PLEITOS ELEITORAIS;0000;PLEITOS ELEITORAIS - DESPESAS DIVERSAS;107671;-8;SEM INFORMACAO;0100;RECURSOS ORDINARIOS;1;ORCAMENTO FISCAL;3;DESPESAS CORRENTES;3;OUTRAS DESPESAS CORRENTES;00;[A DETALHAR];339000;APLICACOES DIRETAS;339000-9;NAO SE APLICA;-9;NAO SE APLICA;-9;NAO SE APLICA;-9;NAO SE APLICA;NAO SE APLICA;-9;-9;-9;ALTERACAO PARA EMISSAO DE NE - ADICIONAL DE DIARIAS - PLEITOS ELEITORAIS;-9;NAO SE APLICA;;;(10.000,00);;(10.000,00);;;;;;;;;;;;;;;
14101;TRIBUNAL SUPERIOR ELEITORAL;070025;TRIBUNAL REGIONAL ELEITORAL DO D. FEDERAL;02061057042690001;4269;PLEITOS ELEITORAIS;0000;PLEITOS ELEITORAIS - DESPESAS DIVERSAS;107671;-8;SEM INFORMACAO;0100;RECURSOS ORDINARIOS;1;ORCAMENTO FISCAL;3;DESPESAS CORRENTES;3;OUTRAS DESPESAS CORRENTES;00;[A DETALHAR];339000;APLICACOES DIRETAS;339000-9;NAO SE APLICA;-9;NAO SE APLICA;-9;NAO SE APLICA;-9;NAO SE APLICA;NAO SE APLICA;-9;-9;-9;ALTERACAO PARA EMISSAO DE NE - ADICIONAL DE DIARIAS - PLEITOS ELEITORAIS      REFORCO;-9;NAO SE APLICA;;;(5.000,00);;(5.000,00);;;;;;;;;;;;;;;
14101;TRIBUNAL SUPERIOR ELEITORAL;070025;TRIBUNAL REGIONAL ELEITORAL DO D. FEDERAL;02061057042690001;4269;PLEITOS ELEITORAIS;0000;PLEITOS ELEITORAIS - DESPESAS DIVERSAS;107671;-8;SEM INFORMACAO;0100;RECURSOS ORDINARIOS;1;ORCAMENTO FISCAL;3;DESPESAS CORRENTES;3;OUTRAS DESPESAS CORRENTES;00;[A DETALHAR];339000;APLICACOES DIRETAS;339000-9;NAO SE APLICA;-9;NAO SE APLICA;-9;NAO SE APLICA;-9;NAO SE APLICA;NAO SE APLICA;-9;-9;-9;ALTERACAO PARA EMISSAO DE NE - PASSAGENS AEREAS - PLEITOS ELEITORAIS          (PA 0004389-81.2017.6.07.8100);-9;NAO SE APLICA;;;(10.000,00);;(10.000,00);;;;;;;;;;;;;;;
14101;TRIBUNAL SUPERIOR ELEITORAL;070025;TRIBUNAL REGIONAL ELEITORAL DO D. FEDERAL;02061057042690001;4269;PLEITOS ELEITORAIS;0000;PLEITOS ELEITORAIS - DESPESAS DIVERSAS;107671;-8;SEM INFORMACAO;0100;RECURSOS ORDINARIOS;1;ORCAMENTO FISCAL;3;DESPESAS CORRENTES;3;OUTRAS DESPESAS CORRENTES;00;[A DETALHAR];339000;APLICACOES DIRETAS;339000-9;NAO SE APLICA;-9;NAO SE APLICA;-9;NAO SE APLICA;-9;NAO SE APLICA;NAO SE APLICA;-9;-9;-9;ALTERACAO PARA EMISSAO DE NE -CONTRATO DE FORNECIMENTO DE COMBUSTIVEIS PARA OSVEICULOS DO TRE-DF. (PA 0004325-71.2017.6.07.8100);-9;NAO SE APLICA;;;(153.747,20);;(153.747,20);;;;;;;;;;;;;;;
14101;TRIBUNAL SUPERIOR ELEITORAL;070025;TRIBUNAL REGIONAL ELEITORAL DO D. FEDERAL;02061057042690001;4269;PLEITOS ELEITORAIS;0000;PLEITOS ELEITORAIS - DESPESAS DIVERSAS;107671;-8;SEM INFORMACAO;0100;RECURSOS ORDINARIOS;1;ORCAMENTO FISCAL;3;DESPESAS CORRENTES;3;OUTRAS DESPESAS CORRENTES;00;[A DETALHAR];339000;APLICACOES DIRETAS;339000-9;NAO SE APLICA;-9;NAO SE APLICA;-9;NAO SE APLICA;-9;NAO SE APLICA;NAO SE APLICA;-9;-9;-9;ALTERACAO PARA EMISSAO DE PE - SERVICOS DE VENDA DE PRODUTOS (SERVICOS DE POS TAGENS E OUTROS). (PA 0001670-63.2016.6.07.8100);-9;NAO SE APLICA;;;(63.732,50);;(63.732,50);;;;;;;;;;;;;;;
14101;TRIBUNAL SUPERIOR ELEITORAL;070025;TRIBUNAL REGIONAL ELEITORAL DO D. FEDERAL;02061057042690001;4269;PLEITOS ELEITORAIS;0000;PLEITOS ELEITORAIS - DESPESAS DIVERSAS;107671;-8;SEM INFORMACAO;0100;RECURSOS ORDINARIOS;1;ORCAMENTO FISCAL;3;DESPESAS CORRENTES;3;OUTRAS DESPESAS CORRENTES;00;[A DETALHAR];339000;APLICACOES DIRETAS;339000-9;NAO SE APLICA;-9;NAO SE APLICA;-9;NAO SE APLICA;-9;NAO SE APLICA;NAO SE APLICA;-9;-9;-9;ALTERACAO PARA EMISSAO DE PE -ADICIONAL DE ESTAGIARIOS PARA PLEITOS ELEITORAIS(PA 0000193-40.2018.6.07.8001);-9;NAO SE APLICA;;;(368.500,00);;(368.500,00);;;;;;;;;;;;;;;
14101;TRIBUNAL SUPERIOR ELEITORAL;070025;TRIBUNAL REGIONAL ELEITORAL DO D. FEDERAL;02061057042690001;4269;PLEITOS ELEITORAIS;0000;PLEITOS ELEITORAIS - DESPESAS DIVERSAS;107671;-8;SEM INFORMACAO;0100;RECURSOS ORDINARIOS;1;ORCAMENTO FISCAL;3;DESPESAS CORRENTES;3;OUTRAS DESPESAS CORRENTES;00;[A DETALHAR];339000;APLICACOES DIRETAS;339000-9;NAO SE APLICA;-9;NAO SE APLICA;-9;NAO SE APLICA;-9;NAO SE APLICA;NAO SE APLICA;-9;-9;-9;DESCENTRALIZACAO DE CREDITO NA ACAO PLEITOS ELEITORAIS COM VISTAS A CUSTEAR   DESPESAS COM A REALIZACAO DO 1¤ TURNO DAS ELEICOES GERAIS DE 2018, CONFORME   OFICIO- CIRCULAR N¤ 15 GAB/DG E PROCESSO SEI N¤ 8803-8/2018.;-9;NAO SE APLICA;;;9.935.012,00;;9.935.012,00;;;;;;;;;;;;;;;
14101;TRIBUNAL SUPERIOR ELEITORAL;070025;TRIBUNAL REGIONAL ELEITORAL DO D. FEDERAL;02061057042690001;4269;PLEITOS ELEITORAIS;0000;PLEITOS ELEITORAIS - DESPESAS DIVERSAS;107671;-8;SEM INFORMACAO;0100;RECURSOS ORDINARIOS;1;ORCAMENTO FISCAL;3;DESPESAS CORRENTES;3;OUTRAS DESPESAS CORRENTES;00;[A DETALHAR];339000;APLICACOES DIRETAS;339000-9;NAO SE APLICA;-9;NAO SE APLICA;-9;NAO SE APLICA;-9;NAO SE APLICA;NAO SE APLICA;-9;-9;-9;FORNECIMENTO DE MATERIAL DE CONSUMO - GENEROS ALIMENTICIOS.                   ALTERACAO PARA EMISSAO DE EMPENHO.                                            PAE 0004186-22.2017.6.07.8100;-9;NAO SE APLICA;;;(13.117,30);;(13.117,30);;;;;;;;;;;;;;;
14101;TRIBUNAL SUPERIOR ELEITORAL;070025;TRIBUNAL REGIONAL ELEITORAL DO D. FEDERAL;02061057042690001;4269;PLEITOS ELEITORAIS;0000;PLEITOS ELEITORAIS - DESPESAS DIVERSAS;107671;-8;SEM INFORMACAO;0100;RECURSOS ORDINARIOS;1;ORCAMENTO FISCAL;3;DESPESAS CORRENTES;3;OUTRAS DESPESAS CORRENTES;00;[A DETALHAR];339000;APLICACOES DIRETAS;339000-9;NAO SE APLICA;-9;NAO SE APLICA;-9;NAO SE APLICA;-9;NAO SE APLICA;NAO SE APLICA;-9;-9;-9;RETORNO AO DISPONIVEL - ESTAGIARIOS (AUXILIO-TRANSPORTE).                     (PA 010003-38.2015.6.07.8100);-9;NAO SE APLICA;;;830,00;;830,00;;;;;;;;;;;;;;;
14101;TRIBUNAL SUPERIOR ELEITORAL;070025;TRIBUNAL REGIONAL ELEITORAL DO D. FEDERAL;02061057042690001;4269;PLEITOS ELEITORAIS;0000;PLEITOS ELEITORAIS - DESPESAS DIVERSAS;107671;-8;SEM INFORMACAO;0100;RECURSOS ORDINARIOS;1;ORCAMENTO FISCAL;3;DESPESAS CORRENTES;3;OUTRAS DESPESAS CORRENTES;00;[A DETALHAR];339000;APLICACOES DIRETAS;339000-9;NAO SE APLICA;-9;NAO SE APLICA;-9;NAO SE APLICA;-9;NAO SE APLICA;NAO SE APLICA;-9;-9;-9;RETORNO AO DISPONIVEL - ESTAGIARIOS. (PA 0010003-38.2015.6.07.8100);-9;NAO SE APLICA;;;4.088,15;;4.088,15;;;;;;;;;;;;;;;
14101;TRIBUNAL SUPERIOR ELEITORAL;070025;TRIBUNAL REGIONAL ELEITORAL DO D. FEDERAL;02061057042690001;4269;PLEITOS ELEITORAIS;0000;PLEITOS ELEITORAIS - DESPESAS DIVERSAS;107671;FUN ALIMEN1;ELEICOES - ALIMEN DE SERVIDORES PRIMEIRO TURN;0100;RECURSOS ORDINARIOS;1;ORCAMENTO FISCAL;3;DESPESAS CORRENTES;3;OUTRAS DESPESAS CORRENTES;30;MATERIAL DE CONSUMO;339030;MATERIAL DE CONSUMO;339030-9;NAO SE APLICA;-9;NAO SE APLICA;-9;NAO SE APLICA;-9;NAO SE APLICA;NAO SE APLICA;-9;-9;-9;2018NECT - FORNECIMENTO DE MATERIAIS DE CONSUMO (GENEROS ALIMENTICIOS) AO TRE-DF. PREGAO ELETRONICO Nº 29/2017, GRUPO 3. PLEITOS ELEITORAIS.;-9;NAO SE APLICA;;;;;(2.867,50);;;;;;;;;;;;;;;
14101;TRIBUNAL SUPERIOR ELEITORAL;070025;TRIBUNAL REGIONAL ELEITORAL DO D. FEDERAL;02061057042690001;4269;PLEITOS ELEITORAIS;0000;PLEITOS ELEITORAIS - DESPESAS DIVERSAS;107671;FUN ALIMEN1;ELEICOES - ALIMEN DE SERVIDORES PRIMEIRO TURN;0100;RECURSOS ORDINARIOS;1;ORCAMENTO FISCAL;3;DESPESAS CORRENTES;3;OUTRAS DESPESAS CORRENTES;30;MATERIAL DE CONSUMO;339030;MATERIAL DE CONSUMO;339030-9;NAO SE APLICA;-9;NAO SE APLICA;-9;NAO SE APLICA;-9;NAO SE APLICA;NAO SE APLICA;-9;-9;-9;2018NECT - FORNECIMENTO DE MATERIAIS DE CONSUMO (GENEROS ALIMENTICIOS) AO TRE-DF. PREGAO ELETRONICO Nº 29/2017, GRUPO 3. PLEITOS ELEITORAIS.                ANULACAO PARA CORRECAO DO TIPO DE EMPENHO.;-9;NAO SE APLICA;;;;;1.433,75;;;;;;;;;;;;;;;
14101;TRIBUNAL SUPERIOR ELEITORAL;070025;TRIBUNAL REGIONAL ELEITORAL DO D. FEDERAL;02061057042690001;4269;PLEITOS ELEITORAIS;0000;PLEITOS ELEITORAIS - DESPESAS DIVERSAS;107671;FUN ALIMEN1;ELEICOES - ALIMEN DE SERVIDORES PRIMEIRO TURN;0100;RECURSOS ORDINARIOS;1;ORCAMENTO FISCAL;3;DESPESAS CORRENTES;3;OUTRAS DESPESAS CORRENTES;30;MATERIAL DE CONSUMO;339030;MATERIAL DE CONSUMO;339030-9;NAO SE APLICA;-9;NAO SE APLICA;-9;NAO SE APLICA;-9;NAO SE APLICA;NAO SE APLICA;-9;-9;-9;2018NECT - FORNECIMENTO DE MATERIAIS DE CONSUMO (GENEROS ALIMENTICIOS) AO TRE-DF. PREGAO ELETRONICO Nº 29/2017, GRUPOS 1, 2, 4, 5, 6 E 7. PLEITOS ELEITORAIS;-9;NAO SE APLICA;;;;;(11.683,55);;;;;;;;;;;;;;;
14101;TRIBUNAL SUPERIOR ELEITORAL;070025;TRIBUNAL REGIONAL ELEITORAL DO D. FEDERAL;02061057042690001;4269;PLEITOS ELEITORAIS;0000;PLEITOS ELEITORAIS - DESPESAS DIVERSAS;107671;FUN ALIMEN1;ELEICOES - ALIMEN DE SERVIDORES PRIMEIRO TURN;0100;RECURSOS ORDINARIOS;1;ORCAMENTO FISCAL;3;DESPESAS CORRENTES;3;OUTRAS DESPESAS CORRENTES;30;MATERIAL DE CONSUMO;339030;MATERIAL DE CONSUMO;339030-9;NAO SE APLICA;-9;NAO SE APLICA;-9;NAO SE APLICA;-9;NAO SE APLICA;NAO SE APLICA;-9;-9;-9;FORNECIMENTO DE MATERIAL DE CONSUMO - GENEROS ALIMENTICIOS.                   ALTERACAO PARA EMISSAO DE EMPENHO.                                            PAE 0004186-22.2017.6.07.8100;-9;NAO SE APLICA;;;13.117,30;;13.117,30;;;;;;;;;;;;;;;
14101;TRIBUNAL SUPERIOR ELEITORAL;070025;TRIBUNAL REGIONAL ELEITORAL DO D. FEDERAL;02061057042690001;4269;PLEITOS ELEITORAIS;0000;PLEITOS ELEITORAIS - DESPESAS DIVERSAS;107671;FUN ALIMEN1;ELEICOES - ALIMEN DE SERVIDORES PRIMEIRO TURN;0100;RECURSOS ORDINARIOS;1;ORCAMENTO FISCAL;3;DESPESAS CORRENTES;3;OUTRAS DESPESAS CORRENTES;30;MATERIAL DE CONSUMO;339030;MATERIAL DE CONSUMO;33903007;GENEROS DE ALIMENTACAO;1;ORDINARIO;12;PREGAO;-8;07/02/2018;FEV/2018;2018;070025000012018NE000096;00041862220176078100;2018NECT - FORNECIMENTO DE MATERIAIS DE CONSUMO (GENEROS ALIMENTICIOS) AO TRE-DF. PREGAO ELETRONICO Nº 29/2017, GRUPO 3. PLEITOS ELEITORAIS.;11615948000178;VELA NO VENTO LANCHES LTDA - ME;;;;;;;;1.433,75;;;;;;;;;;;;
14101;TRIBUNAL SUPERIOR ELEITORAL;070025;TRIBUNAL REGIONAL ELEITORAL DO D. FEDERAL;02061057042690001;4269;PLEITOS ELEITORAIS;0000;PLEITOS ELEITORAIS - DESPESAS DIVERSAS;107671;FUN ALIMEN1;ELEICOES - ALIMEN DE SERVIDORES PRIMEIRO TURN;0100;RECURSOS ORDINARIOS;1;ORCAMENTO FISCAL;3;DESPESAS CORRENTES;3;OUTRAS DESPESAS CORRENTES;30;MATERIAL DE CONSUMO;339030;MATERIAL DE CONSUMO;33903007;GENEROS DE ALIMENTACAO;1;ORDINARIO;12;PREGAO;-8;07/02/2018;FEV/2018;2018;070025000012018NE000096;00041862220176078100;2018NECT - FORNECIMENTO DE MATERIAIS DE CONSUMO (GENEROS ALIMENTICIOS) AO TRE-DF. PREGAO ELETRONICO Nº 29/2017, GRUPO 3. PLEITOS ELEITORAIS.                ANULACAO PARA CORRECAO DO TIPO DE EMPENHO.;11615948000178;VELA NO VENTO LANCHES LTDA - ME;;;;;;;;(1.433,75);;;;;;;;;;;;
14101;TRIBUNAL SUPERIOR ELEITORAL;070025;TRIBUNAL REGIONAL ELEITORAL DO D. FEDERAL;02061057042690001;4269;PLEITOS ELEITORAIS;0000;PLEITOS ELEITORAIS - DESPESAS DIVERSAS;107671;FUN ALIMEN1;ELEICOES - ALIMEN DE SERVIDORES PRIMEIRO TURN;0100;RECURSOS ORDINARIOS;1;ORCAMENTO FISCAL;3;DESPESAS CORRENTES;3;OUTRAS DESPESAS CORRENTES;30;MATERIAL DE CONSUMO;339030;MATERIAL DE CONSUMO;33903007;GENEROS DE ALIMENTACAO;3;ESTIMATIVO;12;PREGAO;-8;07/02/2018;FEV/2018;2018;070025000012018NE000102;00041862220176078100;2018NECT - FORNECIMENTO DE MATERIAIS DE CONSUMO (GENEROS ALIMENTICIOS) AO TRE-DF. PREGAO ELETRONICO Nº 29/2017, GRUPO 3. PLEITOS ELEITORAIS.;11615948000178;VELA NO VENTO LANCHES LTDA - ME;;;;;;;;1.433,75;;;;;;;;;;;;
14101;TRIBUNAL SUPERIOR ELEITORAL;070025;TRIBUNAL REGIONAL ELEITORAL DO D. FEDERAL;02061057042690001;4269;PLEITOS ELEITORAIS;0000;PLEITOS ELEITORAIS - DESPESAS DIVERSAS;107671;FUN ALIMEN1;ELEICOES - ALIMEN DE SERVIDORES PRIMEIRO TURN;0100;RECURSOS ORDINARIOS;1;ORCAMENTO FISCAL;3;DESPESAS CORRENTES;3;OUTRAS DESPESAS CORRENTES;30;MATERIAL DE CONSUMO;339030;MATERIAL DE CONSUMO;33903007;GENEROS DE ALIMENTACAO;3;ESTIMATIVO;12;PREGAO;-8;07/02/2018;FEV/2018;2018;070025000012018NE000102;00041862220176078100;AJUSTE EMPENHO;11615948000178;VELA NO VENTO LANCHES LTDA - ME;;;;;;;;0,00;0,00;0,00;;;;;;;;;0,00;0,00
14101;TRIBUNAL SUPERIOR ELEITORAL;070025;TRIBUNAL REGIONAL ELEITORAL DO D. FEDERAL;02061057042690001;4269;PLEITOS ELEITORAIS;0000;PLEITOS ELEITORAIS - DESPESAS DIVERSAS;107671;FUN ALIMEN1;ELEICOES - ALIMEN DE SERVIDORES PRIMEIRO TURN;0100;RECURSOS ORDINARIOS;1;ORCAMENTO FISCAL;3;DESPESAS CORRENTES;3;OUTRAS DESPESAS CORRENTES;30;MATERIAL DE CONSUMO;339030;MATERIAL DE CONSUMO;33903007;GENEROS DE ALIMENTACAO;3;ESTIMATIVO;12;PREGAO;-8;07/02/2018;FEV/2018;2018;070025000012018NE000104;00041862220176078100;2018NECT - FORNECIMENTO DE MATERIAIS DE CONSUMO (GENEROS ALIMENTICIOS) AO TRE-DF. PREGAO ELETRONICO Nº 29/2017, GRUPOS 1, 2, 4, 5, 6 E 7. PLEITOS ELEITORAIS;11020389000153;MAM RIBEIRO COMERCIO DE ALIMENTOS - ME;;;;;;;;11.683,55;;;;;;;;;;;;
14101;TRIBUNAL SUPERIOR ELEITORAL;070025;TRIBUNAL REGIONAL ELEITORAL DO D. FEDERAL;02061057042690001;4269;PLEITOS ELEITORAIS;0000;PLEITOS ELEITORAIS - DESPESAS DIVERSAS;107671;FUN APOIO;ELEIC - ADIC. DE APOIO ADMIN, TEC. E OPERAC.;0100;RECURSOS ORDINARIOS;1;ORCAMENTO FISCAL;3;DESPESAS CORRENTES;3;OUTRAS DESPESAS CORRENTES;37;LOCACAO DE MAO-DE-OBRA;339037;LOCACAO DE MAO-DE-OBRA;33903701;APOIO ADMINISTRATIVO, TECNICO E OPERACIONAL;5;GLOBAL;12;PREGAO;-8;25/08/2016;AGO/2016;2016;070025000012016NE000318;00003256220166078100;NAO SE APLICA;00308141000923;CONNECTCOM TELEINFORMATICA COMERCIO E SERVICOS LTDA;;;;;;;;;;;;;;976,63;;;;976,63;;
14101;TRIBUNAL SUPERIOR ELEITORAL;070025;TRIBUNAL REGIONAL ELEITORAL DO D. FEDERAL;02061057042690001;4269;PLEITOS ELEITORAIS;0000;PLEITOS ELEITORAIS - DESPESAS DIVERSAS;107671;FUN APOIO;ELEIC - ADIC. DE APOIO ADMIN, TEC. E OPERAC.;0100;RECURSOS ORDINARIOS;1;ORCAMENTO FISCAL;3;DESPESAS CORRENTES;3;OUTRAS DESPESAS CORRENTES;37;LOCACAO DE MAO-DE-OBRA;339037;LOCACAO DE MAO-DE-OBRA;33903705;SERVICOS DE COPA E COZINHA;5;GLOBAL;12;PREGAO;-8;25/08/2016;AGO/2016;2016;070025000012016NE000319;00003256220166078100;NAO SE APLICA;00308141000923;CONNECTCOM TELEINFORMATICA COMERCIO E SERVICOS LTDA;;;;;;;;;;;;;;445,77;;;;445,77;;
14101;TRIBUNAL SUPERIOR ELEITORAL;070025;TRIBUNAL REGIONAL ELEITORAL DO D. FEDERAL;02061057042690001;4269;PLEITOS ELEITORAIS;0000;PLEITOS ELEITORAIS - DESPESAS DIVERSAS;107671;FUN APOIO;ELEIC - ADIC. DE APOIO ADMIN, TEC. E OPERAC.;0100;RECURSOS ORDINARIOS;1;ORCAMENTO FISCAL;3;DESPESAS CORRENTES;3;OUTRAS DESPESAS CORRENTES;39;OUTROS SERVICOS DE TERCEIROS PJ - OP.INT.ORC.;339039;OUTROS SERVICOS DE TERCEIROS - PESSOA JURIDICA;339039-9;NAO SE APLICA;-9;NAO SE APLICA;-9;NAO SE APLICA;-9;NAO SE APLICA;NAO SE APLICA;-9;-9;-9;16CT0025 - SERVICO DE AGENTE DE INTEGRACAO, DE ACORDO COM O CONTRATO Nº 25/16.TERMO ADITIVO 02. (TAXA DE ADMINISTRACAO E SERVICOS DE APOIO AO ENSINO-ESTAGIOSUPERVISIONADO). PLEITOS ELEITORAIS.;-9;NAO SE APLICA;;;;;(289.911,85);;;;;;;;;;;;;;;
14101;TRIBUNAL SUPERIOR ELEITORAL;070025;TRIBUNAL REGIONAL ELEITORAL DO D. FEDERAL;02061057042690001;4269;PLEITOS ELEITORAIS;0000;PLEITOS ELEITORAIS - DESPESAS DIVERSAS;107671;FUN APOIO;ELEIC - ADIC. DE APOIO ADMIN, TEC. E OPERAC.;0100;RECURSOS ORDINARIOS;1;ORCAMENTO FISCAL;3;DESPESAS CORRENTES;3;OUTRAS DESPESAS CORRENTES;39;OUTROS SERVICOS DE TERCEIROS PJ - OP.INT.ORC.;339039;OUTROS SERVICOS DE TERCEIROS - PESSOA JURIDICA;339039-9;NAO SE APLICA;-9;NAO SE APLICA;-9;NAO SE APLICA;-9;NAO SE APLICA;NAO SE APLICA;-9;-9;-9;ADICIONAL DE ESTAGIARIOS PARA PLEITOS ELEITORAIS(PA 0000193-40.2018.6.07.8001:  0010003-38.2015.6.07.8100);-9;NAO SE APLICA;;;;;294.000,00;(294.000,00);(294.000,00);;;;;;;;;;;;;
14101;TRIBUNAL SUPERIOR ELEITORAL;070025;TRIBUNAL REGIONAL ELEITORAL DO D. FEDERAL;02061057042690001;4269;PLEITOS ELEITORAIS;0000;PLEITOS ELEITORAIS - DESPESAS DIVERSAS;107671;FUN APOIO;ELEIC - ADIC. DE APOIO ADMIN, TEC. E OPERAC.;0100;RECURSOS ORDINARIOS;1;ORCAMENTO FISCAL;3;DESPESAS CORRENTES;3;OUTRAS DESPESAS CORRENTES;39;OUTROS SERVICOS DE TERCEIROS PJ - OP.INT.ORC.;339039;OUTROS SERVICOS DE TERCEIROS - PESSOA JURIDICA;339039-9;NAO SE APLICA;-9;NAO SE APLICA;-9;NAO SE APLICA;-9;NAO SE APLICA;NAO SE APLICA;-9;-9;-9;ADICIONAL DE ESTAGIARIOS PARA PLEITOS ELEITORAIS(PA 0000193-40.2018.6.07.8001);-9;NAO SE APLICA;;;;;(294.000,00);294.000,00;294.000,00;;;;;;;;;;;;;
14101;TRIBUNAL SUPERIOR ELEITORAL;070025;TRIBUNAL REGIONAL ELEITORAL DO D. FEDERAL;02061057042690001;4269;PLEITOS ELEITORAIS;0000;PLEITOS ELEITORAIS - DESPESAS DIVERSAS;107671;FUN APOIO;ELEIC - ADIC. DE APOIO ADMIN, TEC. E OPERAC.;0100;RECURSOS ORDINARIOS;1;ORCAMENTO FISCAL;3;DESPESAS CORRENTES;3;OUTRAS DESPESAS CORRENTES;39;OUTROS SERVICOS DE TERCEIROS PJ - OP.INT.ORC.;339039;OUTROS SERVICOS DE TERCEIROS - PESSOA JURIDICA;339039-9;NAO SE APLICA;-9;NAO SE APLICA;-9;NAO SE APLICA;-9;NAO SE APLICA;NAO SE APLICA;-9;-9;-9;ALTERACAO PARA EMISSAO DE PE -ADICIONAL DE ESTAGIARIOS PARA PLEITOS ELEITORAIS(PA 0000193-40.2018.6.07.8001);-9;NAO SE APLICA;;;294.000,00;;294.000,00;;;;;;;;;;;;;;;
14101;TRIBUNAL SUPERIOR ELEITORAL;070025;TRIBUNAL REGIONAL ELEITORAL DO D. FEDERAL;02061057042690001;4269;PLEITOS ELEITORAIS;0000;PLEITOS ELEITORAIS - DESPESAS DIVERSAS;107671;FUN APOIO;ELEIC - ADIC. DE APOIO ADMIN, TEC. E OPERAC.;0100;RECURSOS ORDINARIOS;1;ORCAMENTO FISCAL;3;DESPESAS CORRENTES;3;OUTRAS DESPESAS CORRENTES;39;OUTROS SERVICOS DE TERCEIROS PJ - OP.INT.ORC.;339039;OUTROS SERVICOS DE TERCEIROS - PESSOA JURIDICA;339039-9;NAO SE APLICA;-9;NAO SE APLICA;-9;NAO SE APLICA;-9;NAO SE APLICA;NAO SE APLICA;-9;-9;-9;RETORNO AO DISPONIVEL - ESTAGIARIOS. (PA 0010003-38.2015.6.07.8100);-9;NAO SE APLICA;;;(4.088,15);;(4.088,15);;;;;;;;;;;;;;;
14101;TRIBUNAL SUPERIOR ELEITORAL;070025;TRIBUNAL REGIONAL ELEITORAL DO D. FEDERAL;02061057042690001;4269;PLEITOS ELEITORAIS;0000;PLEITOS ELEITORAIS - DESPESAS DIVERSAS;107671;FUN APOIO;ELEIC - ADIC. DE APOIO ADMIN, TEC. E OPERAC.;0100;RECURSOS ORDINARIOS;1;ORCAMENTO FISCAL;3;DESPESAS CORRENTES;3;OUTRAS DESPESAS CORRENTES;39;OUTROS SERVICOS DE TERCEIROS PJ - OP.INT.ORC.;339039;OUTROS SERVICOS DE TERCEIROS - PESSOA JURIDICA;33903925;TAXA DE ADMINISTRACAO;3;ESTIMATIVO;12;PREGAO;-8;16/04/2018;ABR/2018;2018;070025000012018NE000212;00100033820156078100;16CT0025 - SERVICO DE AGENTE DE INTEGRACAO, DE ACORDO COM O CONTRATO Nº 25/16.TERMO ADITIVO 02. (TAXA DE ADMINISTRACAO E SERVICOS DE APOIO AO ENSINO-ESTAGIOSUPERVISIONADO). PLEITOS ELEITORAIS.;61600839000155;CENTRO DE INTEGRACAO EMPRESA ESCOLA CIE E;;;;;;;;6.902,52;;;;;;;;;;;;
14101;TRIBUNAL SUPERIOR ELEITORAL;070025;TRIBUNAL REGIONAL ELEITORAL DO D. FEDERAL;02061057042690001;4269;PLEITOS ELEITORAIS;0000;PLEITOS ELEITORAIS - DESPESAS DIVERSAS;107671;FUN APOIO;ELEIC - ADIC. DE APOIO ADMIN, TEC. E OPERAC.;0100;RECURSOS ORDINARIOS;1;ORCAMENTO FISCAL;3;DESPESAS CORRENTES;3;OUTRAS DESPESAS CORRENTES;39;OUTROS SERVICOS DE TERCEIROS PJ - OP.INT.ORC.;339039;OUTROS SERVICOS DE TERCEIROS - PESSOA JURIDICA;33903925;TAXA DE ADMINISTRACAO;3;ESTIMATIVO;12;PREGAO;-8;16/04/2018;ABR/2018;2018;070025000012018NE000212;00100033820156078100;PAGTO DA FATURA 4/2018. PROMOCAO DE ESTAGIO SUPERVISIONADO DE ESTUDANTES DE ENSINO MEDIO E SUPERIOR NO MES DE ABRIL/18. EMPRESA ISENTA DE RETENCAO DE IMPOSTOS FEDERAIS E IMUNE DE ISS. PA 8173-03.2016.6.07.8100.;61600839000155;CENTRO DE INTEGRACAO EMPRESA ESCOLA CIE E;;;;;;;;0,00;876,51;876,51;;;;;;;;;876,51;876,51
14101;TRIBUNAL SUPERIOR ELEITORAL;070025;TRIBUNAL REGIONAL ELEITORAL DO D. FEDERAL;02061057042690001;4269;PLEITOS ELEITORAIS;0000;PLEITOS ELEITORAIS - DESPESAS DIVERSAS;107671;FUN APOIO;ELEIC - ADIC. DE APOIO ADMIN, TEC. E OPERAC.;0100;RECURSOS ORDINARIOS;1;ORCAMENTO FISCAL;3;DESPESAS CORRENTES;3;OUTRAS DESPESAS CORRENTES;39;OUTROS SERVICOS DE TERCEIROS PJ - OP.INT.ORC.;339039;OUTROS SERVICOS DE TERCEIROS - PESSOA JURIDICA;33903965;SERVICOS DE APOIO AO ENSINO;3;ESTIMATIVO;12;PREGAO;-8;16/04/2018;ABR/2018;2018;070025000012018NE000212;00100033820156078100;16CT0025 - SERVICO DE AGENTE DE INTEGRACAO, DE ACORDO COM O CONTRATO Nº 25/16.TERMO ADITIVO 02. (TAXA DE ADMINISTRACAO E SERVICOS DE APOIO AO ENSINO-ESTAGIOSUPERVISIONADO). PLEITOS ELEITORAIS.;61600839000155;CENTRO DE INTEGRACAO EMPRESA ESCOLA CIE E;;;;;;;;283.009,33;;;;;;;;;;;;
14101;TRIBUNAL SUPERIOR ELEITORAL;070025;TRIBUNAL REGIONAL ELEITORAL DO D. FEDERAL;02061057042690001;4269;PLEITOS ELEITORAIS;0000;PLEITOS ELEITORAIS - DESPESAS DIVERSAS;107671;FUN APOIO;ELEIC - ADIC. DE APOIO ADMIN, TEC. E OPERAC.;0100;RECURSOS ORDINARIOS;1;ORCAMENTO FISCAL;3;DESPESAS CORRENTES;3;OUTRAS DESPESAS CORRENTES;39;OUTROS SERVICOS DE TERCEIROS PJ - OP.INT.ORC.;339039;OUTROS SERVICOS DE TERCEIROS - PESSOA JURIDICA;33903965;SERVICOS DE APOIO AO ENSINO;3;ESTIMATIVO;12;PREGAO;-8;16/04/2018;ABR/2018;2018;070025000012018NE000212;00100033820156078100;PAGTO DA FATURA 4/2018. PROMOCAO DE ESTAGIO SUPERVISIONADO DE ESTUDANTES DE ENSINO MEDIO E SUPERIOR NO MES DE ABRIL/18. EMPRESA ISENTA DE RETENCAO DE IMPOSTOS FEDERAIS E IMUNE DE ISS. PA 8173-03.2016.6.07.8100.;61600839000155;CENTRO DE INTEGRACAO EMPRESA ESCOLA CIE E;;;;;;;;0,00;35.943,49;35.943,49;;;;;;;;;35.943,49;35.943,49
14101;TRIBUNAL SUPERIOR ELEITORAL;070025;TRIBUNAL REGIONAL ELEITORAL DO D. FEDERAL;02061057042690001;4269;PLEITOS ELEITORAIS;0000;PLEITOS ELEITORAIS - DESPESAS DIVERSAS;107671;FUN APOIO;ELEIC - ADIC. DE APOIO ADMIN, TEC. E OPERAC.;0100;RECURSOS ORDINARIOS;1;ORCAMENTO FISCAL;3;DESPESAS CORRENTES;3;OUTRAS DESPESAS CORRENTES;49;AUXILIO-TRANSPORTE;339049;AUXILIO-TRANSPORTE;339049-9;NAO SE APLICA;-9;NAO SE APLICA;-9;NAO SE APLICA;-9;NAO SE APLICA;NAO SE APLICA;-9;-9;-9;16CT0025 - SERVICO DE AGENTE DE INTEGRACAO, DE ACORDO COM O CONTRATO Nº 25/16.TERMO ADITIVO 02. (AUXILIO-TRANSPORTE - ESTAGIO SUPERVISIONADO).  PLEITOS ELEITORAIS.;-9;NAO SE APLICA;;;;;(73.670,00);;;;;;;;;;;;;;;
14101;TRIBUNAL SUPERIOR ELEITORAL;070025;TRIBUNAL REGIONAL ELEITORAL DO D. FEDERAL;02061057042690001;4269;PLEITOS ELEITORAIS;0000;PLEITOS ELEITORAIS - DESPESAS DIVERSAS;107671;FUN APOIO;ELEIC - ADIC. DE APOIO ADMIN, TEC. E OPERAC.;0100;RECURSOS ORDINARIOS;1;ORCAMENTO FISCAL;3;DESPESAS CORRENTES;3;OUTRAS DESPESAS CORRENTES;49;AUXILIO-TRANSPORTE;339049;AUXILIO-TRANSPORTE;339049-9;NAO SE APLICA;-9;NAO SE APLICA;-9;NAO SE APLICA;-9;NAO SE APLICA;NAO SE APLICA;-9;-9;-9;ADICIONAL DE ESTAGIARIOS PARA PLEITOS ELEITORAIS(PA 0000193-40.2018.6.07.8001: 0010003-38.2015.6.07.8100);-9;NAO SE APLICA;;;;;74.500,00;(74.500,00);(74.500,00);;;;;;;;;;;;;
14101;TRIBUNAL SUPERIOR ELEITORAL;070025;TRIBUNAL REGIONAL ELEITORAL DO D. FEDERAL;02061057042690001;4269;PLEITOS ELEITORAIS;0000;PLEITOS ELEITORAIS - DESPESAS DIVERSAS;107671;FUN APOIO;ELEIC - ADIC. DE APOIO ADMIN, TEC. E OPERAC.;0100;RECURSOS ORDINARIOS;1;ORCAMENTO FISCAL;3;DESPESAS CORRENTES;3;OUTRAS DESPESAS CORRENTES;49;AUXILIO-TRANSPORTE;339049;AUXILIO-TRANSPORTE;339049-9;NAO SE APLICA;-9;NAO SE APLICA;-9;NAO SE APLICA;-9;NAO SE APLICA;NAO SE APLICA;-9;-9;-9;ADICIONAL DE ESTAGIARIOS PARA PLEITOS ELEITORAIS(PA 0000193-40.2018.6.07.8001);-9;NAO SE APLICA;;;;;(74.500,00);74.500,00;74.500,00;;;;;;;;;;;;;
14101;TRIBUNAL SUPERIOR ELEITORAL;070025;TRIBUNAL REGIONAL ELEITORAL DO D. FEDERAL;02061057042690001;4269;PLEITOS ELEITORAIS;0000;PLEITOS ELEITORAIS - DESPESAS DIVERSAS;107671;FUN APOIO;ELEIC - ADIC. DE APOIO ADMIN, TEC. E OPERAC.;0100;RECURSOS ORDINARIOS;1;ORCAMENTO FISCAL;3;DESPESAS CORRENTES;3;OUTRAS DESPESAS CORRENTES;49;AUXILIO-TRANSPORTE;339049;AUXILIO-TRANSPORTE;339049-9;NAO SE APLICA;-9;NAO SE APLICA;-9;NAO SE APLICA;-9;NAO SE APLICA;NAO SE APLICA;-9;-9;-9;ALTERACAO PARA EMISSAO DE PE -ADICIONAL DE ESTAGIARIOS PARA PLEITOS ELEITORAIS(PA 0000193-40.2018.6.07.8001);-9;NAO SE APLICA;;;74.500,00;;74.500,00;;;;;;;;;;;;;;;
14101;TRIBUNAL SUPERIOR ELEITORAL;070025;TRIBUNAL REGIONAL ELEITORAL DO D. FEDERAL;02061057042690001;4269;PLEITOS ELEITORAIS;0000;PLEITOS ELEITORAIS - DESPESAS DIVERSAS;107671;FUN APOIO;ELEIC - ADIC. DE APOIO ADMIN, TEC. E OPERAC.;0100;RECURSOS ORDINARIOS;1;ORCAMENTO FISCAL;3;DESPESAS CORRENTES;3;OUTRAS DESPESAS CORRENTES;49;AUXILIO-TRANSPORTE;339049;AUXILIO-TRANSPORTE;339049-9;NAO SE APLICA;-9;NAO SE APLICA;-9;NAO SE APLICA;-9;NAO SE APLICA;NAO SE APLICA;-9;-9;-9;RETORNO AO DISPONIVEL - ESTAGIARIOS (AUXILIO-TRANSPORTE).                     (PA 010003-38.2015.6.07.8100);-9;NAO SE APLICA;;;(830,00);;(830,00);;;;;;;;;;;;;;;
14101;TRIBUNAL SUPERIOR ELEITORAL;070025;TRIBUNAL REGIONAL ELEITORAL DO D. FEDERAL;02061057042690001;4269;PLEITOS ELEITORAIS;0000;PLEITOS ELEITORAIS - DESPESAS DIVERSAS;107671;FUN APOIO;ELEIC - ADIC. DE APOIO ADMIN, TEC. E OPERAC.;0100;RECURSOS ORDINARIOS;1;ORCAMENTO FISCAL;3;DESPESAS CORRENTES;3;OUTRAS DESPESAS CORRENTES;49;AUXILIO-TRANSPORTE;339049;AUXILIO-TRANSPORTE;33904903;AUXILIO-TRANSPORTE ESTAGIARIOS;3;ESTIMATIVO;12;PREGAO;-8;16/04/2018;ABR/2018;2018;070025000012018NE000213;00100033820156078100;16CT0025 - SERVICO DE AGENTE DE INTEGRACAO, DE ACORDO COM O CONTRATO Nº 25/16.TERMO ADITIVO 02. (AUXILIO-TRANSPORTE - ESTAGIO SUPERVISIONADO).  PLEITOS ELEITORAIS.;61600839000155;CENTRO DE INTEGRACAO EMPRESA ESCOLA CIE E;;;;;;;;73.670,00;;;;;;;;;;;;
14101;TRIBUNAL SUPERIOR ELEITORAL;070025;TRIBUNAL REGIONAL ELEITORAL DO D. FEDERAL;02061057042690001;4269;PLEITOS ELEITORAIS;0000;PLEITOS ELEITORAIS - DESPESAS DIVERSAS;107671;FUN APOIO;ELEIC - ADIC. DE APOIO ADMIN, TEC. E OPERAC.;0100;RECURSOS ORDINARIOS;1;ORCAMENTO FISCAL;3;DESPESAS CORRENTES;3;OUTRAS DESPESAS CORRENTES;49;AUXILIO-TRANSPORTE;339049;AUXILIO-TRANSPORTE;33904903;AUXILIO-TRANSPORTE ESTAGIARIOS;3;ESTIMATIVO;12;PREGAO;-8;16/04/2018;ABR/2018;2018;070025000012018NE000213;00100033820156078100;PAGTO DA FATURA 4/2018. PROMOCAO DE ESTAGIO SUPERVISIONADO DE ESTUDANTES DE ENSINO MEDIO E SUPERIOR NO MES DE ABRIL/18. EMPRESA ISENTA DE RETENCAO DE IMPOSTOS FEDERAIS E IMUNE DE ISS. PA 8173-03.2016.6.07.8100.;61600839000155;CENTRO DE INTEGRACAO EMPRESA ESCOLA CIE E;;;;;;;;0,00;9.410,00;9.410,00;;;;;;;;;9.410,00;9.410,00
14101;TRIBUNAL SUPERIOR ELEITORAL;070025;TRIBUNAL REGIONAL ELEITORAL DO D. FEDERAL;02061057042690001;4269;PLEITOS ELEITORAIS;0000;PLEITOS ELEITORAIS - DESPESAS DIVERSAS;107671;FUN COMBUS;ELEIC - ADICIONAL DE COMBUSTIVEIS.;0100;RECURSOS ORDINARIOS;1;ORCAMENTO FISCAL;3;DESPESAS CORRENTES;3;OUTRAS DESPESAS CORRENTES;30;MATERIAL DE CONSUMO;339030;MATERIAL DE CONSUMO;339030-9;NAO SE APLICA;-9;NAO SE APLICA;-9;NAO SE APLICA;-9;NAO SE APLICA;NAO SE APLICA;-9;-9;-9;18CT0003 - CONTRATO DE FORNECIMENTO DE COMBUSTIVEIS PARA OS VEICULOS DO TRE-DFPREGAO ELETRONICO N.º 35/2017. CONTRATO Nº 03/2018.;-9;NAO SE APLICA;;;;;(153.747,20);;;;;;;;;;;;;;;
14101;TRIBUNAL SUPERIOR ELEITORAL;070025;TRIBUNAL REGIONAL ELEITORAL DO D. FEDERAL;02061057042690001;4269;PLEITOS ELEITORAIS;0000;PLEITOS ELEITORAIS - DESPESAS DIVERSAS;107671;FUN COMBUS;ELEIC - ADICIONAL DE COMBUSTIVEIS.;0100;RECURSOS ORDINARIOS;1;ORCAMENTO FISCAL;3;DESPESAS CORRENTES;3;OUTRAS DESPESAS CORRENTES;30;MATERIAL DE CONSUMO;339030;MATERIAL DE CONSUMO;339030-9;NAO SE APLICA;-9;NAO SE APLICA;-9;NAO SE APLICA;-9;NAO SE APLICA;NAO SE APLICA;-9;-9;-9;ALTERACAO PARA EMISSAO DE NE -CONTRATO DE FORNECIMENTO DE COMBUSTIVEIS PARA OSVEICULOS DO TRE-DF. (PA 0004325-71.2017.6.07.8100);-9;NAO SE APLICA;;;153.747,20;;153.747,20;;;;;;;;;;;;;;;
14101;TRIBUNAL SUPERIOR ELEITORAL;070025;TRIBUNAL REGIONAL ELEITORAL DO D. FEDERAL;02061057042690001;4269;PLEITOS ELEITORAIS;0000;PLEITOS ELEITORAIS - DESPESAS DIVERSAS;107671;FUN COMBUS;ELEIC - ADICIONAL DE COMBUSTIVEIS.;0100;RECURSOS ORDINARIOS;1;ORCAMENTO FISCAL;3;DESPESAS CORRENTES;3;OUTRAS DESPESAS CORRENTES;30;MATERIAL DE CONSUMO;339030;MATERIAL DE CONSUMO;33903001;COMBUSTIVEIS E LUBRIFICANTES AUTOMOTIVOS;3;ESTIMATIVO;12;PREGAO;-8;31/01/2018;JAN/2018;2018;070025000012018NE000087;00043257120176078100;18CT0003 - CONTRATO DE FORNECIMENTO DE COMBUSTIVEIS PARA OS VEICULOS DO TRE-DFPREGAO ELETRONICO N.º 35/2017. CONTRATO Nº 03/2018.;00097626000168;BRASAL COMBUSTIVEIS LTDA;;;;;;;;153.747,20;;;;;;;;;;;;
14101;TRIBUNAL SUPERIOR ELEITORAL;070025;TRIBUNAL REGIONAL ELEITORAL DO D. FEDERAL;02061057042690001;4269;PLEITOS ELEITORAIS;0000;PLEITOS ELEITORAIS - DESPESAS DIVERSAS;107671;FUN COMUNI;ELEIC - ADIC. DE SERV. DE COMUN. EM GERAL.;0100;RECURSOS ORDINARIOS;1;ORCAMENTO FISCAL;3;DESPESAS CORRENTES;3;OUTRAS DESPESAS CORRENTES;39;OUTROS SERVICOS DE TERCEIROS PJ - OP.INT.ORC.;339039;OUTROS SERVICOS DE TERCEIROS - PESSOA JURIDICA;339039-9;NAO SE APLICA;-9;NAO SE APLICA;-9;NAO SE APLICA;-9;NAO SE APLICA;NAO SE APLICA;-9;-9;-9;15CT0020 - CONTRATO MULTIPLO DE PRESTACAO DE SERVICOS DE VENDA DE PRODUTOS(SERVICOS DE POSTAGENS E OUTROS), TERMO ADITIVO Nº 3 AO CONTRATO Nº 20/2015.      PLEITOS ELEITORAIS.;-9;NAO SE APLICA;;;;;(63.732,50);;;;;;;;;;;;;;;
14101;TRIBUNAL SUPERIOR ELEITORAL;070025;TRIBUNAL REGIONAL ELEITORAL DO D. FEDERAL;02061057042690001;4269;PLEITOS ELEITORAIS;0000;PLEITOS ELEITORAIS - DESPESAS DIVERSAS;107671;FUN COMUNI;ELEIC - ADIC. DE SERV. DE COMUN. EM GERAL.;0100;RECURSOS ORDINARIOS;1;ORCAMENTO FISCAL;3;DESPESAS CORRENTES;3;OUTRAS DESPESAS CORRENTES;39;OUTROS SERVICOS DE TERCEIROS PJ - OP.INT.ORC.;339039;OUTROS SERVICOS DE TERCEIROS - PESSOA JURIDICA;339039-9;NAO SE APLICA;-9;NAO SE APLICA;-9;NAO SE APLICA;-9;NAO SE APLICA;NAO SE APLICA;-9;-9;-9;ALTERACAO PARA EMISSAO DE PE - SERVICOS DE VENDA DE PRODUTOS (SERVICOS DE POS TAGENS E OUTROS). (PA 0001670-63.2016.6.07.8100);-9;NAO SE APLICA;;;63.732,50;;63.732,50;;;;;;;;;;;;;;;
14101;TRIBUNAL SUPERIOR ELEITORAL;070025;TRIBUNAL REGIONAL ELEITORAL DO D. FEDERAL;02061057042690001;4269;PLEITOS ELEITORAIS;0000;PLEITOS ELEITORAIS - DESPESAS DIVERSAS;107671;FUN COMUNI;ELEIC - ADIC. DE SERV. DE COMUN. EM GERAL.;0100;RECURSOS ORDINARIOS;1;ORCAMENTO FISCAL;3;DESPESAS CORRENTES;3;OUTRAS DESPESAS CORRENTES;39;OUTROS SERVICOS DE TERCEIROS PJ - OP.INT.ORC.;339039;OUTROS SERVICOS DE TERCEIROS - PESSOA JURIDICA;339039-9;NAO SE APLICA;-9;NAO SE APLICA;-9;NAO SE APLICA;-9;NAO SE APLICA;NAO SE APLICA;-9;-9;-9;ANULACAO DO PE 24 PARA EMISSAO DE NE (PA 0001670-63.2016.6.07.8100);-9;NAO SE APLICA;;;;;63.732,50;(63.732,50);(63.732,50);;;;;;;;;;;;;
14101;TRIBUNAL SUPERIOR ELEITORAL;070025;TRIBUNAL REGIONAL ELEITORAL DO D. FEDERAL;02061057042690001;4269;PLEITOS ELEITORAIS;0000;PLEITOS ELEITORAIS - DESPESAS DIVERSAS;107671;FUN COMUNI;ELEIC - ADIC. DE SERV. DE COMUN. EM GERAL.;0100;RECURSOS ORDINARIOS;1;ORCAMENTO FISCAL;3;DESPESAS CORRENTES;3;OUTRAS DESPESAS CORRENTES;39;OUTROS SERVICOS DE TERCEIROS PJ - OP.INT.ORC.;339039;OUTROS SERVICOS DE TERCEIROS - PESSOA JURIDICA;339039-9;NAO SE APLICA;-9;NAO SE APLICA;-9;NAO SE APLICA;-9;NAO SE APLICA;NAO SE APLICA;-9;-9;-9;CONTRATO MULTIPLO DE PRESTACAO DE SERVICOS DE VENDA DE PRODUTOS  (SERVICOS  DEPOSTAGENS E OUTROS), TERMO ADITIVO Nº 3 AO CONTRATO Nº 20/2015.               (PA 0001670-63.2016.6.07.8100);-9;NAO SE APLICA;;;;;(63.732,50);63.732,50;63.732,50;;;;;;;;;;;;;
14101;TRIBUNAL SUPERIOR ELEITORAL;070025;TRIBUNAL REGIONAL ELEITORAL DO D. FEDERAL;02061057042690001;4269;PLEITOS ELEITORAIS;0000;PLEITOS ELEITORAIS - DESPESAS DIVERSAS;107671;FUN COMUNI;ELEIC - ADIC. DE SERV. DE COMUN. EM GERAL.;0100;RECURSOS ORDINARIOS;1;ORCAMENTO FISCAL;3;DESPESAS CORRENTES;3;OUTRAS DESPESAS CORRENTES;39;OUTROS SERVICOS DE TERCEIROS PJ - OP.INT.ORC.;339039;OUTROS SERVICOS DE TERCEIROS - PESSOA JURIDICA;33903947;SERVICOS DE COMUNICACAO EM GERAL;3;ESTIMATIVO;06;DISPENSA DE LICITACAO;08;21/03/2018;MAR/2018;2018;070025000012018NE000179;00016706320166078100;15CT0020 - CONTRATO MULTIPLO DE PRESTACAO DE SERVICOS DE VENDA DE PRODUTOS(SERVICOS DE POSTAGENS E OUTROS), TERMO ADITIVO Nº 3 AO CONTRATO Nº 20/2015.      PLEITOS ELEITORAIS.;34028316000707;EMPRESA BRASILEIRA DE CORREIOS E TELEGRAFOS;;;;;;;;63.732,50;;;;;;;;;;;;
14101;TRIBUNAL SUPERIOR ELEITORAL;070025;TRIBUNAL REGIONAL ELEITORAL DO D. FEDERAL;02061057042690001;4269;PLEITOS ELEITORAIS;0000;PLEITOS ELEITORAIS - DESPESAS DIVERSAS;107671;FUN DIARIA1;ELEICOES - DIARIAS SERVIDORES PRIMEIRO TURNO;0100;RECURSOS ORDINARIOS;1;ORCAMENTO FISCAL;3;DESPESAS CORRENTES;3;OUTRAS DESPESAS CORRENTES;14;DIARIAS - PESSOAL CIVIL;339014;DIARIAS - PESSOAL CIVIL;339014-9;NAO SE APLICA;-9;NAO SE APLICA;-9;NAO SE APLICA;-9;NAO SE APLICA;NAO SE APLICA;-9;-9;-9;2018NECT - ADICIONAL DE DIARIAS - PLEITOS ELEITORAIS.;-9;NAO SE APLICA;;;;;(10.000,00);;;;;;;;;;;;;;;
14101;TRIBUNAL SUPERIOR ELEITORAL;070025;TRIBUNAL REGIONAL ELEITORAL DO D. FEDERAL;02061057042690001;4269;PLEITOS ELEITORAIS;0000;PLEITOS ELEITORAIS - DESPESAS DIVERSAS;107671;FUN DIARIA1;ELEICOES - DIARIAS SERVIDORES PRIMEIRO TURNO;0100;RECURSOS ORDINARIOS;1;ORCAMENTO FISCAL;3;DESPESAS CORRENTES;3;OUTRAS DESPESAS CORRENTES;14;DIARIAS - PESSOAL CIVIL;339014;DIARIAS - PESSOAL CIVIL;339014-9;NAO SE APLICA;-9;NAO SE APLICA;-9;NAO SE APLICA;-9;NAO SE APLICA;NAO SE APLICA;-9;-9;-9;2018NECT - ADICIONAL DE DIARIAS - PLEITOS ELEITORAIS. REFORCO.;-9;NAO SE APLICA;;;;;(5.000,00);;;;;;;;;;;;;;;
14101;TRIBUNAL SUPERIOR ELEITORAL;070025;TRIBUNAL REGIONAL ELEITORAL DO D. FEDERAL;02061057042690001;4269;PLEITOS ELEITORAIS;0000;PLEITOS ELEITORAIS - DESPESAS DIVERSAS;107671;FUN DIARIA1;ELEICOES - DIARIAS SERVIDORES PRIMEIRO TURNO;0100;RECURSOS ORDINARIOS;1;ORCAMENTO FISCAL;3;DESPESAS CORRENTES;3;OUTRAS DESPESAS CORRENTES;14;DIARIAS - PESSOAL CIVIL;339014;DIARIAS - PESSOAL CIVIL;339014-9;NAO SE APLICA;-9;NAO SE APLICA;-9;NAO SE APLICA;-9;NAO SE APLICA;NAO SE APLICA;-9;-9;-9;ALTERACAO PARA EMISSAO DE NE - ADICIONAL DE DIARIAS - PLEITOS ELEITORAIS;-9;NAO SE APLICA;;;10.000,00;;10.000,00;;;;;;;;;;;;;;;
14101;TRIBUNAL SUPERIOR ELEITORAL;070025;TRIBUNAL REGIONAL ELEITORAL DO D. FEDERAL;02061057042690001;4269;PLEITOS ELEITORAIS;0000;PLEITOS ELEITORAIS - DESPESAS DIVERSAS;107671;FUN DIARIA1;ELEICOES - DIARIAS SERVIDORES PRIMEIRO TURNO;0100;RECURSOS ORDINARIOS;1;ORCAMENTO FISCAL;3;DESPESAS CORRENTES;3;OUTRAS DESPESAS CORRENTES;14;DIARIAS - PESSOAL CIVIL;339014;DIARIAS - PESSOAL CIVIL;339014-9;NAO SE APLICA;-9;NAO SE APLICA;-9;NAO SE APLICA;-9;NAO SE APLICA;NAO SE APLICA;-9;-9;-9;ALTERACAO PARA EMISSAO DE NE - ADICIONAL DE DIARIAS - PLEITOS ELEITORAIS      REFORCO;-9;NAO SE APLICA;;;5.000,00;;5.000,00;;;;;;;;;;;;;;;
14101;TRIBUNAL SUPERIOR ELEITORAL;070025;TRIBUNAL REGIONAL ELEITORAL DO D. FEDERAL;02061057042690001;4269;PLEITOS ELEITORAIS;0000;PLEITOS ELEITORAIS - DESPESAS DIVERSAS;107671;FUN DIARIA1;ELEICOES - DIARIAS SERVIDORES PRIMEIRO TURNO;0100;RECURSOS ORDINARIOS;1;ORCAMENTO FISCAL;3;DESPESAS CORRENTES;3;OUTRAS DESPESAS CORRENTES;14;DIARIAS - PESSOAL CIVIL;339014;DIARIAS - PESSOAL CIVIL;33901414;DIARIAS NO PAIS;3;ESTIMATIVO;08;NAO SE APLICA;-8;09/03/2018;MAR/2018;2018;070025000012018NE000148;DIARIAS-PLEITOS ELEI;2018NECT - ADICIONAL DE DIARIAS - PLEITOS ELEITORAIS.;070025;TRIBUNAL REGIONAL ELEITORAL DO D. FEDERAL;;;;;;;;10.000,00;;;;;;;;;;;;
14101;TRIBUNAL SUPERIOR ELEITORAL;070025;TRIBUNAL REGIONAL ELEITORAL DO D. FEDERAL;02061057042690001;4269;PLEITOS ELEITORAIS;0000;PLEITOS ELEITORAIS - DESPESAS DIVERSAS;107671;FUN DIARIA1;ELEICOES - DIARIAS SERVIDORES PRIMEIRO TURNO;0100;RECURSOS ORDINARIOS;1;ORCAMENTO FISCAL;3;DESPESAS CORRENTES;3;OUTRAS DESPESAS CORRENTES;14;DIARIAS - PESSOAL CIVIL;339014;DIARIAS - PESSOAL CIVIL;33901414;DIARIAS NO PAIS;3;ESTIMATIVO;08;NAO SE APLICA;-8;09/03/2018;MAR/2018;2018;070025000012018NE000148;DIARIAS-PLEITOS ELEI;2018NECT - ADICIONAL DE DIARIAS - PLEITOS ELEITORAIS. REFORCO.;070025;TRIBUNAL REGIONAL ELEITORAL DO D. FEDERAL;;;;;;;;5.000,00;;;;;;;;;;;;
14101;TRIBUNAL SUPERIOR ELEITORAL;070025;TRIBUNAL REGIONAL ELEITORAL DO D. FEDERAL;02061057042690001;4269;PLEITOS ELEITORAIS;0000;PLEITOS ELEITORAIS - DESPESAS DIVERSAS;107671;FUN DIARIA1;ELEICOES - DIARIAS SERVIDORES PRIMEIRO TURNO;0100;RECURSOS ORDINARIOS;1;ORCAMENTO FISCAL;3;DESPESAS CORRENTES;3;OUTRAS DESPESAS CORRENTES;14;DIARIAS - PESSOAL CIVIL;339014;DIARIAS - PESSOAL CIVIL;33901414;DIARIAS NO PAIS;3;ESTIMATIVO;08;NAO SE APLICA;-8;09/03/2018;MAR/2018;2018;070025000012018NE000148;DIARIAS-PLEITOS ELEI;NUMERO ERRADO PROCESSO;070025;TRIBUNAL REGIONAL ELEITORAL DO D. FEDERAL;;;;;;;;0,00;0,00;(2.865,10);;;;;;;;;0,00;(2.865,10)
14101;TRIBUNAL SUPERIOR ELEITORAL;070025;TRIBUNAL REGIONAL ELEITORAL DO D. FEDERAL;02061057042690001;4269;PLEITOS ELEITORAIS;0000;PLEITOS ELEITORAIS - DESPESAS DIVERSAS;107671;FUN DIARIA1;ELEICOES - DIARIAS SERVIDORES PRIMEIRO TURNO;0100;RECURSOS ORDINARIOS;1;ORCAMENTO FISCAL;3;DESPESAS CORRENTES;3;OUTRAS DESPESAS CORRENTES;14;DIARIAS - PESSOAL CIVIL;339014;DIARIAS - PESSOAL CIVIL;33901414;DIARIAS NO PAIS;3;ESTIMATIVO;08;NAO SE APLICA;-8;09/03/2018;MAR/2018;2018;070025000012018NE000148;DIARIAS-PLEITOS ELEI;PAGTO 4,5 DIARIAS PARA TESTE EM CAMPO DOS SISTEMAS DE CANDIDATURAS E PROPAGANDA ELEITORAL 2018, NO PERIODO DE DE 14 A 18 DE MAIO DE 2018, NO TRE-RO. PA 1941-04.2018;070025;TRIBUNAL REGIONAL ELEITORAL DO D. FEDERAL;;;;;;;;0,00;2.226,00;160,72;;;;;;;;;2.226,00;160,72
14101;TRIBUNAL SUPERIOR ELEITORAL;070025;TRIBUNAL REGIONAL ELEITORAL DO D. FEDERAL;02061057042690001;4269;PLEITOS ELEITORAIS;0000;PLEITOS ELEITORAIS - DESPESAS DIVERSAS;107671;FUN DIARIA1;ELEICOES - DIARIAS SERVIDORES PRIMEIRO TURNO;0100;RECURSOS ORDINARIOS;1;ORCAMENTO FISCAL;3;DESPESAS CORRENTES;3;OUTRAS DESPESAS CORRENTES;14;DIARIAS - PESSOAL CIVIL;339014;DIARIAS - PESSOAL CIVIL;33901414;DIARIAS NO PAIS;3;ESTIMATIVO;08;NAO SE APLICA;-8;09/03/2018;MAR/2018;2018;070025000012018NE000148;DIARIAS-PLEITOS ELEI;PAGTO 5,5 DIARIAS PARA TESTE EM CAMPO DOS SISTEMAS DE CANDIDATURAS E PROPAGANDA ELEITORAL 2018, NO PERIODO DE 18 A 23 DE MARCO DE 2018, EM GOIANIA-GO. PA 976-26.2018;070025;TRIBUNAL REGIONAL ELEITORAL DO D. FEDERAL;;;;;;;;0,00;5.292,00;5.292,00;;;;;;;;;5.292,00;5.292,00
14101;TRIBUNAL SUPERIOR ELEITORAL;070025;TRIBUNAL REGIONAL ELEITORAL DO D. FEDERAL;02061057042690001;4269;PLEITOS ELEITORAIS;0000;PLEITOS ELEITORAIS - DESPESAS DIVERSAS;107671;FUN DIARIA1;ELEICOES - DIARIAS SERVIDORES PRIMEIRO TURNO;0100;RECURSOS ORDINARIOS;1;ORCAMENTO FISCAL;3;DESPESAS CORRENTES;3;OUTRAS DESPESAS CORRENTES;14;DIARIAS - PESSOAL CIVIL;339014;DIARIAS - PESSOAL CIVIL;33901414;DIARIAS NO PAIS;3;ESTIMATIVO;08;NAO SE APLICA;-8;09/03/2018;MAR/2018;2018;070025000012018NE000148;DIARIAS-PLEITOS ELEI;PAGTO 6,5 DIARIAS PARA TESTE EM CAMPO DOS SISTEMAS DE CANDIDATURAS E PROPAGANDA ELEITORAL 2018, NO PERIODO DE DE 14 A 18 DE MAIO DE 2018, NO TRE-RO. PA 1941-04.2018;070025;TRIBUNAL REGIONAL ELEITORAL DO D. FEDERAL;;;;;;;;0,00;2.865,10;7.795,48;;;;;;;;;2.865,10;7.795,48
14101;TRIBUNAL SUPERIOR ELEITORAL;070025;TRIBUNAL REGIONAL ELEITORAL DO D. FEDERAL;02061057042690001;4269;PLEITOS ELEITORAIS;0000;PLEITOS ELEITORAIS - DESPESAS DIVERSAS;107671;FUN DIARIA1;ELEICOES - DIARIAS SERVIDORES PRIMEIRO TURNO;0100;RECURSOS ORDINARIOS;1;ORCAMENTO FISCAL;3;DESPESAS CORRENTES;3;OUTRAS DESPESAS CORRENTES;14;DIARIAS - PESSOAL CIVIL;339014;DIARIAS - PESSOAL CIVIL;33901414;DIARIAS NO PAIS;3;ESTIMATIVO;08;NAO SE APLICA;-8;09/03/2018;MAR/2018;2018;070025000012018NE000148;DIARIAS-PLEITOS ELEI;PAGTO 6,5 DIARIAS PARA TESTE EM CAMPO DOS SISTEMAS DE CANDIDATURAS E PROPAGANDA ELEITORAL 2018, NO PERIODO DE DE 14 A 18 DE MAIO DE 2018, NO TRE-RO. PA 1941-04.2018.;070025;TRIBUNAL REGIONAL ELEITORAL DO D. FEDERAL;;;;;;;;0,00;200,90;200,90;;;;;;;;;200,90;200,90
14101;TRIBUNAL SUPERIOR ELEITORAL;070025;TRIBUNAL REGIONAL ELEITORAL DO D. FEDERAL;02061057042690001;4269;PLEITOS ELEITORAIS;0000;PLEITOS ELEITORAIS - DESPESAS DIVERSAS;107671;FUN PASSAG1;ELEICOES - PASSAGENS SERVIDORES PRIMEIRO TURN;0100;RECURSOS ORDINARIOS;1;ORCAMENTO FISCAL;3;DESPESAS CORRENTES;3;OUTRAS DESPESAS CORRENTES;33;PASSAGENS E DESPESAS COM LOCOMOCAO;339033;PASSAGENS E DESPESAS COM LOCOMOCAO;339033-9;NAO SE APLICA;-9;NAO SE APLICA;-9;NAO SE APLICA;-9;NAO SE APLICA;NAO SE APLICA;-9;-9;-9;18CT0002 - SERVICOS DE AGENCIAMENTO DE VIAGENS. ADESAO A ARP Nº 31/2017 - PRE GAO ELETRONICO Nº 18/2017 DAS CENTRAIS ELETRICAS DE RONDONIA.                 CONTRATO Nº 02/2018. PLEITOS ELEITORAIS.;-9;NAO SE APLICA;;;;;(10.000,00);;;;;;;;;;;;;;;
14101;TRIBUNAL SUPERIOR ELEITORAL;070025;TRIBUNAL REGIONAL ELEITORAL DO D. FEDERAL;02061057042690001;4269;PLEITOS ELEITORAIS;0000;PLEITOS ELEITORAIS - DESPESAS DIVERSAS;107671;FUN PASSAG1;ELEICOES - PASSAGENS SERVIDORES PRIMEIRO TURN;0100;RECURSOS ORDINARIOS;1;ORCAMENTO FISCAL;3;DESPESAS CORRENTES;3;OUTRAS DESPESAS CORRENTES;33;PASSAGENS E DESPESAS COM LOCOMOCAO;339033;PASSAGENS E DESPESAS COM LOCOMOCAO;339033-9;NAO SE APLICA;-9;NAO SE APLICA;-9;NAO SE APLICA;-9;NAO SE APLICA;NAO SE APLICA;-9;-9;-9;ALTERACAO PARA EMISSAO DE NE - PASSAGENS AEREAS - PLEITOS ELEITORAIS          (PA 0004389-81.2017.6.07.8100);-9;NAO SE APLICA;;;10.000,00;;10.000,00;;;;;;;;;;;;;;;
14101;TRIBUNAL SUPERIOR ELEITORAL;070025;TRIBUNAL REGIONAL ELEITORAL DO D. FEDERAL;02061057042690001;4269;PLEITOS ELEITORAIS;0000;PLEITOS ELEITORAIS - DESPESAS DIVERSAS;107671;FUN PASSAG1;ELEICOES - PASSAGENS SERVIDORES PRIMEIRO TURN;0100;RECURSOS ORDINARIOS;1;ORCAMENTO FISCAL;3;DESPESAS CORRENTES;3;OUTRAS DESPESAS CORRENTES;33;PASSAGENS E DESPESAS COM LOCOMOCAO;339033;PASSAGENS E DESPESAS COM LOCOMOCAO;33903301;PASSAGENS PARA O PAIS;3;ESTIMATIVO;12;PREGAO;-8;15/03/2018;MAR/2018;2018;070025000012018NE000159;00043898120176078100;18CT0002 - SERVICOS DE AGENCIAMENTO DE VIAGENS. ADESAO A ARP Nº 31/2017 - PRE GAO ELETRONICO Nº 18/2017 DAS CENTRAIS ELETRICAS DE RONDONIA.                 CONTRATO Nº 02/2018. PLEITOS ELEITORAIS.;05917540000158;DECOLANDO TURISMO E REPRESENTACOES LTDA - ME;;;;;;;;10.000,00;;;;;;;;;;;;
14101;TRIBUNAL SUPERIOR ELEITORAL;070025;TRIBUNAL REGIONAL ELEITORAL DO D. FEDERAL;02061057042690001;4269;PLEITOS ELEITORAIS;0000;PLEITOS ELEITORAIS - DESPESAS DIVERSAS;107671;FUN PASSAG1;ELEICOES - PASSAGENS SERVIDORES PRIMEIRO TURN;0100;RECURSOS ORDINARIOS;1;ORCAMENTO FISCAL;3;DESPESAS CORRENTES;3;OUTRAS DESPESAS CORRENTES;33;PASSAGENS E DESPESAS COM LOCOMOCAO;339033;PASSAGENS E DESPESAS COM LOCOMOCAO;33903301;PASSAGENS PARA O PAIS;3;ESTIMATIVO;12;PREGAO;-8;15/03/2018;MAR/2018;2018;070025000012018NE000159;00043898120176078100;PGTO NF 43.304. PASSAGENS AEREAS. RETENCAO IMP. FEDERAIS 7,05 (R$ 417,63). PA 1531-43.2018;05917540000158;DECOLANDO TURISMO E REPRESENTACOES LTDA - ME;;;;;;;;0,00;3.186,40;3.186,40;;;;;;;;;3.186,40;3.186,40
14101;TRIBUNAL SUPERIOR ELEITORAL;070025;TRIBUNAL REGIONAL ELEITORAL DO D. FEDERAL;02061057042690001;4269;PLEITOS ELEITORAIS;0000;PLEITOS ELEITORAIS - DESPESAS DIVERSAS;107671;FUN PASSAG1;ELEICOES - PASSAGENS SERVIDORES PRIMEIRO TURN;0100;RECURSOS ORDINARIOS;1;ORCAMENTO FISCAL;3;DESPESAS CORRENTES;3;OUTRAS DESPESAS CORRENTES;33;PASSAGENS E DESPESAS COM LOCOMOCAO;339033;PASSAGENS E DESPESAS COM LOCOMOCAO;33903301;PASSAGENS PARA O PAIS;3;ESTIMATIVO;12;PREGAO;-8;15/03/2018;MAR/2018;2018;070025000012018NE000159;00043898120176078100;PGTO NF 44.565. PASSAGENS AEREAS. RETENCAO IMP. FEDERAIS 7,05 (R$ 732,66). PA 1531-43.2018;05917540000158;DECOLANDO TURISMO E REPRESENTACOES LTDA - ME;;;;;;;;0,00;4.284,80;4.284,80;;;;;;;;;4.284,80;4.284,80
14101;TRIBUNAL SUPERIOR ELEITORAL;070025;TRIBUNAL REGIONAL ELEITORAL DO D. FEDERAL;02061057042690001;4269;PLEITOS ELEITORAIS;0000;PLEITOS ELEITORAIS - DESPESAS DIVERSAS;107671;FUN SERAUX;ELEIC - SERV.OPER.MAQ.MOT.REC.SERV.AUXILIARES;0100;RECURSOS ORDINARIOS;1;ORCAMENTO FISCAL;3;DESPESAS CORRENTES;3;OUTRAS DESPESAS CORRENTES;37;LOCACAO DE MAO-DE-OBRA;339037;LOCACAO DE MAO-DE-OBRA;33903701;APOIO ADMINISTRATIVO, TECNICO E OPERACIONAL;3;ESTIMATIVO;12;PREGAO;-8;23/09/2016;SET/2016;2016;070025000012016NE000393;00027229420166078100;NAO SE APLICA;10660342000191;3 R - CONSTRUCOES E SERVICOS EIRELI;;;;;;;;;;;;;;3.333,75;;;;3.333,75;;
14101;TRIBUNAL SUPERIOR ELEITORAL;070025;TRIBUNAL REGIONAL ELEITORAL DO D. FEDERAL;02061057042690001;4269;PLEITOS ELEITORAIS;0000;PLEITOS ELEITORAIS - DESPESAS DIVERSAS;107671;FUN SERAUX;ELEIC - SERV.OPER.MAQ.MOT.REC.SERV.AUXILIARES;0100;RECURSOS ORDINARIOS;1;ORCAMENTO FISCAL;3;DESPESAS CORRENTES;3;OUTRAS DESPESAS CORRENTES;37;LOCACAO DE MAO-DE-OBRA;339037;LOCACAO DE MAO-DE-OBRA;33903701;APOIO ADMINISTRATIVO, TECNICO E OPERACIONAL;5;GLOBAL;12;PREGAO;-8;25/07/2016;JUL/2016;2016;070025000012016NE000304;00027229420166078100;NAO SE APLICA;10660342000191;3 R - CONSTRUCOES E SERVICOS EIRELI;;;;;;;;;;;;;;8.563,02;;;;8.563,02;;
14101;TRIBUNAL SUPERIOR ELEITORAL;070025;TRIBUNAL REGIONAL ELEITORAL DO D. FEDERAL;02061057042690001;4269;PLEITOS ELEITORAIS;0000;PLEITOS ELEITORAIS - DESPESAS DIVERSAS;107671;LVO AQUCAB;ELEIC-AQUISICAO DE CABINA DE VOTACAO.;0100;RECURSOS ORDINARIOS;1;ORCAMENTO FISCAL;3;DESPESAS CORRENTES;3;OUTRAS DESPESAS CORRENTES;30;MATERIAL DE CONSUMO;339030;MATERIAL DE CONSUMO;339030-9;NAO SE APLICA;-9;NAO SE APLICA;-9;NAO SE APLICA;-9;NAO SE APLICA;NAO SE APLICA;-9;-9;-9;18CT0028 - AQUISICAO DE CABINAS DE VOTACAO. EDITAL DE LICITACAO TSE Nª 104/17 (PREGAO ELETRONICO). ARP TSE Nº 10/18.                                        CONTRATO TRE-DF Nº 28/2018. PLEITOS ELEITORAIS.;-9;NAO SE APLICA;;;;;(46.800,00);;;;;;;;;;;;;;;
14101;TRIBUNAL SUPERIOR ELEITORAL;070025;TRIBUNAL REGIONAL ELEITORAL DO D. FEDERAL;02061057042690001;4269;PLEITOS ELEITORAIS;0000;PLEITOS ELEITORAIS - DESPESAS DIVERSAS;107671;LVO AQUCAB;ELEIC-AQUISICAO DE CABINA DE VOTACAO.;0100;RECURSOS ORDINARIOS;1;ORCAMENTO FISCAL;3;DESPESAS CORRENTES;3;OUTRAS DESPESAS CORRENTES;30;MATERIAL DE CONSUMO;339030;MATERIAL DE CONSUMO;339030-9;NAO SE APLICA;-9;NAO SE APLICA;-9;NAO SE APLICA;-9;NAO SE APLICA;NAO SE APLICA;-9;-9;-9;ALTERACAO PARA EMISSAO DE PE - CONTRATO Nº 28/2018 PARA AQUISICAO DE CABINES  DE VOTACAO. (PA 0002175-83.2018.6.07.8100);-9;NAO SE APLICA;;;;;(46.800,00);46.800,00;46.800,00;;;;;;;;;;;;;
14101;TRIBUNAL SUPERIOR ELEITORAL;070025;TRIBUNAL REGIONAL ELEITORAL DO D. FEDERAL;02061057042690001;4269;PLEITOS ELEITORAIS;0000;PLEITOS ELEITORAIS - DESPESAS DIVERSAS;107671;LVO AQUCAB;ELEIC-AQUISICAO DE CABINA DE VOTACAO.;0100;RECURSOS ORDINARIOS;1;ORCAMENTO FISCAL;3;DESPESAS CORRENTES;3;OUTRAS DESPESAS CORRENTES;30;MATERIAL DE CONSUMO;339030;MATERIAL DE CONSUMO;339030-9;NAO SE APLICA;-9;NAO SE APLICA;-9;NAO SE APLICA;-9;NAO SE APLICA;NAO SE APLICA;-9;-9;-9;ANULACAO PARA EMISSAO DE NE - CONTRATO Nº 28/2018 PARA AQUISICAO DE CABINES   DE VOTACAO. (PA 0002175-83.2018.6.07.8100);-9;NAO SE APLICA;;;;;46.800,00;(46.800,00);(46.800,00);;;;;;;;;;;;;
14101;TRIBUNAL SUPERIOR ELEITORAL;070025;TRIBUNAL REGIONAL ELEITORAL DO D. FEDERAL;02061057042690001;4269;PLEITOS ELEITORAIS;0000;PLEITOS ELEITORAIS - DESPESAS DIVERSAS;107671;LVO AQUCAB;ELEIC-AQUISICAO DE CABINA DE VOTACAO.;0100;RECURSOS ORDINARIOS;1;ORCAMENTO FISCAL;3;DESPESAS CORRENTES;3;OUTRAS DESPESAS CORRENTES;30;MATERIAL DE CONSUMO;339030;MATERIAL DE CONSUMO;339030-9;NAO SE APLICA;-9;NAO SE APLICA;-9;NAO SE APLICA;-9;NAO SE APLICA;NAO SE APLICA;-9;-9;-9;DESCENTRALIZACAO DE CREDITOS REFERENTES A AQUISICAO DE 9.000 CABINAS DE VOTA- CAO,CONF.SOLICITADO OFICIO TRE-DF 629 (0721614), AUTORIZACAO DG(0720746 E 0722550) DISPONIBLIDIDADE ORC. (0723306)E  DESPACHO CEOFI(0724716).PA 2018.5213-6.;-9;NAO SE APLICA;;;46.800,00;;46.800,00;;;;;;;;;;;;;;;
14101;TRIBUNAL SUPERIOR ELEITORAL;070025;TRIBUNAL REGIONAL ELEITORAL DO D. FEDERAL;02061057042690001;4269;PLEITOS ELEITORAIS;0000;PLEITOS ELEITORAIS - DESPESAS DIVERSAS;107671;LVO AQUCAB;ELEIC-AQUISICAO DE CABINA DE VOTACAO.;0100;RECURSOS ORDINARIOS;1;ORCAMENTO FISCAL;3;DESPESAS CORRENTES;3;OUTRAS DESPESAS CORRENTES;30;MATERIAL DE CONSUMO;339030;MATERIAL DE CONSUMO;33903028;MATERIAL DE PROTECAO E SEGURANCA;1;ORDINARIO;12;PREGAO;-8;17/05/2018;MAI/2018;2018;070025000012018NE000238;00021758320186078100;18CT0028 - AQUISICAO DE CABINAS DE VOTACAO. EDITAL DE LICITACAO TSE Nª 104/17 (PREGAO ELETRONICO). ARP TSE Nº 10/18.                                        CONTRATO TRE-DF Nº 28/2018. PLEITOS ELEITORAIS.;17173562000130;EXATA EVOLUTION COMERCIAL E DISTRIBUIDORA LTDA - ME;;;;;;;;46.800,00;;;;;;;;;;;;
14101;TRIBUNAL SUPERIOR ELEITORAL;070025;TRIBUNAL REGIONAL ELEITORAL DO D. FEDERAL;02061057042690001;4269;PLEITOS ELEITORAIS;0000;PLEITOS ELEITORAIS - DESPESAS DIVERSAS;107671;UEL APOIO;APOIO OPERACIONAL - URNAS ELETRONICAS;0100;RECURSOS ORDINARIOS;1;ORCAMENTO FISCAL;3;DESPESAS CORRENTES;3;OUTRAS DESPESAS CORRENTES;37;LOCACAO DE MAO-DE-OBRA;339037;LOCACAO DE MAO-DE-OBRA;33903727;SUPORTE DE INFRAESTRUTURA DE T.I.;3;ESTIMATIVO;12;PREGAO;-8;09/11/2016;NOV/2016;2016;070025000012016NE000564;00026882220166078100;NAO SE APLICA;05208408000177;INOVA TECNOLOGIA EM SERVICOS LTDA;;;;;;;;;;;;;;1.302,03;;;;1.302,03;;
14101;TRIBUNAL SUPERIOR ELEITORAL;070025;TRIBUNAL REGIONAL ELEITORAL DO D. FEDERAL;02061057042690001;4269;PLEITOS ELEITORAIS;0000;PLEITOS ELEITORAIS - DESPESAS DIVERSAS;107671;UEL APOIO;APOIO OPERACIONAL - URNAS ELETRONICAS;0100;RECURSOS ORDINARIOS;1;ORCAMENTO FISCAL;3;DESPESAS CORRENTES;3;OUTRAS DESPESAS CORRENTES;37;LOCACAO DE MAO-DE-OBRA;339037;LOCACAO DE MAO-DE-OBRA;33903727;SUPORTE DE INFRAESTRUTURA DE T.I.;5;GLOBAL;12;PREGAO;-8;29/08/2016;AGO/2016;2016;070025000012016NE000328;00026882220166078100;NAO SE APLICA;05208408000177;INOVA TECNOLOGIA EM SERVICOS LTDA;;;;;;;;;;;;;;1.493,88;;;;1.493,88;;
14101;TRIBUNAL SUPERIOR ELEITORAL;070025;TRIBUNAL REGIONAL ELEITORAL DO D. FEDERAL;02061057042690001;4269;PLEITOS ELEITORAIS;0000;PLEITOS ELEITORAIS - DESPESAS DIVERSAS;107671;UEL SUPRIM;ELEIC-URNAS ELET- SUPRIMENTOS;0100;RECURSOS ORDINARIOS;1;ORCAMENTO FISCAL;3;DESPESAS CORRENTES;3;OUTRAS DESPESAS CORRENTES;30;MATERIAL DE CONSUMO;339030;MATERIAL DE CONSUMO;339030-9;NAO SE APLICA;-9;NAO SE APLICA;-9;NAO SE APLICA;-9;NAO SE APLICA;NAO SE APLICA;-9;-9;-9;ALTERACAO PARA EMISSAO DE PE - CONTRATO Nº 27/2018 PARA AQUISICAO DE ENVELOPESPLASTICOS AUTOADESIVOS. (PA 0002122-05.2018.6.07.8100);-9;NAO SE APLICA;;;;;(3.780,00);3.780,00;3.780,00;;;;;;;;;;;;;
14101;TRIBUNAL SUPERIOR ELEITORAL;070025;TRIBUNAL REGIONAL ELEITORAL DO D. FEDERAL;02061057042690001;4269;PLEITOS ELEITORAIS;0000;PLEITOS ELEITORAIS - DESPESAS DIVERSAS;107671;UEL SUPRIM;ELEIC-URNAS ELET- SUPRIMENTOS;0100;RECURSOS ORDINARIOS;1;ORCAMENTO FISCAL;3;DESPESAS CORRENTES;3;OUTRAS DESPESAS CORRENTES;30;MATERIAL DE CONSUMO;339030;MATERIAL DE CONSUMO;339030-9;NAO SE APLICA;-9;NAO SE APLICA;-9;NAO SE APLICA;-9;NAO SE APLICA;NAO SE APLICA;-9;-9;-9;CONTRATO Nº 26/2018 PARA FORNECIMENTO DE BOBINAS DE PAPEL PARA IMPRESSORA DAS URNAS ELETRONICAS. (PA 0002225-12.2018.6.07.8100);-9;NAO SE APLICA;;;;;(19.136,00);19.136,00;19.136,00;;;;;;;;;;;;;
14101;TRIBUNAL SUPERIOR ELEITORAL;070025;TRIBUNAL REGIONAL ELEITORAL DO D. FEDERAL;02061057042690001;4269;PLEITOS ELEITORAIS;0000;PLEITOS ELEITORAIS - DESPESAS DIVERSAS;107671;UEL SUPRIM;ELEIC-URNAS ELET- SUPRIMENTOS;0100;RECURSOS ORDINARIOS;1;ORCAMENTO FISCAL;3;DESPESAS CORRENTES;3;OUTRAS DESPESAS CORRENTES;30;MATERIAL DE CONSUMO;339030;MATERIAL DE CONSUMO;339030-9;NAO SE APLICA;-9;NAO SE APLICA;-9;NAO SE APLICA;-9;NAO SE APLICA;NAO SE APLICA;-9;-9;-9;DESCENTRALIZACAO DE CREDITOS PARA AQUISICAO DE 4.500 ENVELOPES PLASTICOS AUTO-ADESIVOS (ARP TSE 08/18) P/DEMANDA DO TRE-DF, CFME OFICIO 607 (0722075), DISP.ORC.(0724962), AUTOR. GAB-DG (0722101) E DESP.CEOFI (0725550). PA 2018.5381-7.;-9;NAO SE APLICA;;;3.780,00;;3.780,00;;;;;;;;;;;;;;;
14101;TRIBUNAL SUPERIOR ELEITORAL;070025;TRIBUNAL REGIONAL ELEITORAL DO D. FEDERAL;02061057042690001;4269;PLEITOS ELEITORAIS;0000;PLEITOS ELEITORAIS - DESPESAS DIVERSAS;107671;UEL SUPRIM;ELEIC-URNAS ELET- SUPRIMENTOS;0100;RECURSOS ORDINARIOS;1;ORCAMENTO FISCAL;3;DESPESAS CORRENTES;3;OUTRAS DESPESAS CORRENTES;30;MATERIAL DE CONSUMO;339030;MATERIAL DE CONSUMO;339030-9;NAO SE APLICA;-9;NAO SE APLICA;-9;NAO SE APLICA;-9;NAO SE APLICA;NAO SE APLICA;-9;-9;-9;DESCENTRALIZACAO DE CREDITOS REFERENTES A AQUISICAO DE 3.200 BOBINAS DE PAPEL PARA URNAS ELETRONICAS (80M).SOLICITADO OFICIO 628 (0721599), DESPACHO GAB-DG (0715658), ARP 11/2018 (0709391) E DESPACHO CEOFI (0725543). SEI 2018.5387-6.;-9;NAO SE APLICA;;;19.136,00;;19.136,00;;;;;;;;;;;;;;;
14101;TRIBUNAL SUPERIOR ELEITORAL;070025;TRIBUNAL REGIONAL ELEITORAL DO D. FEDERAL;02061057042690001;4269;PLEITOS ELEITORAIS;0002;ATUALIZACAO E MANUTENCAO DO SISTEMA DE VOTACAO E APURACAO;084799;-8;SEM INFORMACAO;0100;RECURSOS ORDINARIOS;1;ORCAMENTO FISCAL;3;DESPESAS CORRENTES;3;OUTRAS DESPESAS CORRENTES;00;[A DETALHAR];339000;APLICACOES DIRETAS;339000-9;NAO SE APLICA;-9;NAO SE APLICA;-9;NAO SE APLICA;-9;NAO SE APLICA;NAO SE APLICA;-9;-9;-9;ALTERACAO PARA EMISSAO DE NE. SERVICOS DE CONSERVACAO DE URNAS ELETRONICAS.   PAE 0005513-36.2016.6.07.8100;-9;NAO SE APLICA;;;(111.538,35);;(111.538,35);;;;;;;;;;;;;;;
14101;TRIBUNAL SUPERIOR ELEITORAL;070025;TRIBUNAL REGIONAL ELEITORAL DO D. FEDERAL;02061057042690001;4269;PLEITOS ELEITORAIS;0002;ATUALIZACAO E MANUTENCAO DO SISTEMA DE VOTACAO E APURACAO;084799;-8;SEM INFORMACAO;0100;RECURSOS ORDINARIOS;1;ORCAMENTO FISCAL;3;DESPESAS CORRENTES;3;OUTRAS DESPESAS CORRENTES;00;[A DETALHAR];339000;APLICACOES DIRETAS;339000-9;NAO SE APLICA;-9;NAO SE APLICA;-9;NAO SE APLICA;-9;NAO SE APLICA;NAO SE APLICA;-9;-9;-9;DESCENTRALIZACAO DE CREDITO NA ACAO PLEITOS ELEITORAIS, COM VISTAS A CONTRATA CAO DE SERVICOS REFERENTES A MANUTENCAO PREVENTIVA DE URNAS, CONFORME OFICIO  CIRCULAR N¤ 8, DE 17 DE JANEIRO DE 2018 E PROCESSO SEI N¤ 320-8/2018.;-9;NAO SE APLICA;;;157.000,00;;157.000,00;;;;;;;;;;;;;;;
14101;TRIBUNAL SUPERIOR ELEITORAL;070025;TRIBUNAL REGIONAL ELEITORAL DO D. FEDERAL;02061057042690001;4269;PLEITOS ELEITORAIS;0002;ATUALIZACAO E MANUTENCAO DO SISTEMA DE VOTACAO E APURACAO;084799;-8;SEM INFORMACAO;0100;RECURSOS ORDINARIOS;1;ORCAMENTO FISCAL;3;DESPESAS CORRENTES;3;OUTRAS DESPESAS CORRENTES;00;[A DETALHAR];339000;APLICACOES DIRETAS;339000-9;NAO SE APLICA;-9;NAO SE APLICA;-9;NAO SE APLICA;-9;NAO SE APLICA;NAO SE APLICA;-9;-9;-9;SERVICOS DE CONSERVACAO DE URNAS ELETRONICAS.                                 PAE 0005513-36.2016.6.07.8100                                                 ALTERACAO PARA MODIFICACAO DE PLANO INTERNO, POR ORIENTACAO DO TSE.;-9;NAO SE APLICA;;;0,00;;0,00;;;;;;;;;;;;;;;
14101;TRIBUNAL SUPERIOR ELEITORAL;070025;TRIBUNAL REGIONAL ELEITORAL DO D. FEDERAL;02061057042690001;4269;PLEITOS ELEITORAIS;0002;ATUALIZACAO E MANUTENCAO DO SISTEMA DE VOTACAO E APURACAO;084799;UEL MANPREV;MANUTENCAO PREVENTIVA DE URNAS ELETRONICAS;0100;RECURSOS ORDINARIOS;1;ORCAMENTO FISCAL;3;DESPESAS CORRENTES;3;OUTRAS DESPESAS CORRENTES;40;SERVICOS DE TECNOLOGIA DA INFORMACAO E COMUNICACAO - PJ;339040;SERVICOS DE TECNOLOGIA DA INFORMACAO E COMUNICACAO - PJ;339040-9;NAO SE APLICA;-9;NAO SE APLICA;-9;NAO SE APLICA;-9;NAO SE APLICA;NAO SE APLICA;-9;-9;-9;16CT0011 - PRESTACAO DE SERVICOS DE CONSERVACAO DE URNAS ELETRONICAS, CONFORMECONTRATO Nº 11/2016. PREGAO ELETRONICO Nº 21/2015. TERMO ADITIVO Nº 01.;-9;NAO SE APLICA;;;;;(85.268,70);;;;;;;;;;;;;;;
14101;TRIBUNAL SUPERIOR ELEITORAL;070025;TRIBUNAL REGIONAL ELEITORAL DO D. FEDERAL;02061057042690001;4269;PLEITOS ELEITORAIS;0002;ATUALIZACAO E MANUTENCAO DO SISTEMA DE VOTACAO E APURACAO;084799;UEL MANPREV;MANUTENCAO PREVENTIVA DE URNAS ELETRONICAS;0100;RECURSOS ORDINARIOS;1;ORCAMENTO FISCAL;3;DESPESAS CORRENTES;3;OUTRAS DESPESAS CORRENTES;40;SERVICOS DE TECNOLOGIA DA INFORMACAO E COMUNICACAO - PJ;339040;SERVICOS DE TECNOLOGIA DA INFORMACAO E COMUNICACAO - PJ;339040-9;NAO SE APLICA;-9;NAO SE APLICA;-9;NAO SE APLICA;-9;NAO SE APLICA;NAO SE APLICA;-9;-9;-9;16CT0011 - PRESTACAO DE SERVICOS DE CONSERVACAO DE URNAS ELETRONICAS, CONFORMECONTRATO Nº 11/2016. PREGAO ELETRONICO Nº 21/2015. TERMO ADITIVO Nº 01.       REFORCO.;-9;NAO SE APLICA;;;;;(26.269,65);;;;;;;;;;;;;;;
14101;TRIBUNAL SUPERIOR ELEITORAL;070025;TRIBUNAL REGIONAL ELEITORAL DO D. FEDERAL;02061057042690001;4269;PLEITOS ELEITORAIS;0002;ATUALIZACAO E MANUTENCAO DO SISTEMA DE VOTACAO E APURACAO;084799;UEL MANPREV;MANUTENCAO PREVENTIVA DE URNAS ELETRONICAS;0100;RECURSOS ORDINARIOS;1;ORCAMENTO FISCAL;3;DESPESAS CORRENTES;3;OUTRAS DESPESAS CORRENTES;40;SERVICOS DE TECNOLOGIA DA INFORMACAO E COMUNICACAO - PJ;339040;SERVICOS DE TECNOLOGIA DA INFORMACAO E COMUNICACAO - PJ;339040-9;NAO SE APLICA;-9;NAO SE APLICA;-9;NAO SE APLICA;-9;NAO SE APLICA;NAO SE APLICA;-9;-9;-9;SERVICOS DE CONSERVACAO DE URNAS ELETRONICAS.                                 PAE 0005513-36.2016.6.07.8100                                                 ALTERACAO PARA MODIFICACAO DE PLANO INTERNO, POR ORIENTACAO DO TSE.;-9;NAO SE APLICA;;;111.538,35;;111.538,35;;;;;;;;;;;;;;;
14101;TRIBUNAL SUPERIOR ELEITORAL;070025;TRIBUNAL REGIONAL ELEITORAL DO D. FEDERAL;02061057042690001;4269;PLEITOS ELEITORAIS;0002;ATUALIZACAO E MANUTENCAO DO SISTEMA DE VOTACAO E APURACAO;084799;UEL MANPREV;MANUTENCAO PREVENTIVA DE URNAS ELETRONICAS;0100;RECURSOS ORDINARIOS;1;ORCAMENTO FISCAL;3;DESPESAS CORRENTES;3;OUTRAS DESPESAS CORRENTES;40;SERVICOS DE TECNOLOGIA DA INFORMACAO E COMUNICACAO - PJ;339040;SERVICOS DE TECNOLOGIA DA INFORMACAO E COMUNICACAO - PJ;33904012;MANUTENCAO E CONSERVACAO DE EQUIPAMENTOS DE TIC;3;ESTIMATIVO;12;PREGAO;-8;27/04/2018;ABR/2018;2018;070025000012018NE000223;00055133620166078100;16CT0011 - PRESTACAO DE SERVICOS DE CONSERVACAO DE URNAS ELETRONICAS, CONFORMECONTRATO Nº 11/2016. PREGAO ELETRONICO Nº 21/2015. TERMO ADITIVO Nº 01.;14517554000175;LOTUS CONSULTORIA COMERCIO E LOGISTICA LTDA - EPP;;;;;;;;85.268,70;;;;;;;;;;;;
14101;TRIBUNAL SUPERIOR ELEITORAL;070025;TRIBUNAL REGIONAL ELEITORAL DO D. FEDERAL;02061057042690001;4269;PLEITOS ELEITORAIS;0002;ATUALIZACAO E MANUTENCAO DO SISTEMA DE VOTACAO E APURACAO;084799;UEL MANPREV;MANUTENCAO PREVENTIVA DE URNAS ELETRONICAS;0100;RECURSOS ORDINARIOS;1;ORCAMENTO FISCAL;3;DESPESAS CORRENTES;3;OUTRAS DESPESAS CORRENTES;40;SERVICOS DE TECNOLOGIA DA INFORMACAO E COMUNICACAO - PJ;339040;SERVICOS DE TECNOLOGIA DA INFORMACAO E COMUNICACAO - PJ;33904012;MANUTENCAO E CONSERVACAO DE EQUIPAMENTOS DE TIC;3;ESTIMATIVO;12;PREGAO;-8;27/04/2018;ABR/2018;2018;070025000012018NE000223;00055133620166078100;16CT0011 - PRESTACAO DE SERVICOS DE CONSERVACAO DE URNAS ELETRONICAS, CONFORMECONTRATO Nº 11/2016. PREGAO ELETRONICO Nº 21/2015. TERMO ADITIVO Nº 01.       REFORCO.;14517554000175;LOTUS CONSULTORIA COMERCIO E LOGISTICA LTDA - EPP;;;;;;;;26.269,65;;;;;;;;;;;;
14101;TRIBUNAL SUPERIOR ELEITORAL;070025;TRIBUNAL REGIONAL ELEITORAL DO D. FEDERAL;02061057042690001;4269;PLEITOS ELEITORAIS;0002;ATUALIZACAO E MANUTENCAO DO SISTEMA DE VOTACAO E APURACAO;084799;UEL MANPREV;MANUTENCAO PREVENTIVA DE URNAS ELETRONICAS;0100;RECURSOS ORDINARIOS;1;ORCAMENTO FISCAL;3;DESPESAS CORRENTES;3;OUTRAS DESPESAS CORRENTES;40;SERVICOS DE TECNOLOGIA DA INFORMACAO E COMUNICACAO - PJ;339040;SERVICOS DE TECNOLOGIA DA INFORMACAO E COMUNICACAO - PJ;33904012;MANUTENCAO E CONSERVACAO DE EQUIPAMENTOS DE TIC;3;ESTIMATIVO;12;PREGAO;-8;27/04/2018;ABR/2018;2018;070025000012018NE000223;00055133620166078100;AJUSTE EMPENHO. PGTO NF 154. CONSERVACAO DE URNAS ELETRONICAS - 5O CICLO. RETENCAO IMP. FED. 9,45 (R$ 2.482,48) E ISS 5,00 ( R$ 1.313,48). PA 5513-36.2016.;14517554000175;LOTUS CONSULTORIA COMERCIO E LOGISTICA LTDA - EPP;;;;;;;;0,00;26.269,65;26.269,65;;;;;;;;;26.269,65;26.269,65
14101;TRIBUNAL SUPERIOR ELEITORAL;070025;TRIBUNAL REGIONAL ELEITORAL DO D. FEDERAL;02061057042690001;4269;PLEITOS ELEITORAIS;0002;ATUALIZACAO E MANUTENCAO DO SISTEMA DE VOTACAO E APURACAO;084799;UEL MANUTE;ELEIC-URNAS ELET- MANUTENCAO;0100;RECURSOS ORDINARIOS;1;ORCAMENTO FISCAL;3;DESPESAS CORRENTES;3;OUTRAS DESPESAS CORRENTES;39;OUTROS SERVICOS DE TERCEIROS PJ - OP.INT.ORC.;339039;OUTROS SERVICOS DE TERCEIROS - PESSOA JURIDICA;339039-9;NAO SE APLICA;-9;NAO SE APLICA;-9;NAO SE APLICA;-9;NAO SE APLICA;NAO SE APLICA;-9;-9;-9;ALTERACAO PARA EMISSAO DE NE. SERVICOS DE CONSERVACAO DE URNAS ELETRONICAS.   PAE 0005513-36.2016.6.07.8100;-9;NAO SE APLICA;;;111.538,35;;111.538,35;;;;;;;;;;;;;;;
14101;TRIBUNAL SUPERIOR ELEITORAL;070025;TRIBUNAL REGIONAL ELEITORAL DO D. FEDERAL;02061057042690001;4269;PLEITOS ELEITORAIS;0002;ATUALIZACAO E MANUTENCAO DO SISTEMA DE VOTACAO E APURACAO;084799;UEL MANUTE;ELEIC-URNAS ELET- MANUTENCAO;0100;RECURSOS ORDINARIOS;1;ORCAMENTO FISCAL;3;DESPESAS CORRENTES;3;OUTRAS DESPESAS CORRENTES;39;OUTROS SERVICOS DE TERCEIROS PJ - OP.INT.ORC.;339039;OUTROS SERVICOS DE TERCEIROS - PESSOA JURIDICA;339039-9;NAO SE APLICA;-9;NAO SE APLICA;-9;NAO SE APLICA;-9;NAO SE APLICA;NAO SE APLICA;-9;-9;-9;ALTERACAO PARA EMISSAO DE NE. SERVICOS DE CONSERVACAO DE URNAS ELETRONICAS.   PAE 0005513-36.2016.6.07.8100. CORRECAO DE ND.;-9;NAO SE APLICA;;;(111.538,35);;(111.538,35);;;;;;;;;;;;;;;
14101;TRIBUNAL SUPERIOR ELEITORAL;070025;TRIBUNAL REGIONAL ELEITORAL DO D. FEDERAL;02061057042690001;4269;PLEITOS ELEITORAIS;0002;ATUALIZACAO E MANUTENCAO DO SISTEMA DE VOTACAO E APURACAO;084799;UEL MANUTE;ELEIC-URNAS ELET- MANUTENCAO;0100;RECURSOS ORDINARIOS;1;ORCAMENTO FISCAL;3;DESPESAS CORRENTES;3;OUTRAS DESPESAS CORRENTES;40;SERVICOS DE TECNOLOGIA DA INFORMACAO E COMUNICACAO - PJ;339040;SERVICOS DE TECNOLOGIA DA INFORMACAO E COMUNICACAO - PJ;339040-9;NAO SE APLICA;-9;NAO SE APLICA;-9;NAO SE APLICA;-9;NAO SE APLICA;NAO SE APLICA;-9;-9;-9;16CT0011 - PRESTACAO DE SERVICOS DE CONSERVACAO DE URNAS ELETRONICAS, CONFORMECONTRATO Nº 11/2016. PREGAO ELETRONICO Nº 21/2015. TERMO ADITIVO Nº 01.;-9;NAO SE APLICA;;;;;(111.538,35);;;;;;;;;;;;;;;
14101;TRIBUNAL SUPERIOR ELEITORAL;070025;TRIBUNAL REGIONAL ELEITORAL DO D. FEDERAL;02061057042690001;4269;PLEITOS ELEITORAIS;0002;ATUALIZACAO E MANUTENCAO DO SISTEMA DE VOTACAO E APURACAO;084799;UEL MANUTE;ELEIC-URNAS ELET- MANUTENCAO;0100;RECURSOS ORDINARIOS;1;ORCAMENTO FISCAL;3;DESPESAS CORRENTES;3;OUTRAS DESPESAS CORRENTES;40;SERVICOS DE TECNOLOGIA DA INFORMACAO E COMUNICACAO - PJ;339040;SERVICOS DE TECNOLOGIA DA INFORMACAO E COMUNICACAO - PJ;339040-9;NAO SE APLICA;-9;NAO SE APLICA;-9;NAO SE APLICA;-9;NAO SE APLICA;NAO SE APLICA;-9;-9;-9;16CT0011 - PRESTACAO DE SERVICOS DE CONSERVACAO DE URNAS ELETRONICAS, CONFORMECONTRATO Nº 11/2016. PREGAO ELETRONICO Nº 21/2015. TERMO ADITIVO Nº 01.       ANULACAO DE SALDO PARA ALTERACAO DO PLANO INTERNO, POR ORIENTACAO DO TSE.;-9;NAO SE APLICA;;;;;85.268,70;;;;;;;;;;;;;;;
14101;TRIBUNAL SUPERIOR ELEITORAL;070025;TRIBUNAL REGIONAL ELEITORAL DO D. FEDERAL;02061057042690001;4269;PLEITOS ELEITORAIS;0002;ATUALIZACAO E MANUTENCAO DO SISTEMA DE VOTACAO E APURACAO;084799;UEL MANUTE;ELEIC-URNAS ELET- MANUTENCAO;0100;RECURSOS ORDINARIOS;1;ORCAMENTO FISCAL;3;DESPESAS CORRENTES;3;OUTRAS DESPESAS CORRENTES;40;SERVICOS DE TECNOLOGIA DA INFORMACAO E COMUNICACAO - PJ;339040;SERVICOS DE TECNOLOGIA DA INFORMACAO E COMUNICACAO - PJ;339040-9;NAO SE APLICA;-9;NAO SE APLICA;-9;NAO SE APLICA;-9;NAO SE APLICA;NAO SE APLICA;-9;-9;-9;16CT0011 - PRESTACAO DE SERVICOS DE CONSERVACAO DE URNAS ELETRONICAS, CONFORMECONTRATO Nº 11/2016. PREGAO ELETRONICO Nº 21/2015. TERMO ADITIVO Nº 01.       ANULACAO DE VALORES ESTORNADOS/PAGOS PARA ALTERACAO DE PI (ORIENTACAO DO TSE).;-9;NAO SE APLICA;;;;;26.269,65;;;;;;;;;;;;;;;
14101;TRIBUNAL SUPERIOR ELEITORAL;070025;TRIBUNAL REGIONAL ELEITORAL DO D. FEDERAL;02061057042690001;4269;PLEITOS ELEITORAIS;0002;ATUALIZACAO E MANUTENCAO DO SISTEMA DE VOTACAO E APURACAO;084799;UEL MANUTE;ELEIC-URNAS ELET- MANUTENCAO;0100;RECURSOS ORDINARIOS;1;ORCAMENTO FISCAL;3;DESPESAS CORRENTES;3;OUTRAS DESPESAS CORRENTES;40;SERVICOS DE TECNOLOGIA DA INFORMACAO E COMUNICACAO - PJ;339040;SERVICOS DE TECNOLOGIA DA INFORMACAO E COMUNICACAO - PJ;339040-9;NAO SE APLICA;-9;NAO SE APLICA;-9;NAO SE APLICA;-9;NAO SE APLICA;NAO SE APLICA;-9;-9;-9;ALTERACAO PARA EMISSAO DE NE. SERVICOS DE CONSERVACAO DE URNAS ELETRONICAS.   PAE 0005513-36.2016.6.07.8100. CORRECAO DE ND.;-9;NAO SE APLICA;;;111.538,35;;111.538,35;;;;;;;;;;;;;;;
14101;TRIBUNAL SUPERIOR ELEITORAL;070025;TRIBUNAL REGIONAL ELEITORAL DO D. FEDERAL;02061057042690001;4269;PLEITOS ELEITORAIS;0002;ATUALIZACAO E MANUTENCAO DO SISTEMA DE VOTACAO E APURACAO;084799;UEL MANUTE;ELEIC-URNAS ELET- MANUTENCAO;0100;RECURSOS ORDINARIOS;1;ORCAMENTO FISCAL;3;DESPESAS CORRENTES;3;OUTRAS DESPESAS CORRENTES;40;SERVICOS DE TECNOLOGIA DA INFORMACAO E COMUNICACAO - PJ;339040;SERVICOS DE TECNOLOGIA DA INFORMACAO E COMUNICACAO - PJ;339040-9;NAO SE APLICA;-9;NAO SE APLICA;-9;NAO SE APLICA;-9;NAO SE APLICA;NAO SE APLICA;-9;-9;-9;SERVICOS DE CONSERVACAO DE URNAS ELETRONICAS.                                 PAE 0005513-36.2016.6.07.8100                                                 ALTERACAO PARA MODIFICACAO DE PLANO INTERNO, POR ORIENTACAO DO TSE.;-9;NAO SE APLICA;;;(111.538,35);;(111.538,35);;;;;;;;;;;;;;;
14101;TRIBUNAL SUPERIOR ELEITORAL;070025;TRIBUNAL REGIONAL ELEITORAL DO D. FEDERAL;02061057042690001;4269;PLEITOS ELEITORAIS;0002;ATUALIZACAO E MANUTENCAO DO SISTEMA DE VOTACAO E APURACAO;084799;UEL MANUTE;ELEIC-URNAS ELET- MANUTENCAO;0100;RECURSOS ORDINARIOS;1;ORCAMENTO FISCAL;3;DESPESAS CORRENTES;3;OUTRAS DESPESAS CORRENTES;40;SERVICOS DE TECNOLOGIA DA INFORMACAO E COMUNICACAO - PJ;339040;SERVICOS DE TECNOLOGIA DA INFORMACAO E COMUNICACAO - PJ;33904012;MANUTENCAO E CONSERVACAO DE EQUIPAMENTOS DE TIC;3;ESTIMATIVO;12;PREGAO;-8;18/01/2018;JAN/2018;2018;070025000012018NE000067;00055133620166078100;16CT0011 - PRESTACAO DE SERVICOS DE CONSERVACAO DE URNAS ELETRONICAS, CONFORMECONTRATO Nº 11/2016. PREGAO ELETRONICO Nº 21/2015. TERMO ADITIVO Nº 01.;14517554000175;LOTUS CONSULTORIA COMERCIO E LOGISTICA LTDA - EPP;;;;;;;;111.538,35;;;;;;;;;;;;
14101;TRIBUNAL SUPERIOR ELEITORAL;070025;TRIBUNAL REGIONAL ELEITORAL DO D. FEDERAL;02061057042690001;4269;PLEITOS ELEITORAIS;0002;ATUALIZACAO E MANUTENCAO DO SISTEMA DE VOTACAO E APURACAO;084799;UEL MANUTE;ELEIC-URNAS ELET- MANUTENCAO;0100;RECURSOS ORDINARIOS;1;ORCAMENTO FISCAL;3;DESPESAS CORRENTES;3;OUTRAS DESPESAS CORRENTES;40;SERVICOS DE TECNOLOGIA DA INFORMACAO E COMUNICACAO - PJ;339040;SERVICOS DE TECNOLOGIA DA INFORMACAO E COMUNICACAO - PJ;33904012;MANUTENCAO E CONSERVACAO DE EQUIPAMENTOS DE TIC;3;ESTIMATIVO;12;PREGAO;-8;18/01/2018;JAN/2018;2018;070025000012018NE000067;00055133620166078100;16CT0011 - PRESTACAO DE SERVICOS DE CONSERVACAO DE URNAS ELETRONICAS, CONFORMECONTRATO Nº 11/2016. PREGAO ELETRONICO Nº 21/2015. TERMO ADITIVO Nº 01.       ANULACAO DE SALDO PARA ALTERACAO DO PLANO INTERNO, POR ORIENTACAO DO TSE.;14517554000175;LOTUS CONSULTORIA COMERCIO E LOGISTICA LTDA - EPP;;;;;;;;(85.268,70);;;;;;;;;;;;
14101;TRIBUNAL SUPERIOR ELEITORAL;070025;TRIBUNAL REGIONAL ELEITORAL DO D. FEDERAL;02061057042690001;4269;PLEITOS ELEITORAIS;0002;ATUALIZACAO E MANUTENCAO DO SISTEMA DE VOTACAO E APURACAO;084799;UEL MANUTE;ELEIC-URNAS ELET- MANUTENCAO;0100;RECURSOS ORDINARIOS;1;ORCAMENTO FISCAL;3;DESPESAS CORRENTES;3;OUTRAS DESPESAS CORRENTES;40;SERVICOS DE TECNOLOGIA DA INFORMACAO E COMUNICACAO - PJ;339040;SERVICOS DE TECNOLOGIA DA INFORMACAO E COMUNICACAO - PJ;33904012;MANUTENCAO E CONSERVACAO DE EQUIPAMENTOS DE TIC;3;ESTIMATIVO;12;PREGAO;-8;18/01/2018;JAN/2018;2018;070025000012018NE000067;00055133620166078100;16CT0011 - PRESTACAO DE SERVICOS DE CONSERVACAO DE URNAS ELETRONICAS, CONFORMECONTRATO Nº 11/2016. PREGAO ELETRONICO Nº 21/2015. TERMO ADITIVO Nº 01.       ANULACAO DE VALORES ESTORNADOS/PAGOS PARA ALTERACAO DE PI (ORIENTACAO DO TSE).;14517554000175;LOTUS CONSULTORIA COMERCIO E LOGISTICA LTDA - EPP;;;;;;;;(26.269,65);;;;;;;;;;;;
14101;TRIBUNAL SUPERIOR ELEITORAL;070025;TRIBUNAL REGIONAL ELEITORAL DO D. FEDERAL;02061057042690001;4269;PLEITOS ELEITORAIS;0002;ATUALIZACAO E MANUTENCAO DO SISTEMA DE VOTACAO E APURACAO;084799;UEL MANUTE;ELEIC-URNAS ELET- MANUTENCAO;0100;RECURSOS ORDINARIOS;1;ORCAMENTO FISCAL;3;DESPESAS CORRENTES;3;OUTRAS DESPESAS CORRENTES;40;SERVICOS DE TECNOLOGIA DA INFORMACAO E COMUNICACAO - PJ;339040;SERVICOS DE TECNOLOGIA DA INFORMACAO E COMUNICACAO - PJ;33904012;MANUTENCAO E CONSERVACAO DE EQUIPAMENTOS DE TIC;3;ESTIMATIVO;12;PREGAO;-8;18/01/2018;JAN/2018;2018;070025000012018NE000067;00055133620166078100;AJUSTE EMPENHO. PGTO NF 154. CONSERVACAO DE URNAS ELETRONICAS - 5O CICLO. RETENCAO IMP. FED. 9,45 (R$ 2.482,48) E ISS 5,00 ( R$ 1.313,48). PA 5513-36.2016.;14517554000175;LOTUS CONSULTORIA COMERCIO E LOGISTICA LTDA - EPP;;;;;;;;0,00;(26.269,65);(26.269,65);;;;;;;;;(26.269,65);(26.269,65)
14101;TRIBUNAL SUPERIOR ELEITORAL;070025;TRIBUNAL REGIONAL ELEITORAL DO D. FEDERAL;02061057042690001;4269;PLEITOS ELEITORAIS;0002;ATUALIZACAO E MANUTENCAO DO SISTEMA DE VOTACAO E APURACAO;084799;UEL MANUTE;ELEIC-URNAS ELET- MANUTENCAO;0100;RECURSOS ORDINARIOS;1;ORCAMENTO FISCAL;3;DESPESAS CORRENTES;3;OUTRAS DESPESAS CORRENTES;40;SERVICOS DE TECNOLOGIA DA INFORMACAO E COMUNICACAO - PJ;339040;SERVICOS DE TECNOLOGIA DA INFORMACAO E COMUNICACAO - PJ;33904012;MANUTENCAO E CONSERVACAO DE EQUIPAMENTOS DE TIC;3;ESTIMATIVO;12;PREGAO;-8;18/01/2018;JAN/2018;2018;070025000012018NE000067;00055133620166078100;PGTO NF 154. CONSERVACAO DE URNAS ELETRONICAS - 5O CICLO. RETENCAO IMP. FED. 9,45 (R$ 2.482,48) E ISS 5,00 ( R$ 1.313,48). PA 5513-36.2016.;14517554000175;LOTUS CONSULTORIA COMERCIO E LOGISTICA LTDA - EPP;;;;;;;;0,00;26.269,65;26.269,65;;;;;;;;;26.269,65;26.269,65
14101;TRIBUNAL SUPERIOR ELEITORAL;070025;TRIBUNAL REGIONAL ELEITORAL DO D. FEDERAL;02126057078320001;7832;IMPLANTACAO DO SISTEMA DE AUTOMACAO DE IDENTIFICACAO DO ELEI;0000;IMPLANTACAO DO SISTEMA DE AUTOMACAO DE IDENTIFICACAO DO ELEITOR;059581;REV APOIO;REVISAO - APOIO TEC. ADM E OPERAC.;0100;RECURSOS ORDINARIOS;1;ORCAMENTO FISCAL;3;DESPESAS CORRENTES;3;OUTRAS DESPESAS CORRENTES;37;LOCACAO DE MAO-DE-OBRA;339037;LOCACAO DE MAO-DE-OBRA;33903701;APOIO ADMINISTRATIVO, TECNICO E OPERACIONAL;3;ESTIMATIVO;12;PREGAO;-8;05/05/2014;MAI/2014;2014;070025000012014NE000366;6912/13;NAO SE APLICA;01757138000100;ZARCONE - CONSTRUCOES SERVICOS E TRANSPORTE LTDA - EPP;;;;;;;;;;;;;;6.068,72;;;;6.068,72;;
14101;TRIBUNAL SUPERIOR ELEITORAL;070025;TRIBUNAL REGIONAL ELEITORAL DO D. FEDERAL;02126057078320001;7832;IMPLANTACAO DO SISTEMA DE AUTOMACAO DE IDENTIFICACAO DO ELEI;0000;IMPLANTACAO DO SISTEMA DE AUTOMACAO DE IDENTIFICACAO DO ELEITOR;059581;REV APOIO;REVISAO - APOIO TEC. ADM E OPERAC.;0100;RECURSOS ORDINARIOS;1;ORCAMENTO FISCAL;3;DESPESAS CORRENTES;3;OUTRAS DESPESAS CORRENTES;37;LOCACAO DE MAO-DE-OBRA;339037;LOCACAO DE MAO-DE-OBRA;33903701;APOIO ADMINISTRATIVO, TECNICO E OPERACIONAL;5;GLOBAL;12;PREGAO;-8;07/02/2014;FEV/2014;2014;070025000012014NE000151;6912/13;NAO SE APLICA;01757138000100;ZARCONE - CONSTRUCOES SERVICOS E TRANSPORTE LTDA - EPP;;;;;;;;;;;;;;4.956,11;;;;4.956,11;;
14101;TRIBUNAL SUPERIOR ELEITORAL;070025;TRIBUNAL REGIONAL ELEITORAL DO D. FEDERAL;02126057078320001;7832;IMPLANTACAO DO SISTEMA DE AUTOMACAO DE IDENTIFICACAO DO ELEI;0000;IMPLANTACAO DO SISTEMA DE AUTOMACAO DE IDENTIFICACAO DO ELEITOR;059581;REV APOIO;REVISAO - APOIO TEC. ADM E OPERAC.;0100;RECURSOS ORDINARIOS;1;ORCAMENTO FISCAL;3;DESPESAS CORRENTES;3;OUTRAS DESPESAS CORRENTES;37;LOCACAO DE MAO-DE-OBRA;339037;LOCACAO DE MAO-DE-OBRA;33903728;SUPORTE A USUARIOS DE T.I.;3;ESTIMATIVO;12;PREGAO;-8;20/02/2014;FEV/2014;2014;070025000012014NE000230;12427/13;NAO SE APLICA;09589945000165;INTERATIVA SERVICOS E EQUIPAMENTOS DE INFORMATICA LTDA;;;;;;;;;;;;;;18.400,00;;;;18.400,00;;
14101;TRIBUNAL SUPERIOR ELEITORAL;070025;TRIBUNAL REGIONAL ELEITORAL DO D. FEDERAL;02126057078320001;7832;IMPLANTACAO DO SISTEMA DE AUTOMACAO DE IDENTIFICACAO DO ELEI;0000;IMPLANTACAO DO SISTEMA DE AUTOMACAO DE IDENTIFICACAO DO ELEITOR;059581;REV APOIO;REVISAO - APOIO TEC. ADM E OPERAC.;0100;RECURSOS ORDINARIOS;1;ORCAMENTO FISCAL;3;DESPESAS CORRENTES;3;OUTRAS DESPESAS CORRENTES;37;LOCACAO DE MAO-DE-OBRA;339037;LOCACAO DE MAO-DE-OBRA;33903728;SUPORTE A USUARIOS DE T.I.;5;GLOBAL;12;PREGAO;-8;19/08/2013;AGO/2013;2013;070025000012013NE000581;12427/13;NAO SE APLICA;09589945000165;INTERATIVA SERVICOS E EQUIPAMENTOS DE INFORMATICA LTDA;;;;;;;;;;;;;;17.763,99;;;;17.763,99;;
14101;TRIBUNAL SUPERIOR ELEITORAL;070025;TRIBUNAL REGIONAL ELEITORAL DO D. FEDERAL;02126057078320001;7832;IMPLANTACAO DO SISTEMA DE AUTOMACAO DE IDENTIFICACAO DO ELEI;0000;IMPLANTACAO DO SISTEMA DE AUTOMACAO DE IDENTIFICACAO DO ELEITOR;059581;REV APOIO;REVISAO - APOIO TEC. ADM E OPERAC.;0100;RECURSOS ORDINARIOS;1;ORCAMENTO FISCAL;3;DESPESAS CORRENTES;3;OUTRAS DESPESAS CORRENTES;37;LOCACAO DE MAO-DE-OBRA;339037;LOCACAO DE MAO-DE-OBRA;33903728;SUPORTE A USUARIOS DE T.I.;5;GLOBAL;12;PREGAO;-8;20/02/2014;FEV/2014;2014;070025000012014NE000229;12427/13;NAO SE APLICA;09589945000165;INTERATIVA SERVICOS E EQUIPAMENTOS DE INFORMATICA LTDA;;;;;;;;;;;;;;4.380,51;;;;4.380,51;;
14107;TRIBUNAL REGIONAL ELEITORAL DO DIST. FEDERAL;070001;SECRETARIA DE ADMINISTRACAO - TSE;02122057020GP0053;20GP;JULGAMENTO DE CAUSAS E GESTAO ADMINISTRATIVA NA JUSTICA ELEI;0001;JULGAMENTO DE CAUSAS E GESTAO ADMINISTRATIVA;084782;AOSI APOIO;APOIO ADMINSITRATIVO TECNICO E OPERACIONAL;0100;RECURSOS ORDINARIOS;1;ORCAMENTO FISCAL;3;DESPESAS CORRENTES;3;OUTRAS DESPESAS CORRENTES;39;OUTROS SERVICOS DE TERCEIROS PJ - OP.INT.ORC.;339039;OUTROS SERVICOS DE TERCEIROS - PESSOA JURIDICA;33903927;SUPORTE DE INFRAESTRUTURA DE T.I.;3;ESTIMATIVO;12;PREGAO;-8;25/10/2017;OUT/2017;2017;070001000012017NE001815;2017.12744-0;NAO SE APLICA;01644731000132;CTIS TECNOLOGIA S.A;;;;;;;;;;;;;116.250,93;;;;;116.250,93;;
14107;TRIBUNAL REGIONAL ELEITORAL DO DIST. FEDERAL;070001;SECRETARIA DE ADMINISTRACAO - TSE;02122057020GP0053;20GP;JULGAMENTO DE CAUSAS E GESTAO ADMINISTRATIVA NA JUSTICA ELEI;0001;JULGAMENTO DE CAUSAS E GESTAO ADMINISTRATIVA;084782;AOSI APOIO;APOIO ADMINSITRATIVO TECNICO E OPERACIONAL;0100;RECURSOS ORDINARIOS;1;ORCAMENTO FISCAL;3;DESPESAS CORRENTES;3;OUTRAS DESPESAS CORRENTES;39;OUTROS SERVICOS DE TERCEIROS PJ - OP.INT.ORC.;339039;OUTROS SERVICOS DE TERCEIROS - PESSOA JURIDICA;33903927;SUPORTE DE INFRAESTRUTURA DE T.I.;3;ESTIMATIVO;12;PREGAO;-8;25/10/2017;OUT/2017;2017;070001000012017NE001815;2017.12744-0;PER DEZ/17  NF 88446 SERV SUPORTE EQUIPES GESTAO DE INFRAESTRUT. TECNOLOG DA JUST ELEIT TSE E TRES CT 16/15. PROC 2018.958-3.  BASE 3,5.100 DE 129503,43 CTIS;01644731000132;CTIS TECNOLOGIA S.A;;;;;;;;;;;;;;;;0,00;3.518,19;(3.518,19);0,00;3.518,19
14107;TRIBUNAL REGIONAL ELEITORAL DO DIST. FEDERAL;070001;SECRETARIA DE ADMINISTRACAO - TSE;02122057020GP0053;20GP;JULGAMENTO DE CAUSAS E GESTAO ADMINISTRATIVA NA JUSTICA ELEI;0001;JULGAMENTO DE CAUSAS E GESTAO ADMINISTRATIVA;084782;AOSI APOIO;APOIO ADMINSITRATIVO TECNICO E OPERACIONAL;0100;RECURSOS ORDINARIOS;1;ORCAMENTO FISCAL;3;DESPESAS CORRENTES;3;OUTRAS DESPESAS CORRENTES;39;OUTROS SERVICOS DE TERCEIROS PJ - OP.INT.ORC.;339039;OUTROS SERVICOS DE TERCEIROS - PESSOA JURIDICA;33903927;SUPORTE DE INFRAESTRUTURA DE T.I.;3;ESTIMATIVO;12;PREGAO;-8;25/10/2017;OUT/2017;2017;070001000012017NE001815;2017.12744-0;PER DEZ/17  NF 88446 SERV SUPORTE EQUIPES GESTAO DE INFRAESTRUT. TECNOLOG DA JUST ELEIT TSE E TRES CT:16/15. PROC 2018.958-3.  UF: DF;01644731000132;CTIS TECNOLOGIA S.A;;;;;;;;;;;;;;;;116.250,93;106.257,57;(106.257,57);116.250,93;106.257,57
14107;TRIBUNAL REGIONAL ELEITORAL DO DIST. FEDERAL;070001;SECRETARIA DE ADMINISTRACAO - TSE;02122057020GP0053;20GP;JULGAMENTO DE CAUSAS E GESTAO ADMINISTRATIVA NA JUSTICA ELEI;0001;JULGAMENTO DE CAUSAS E GESTAO ADMINISTRATIVA;084782;AOSI APOIO;APOIO ADMINSITRATIVO TECNICO E OPERACIONAL;0100;RECURSOS ORDINARIOS;1;ORCAMENTO FISCAL;3;DESPESAS CORRENTES;3;OUTRAS DESPESAS CORRENTES;39;OUTROS SERVICOS DE TERCEIROS PJ - OP.INT.ORC.;339039;OUTROS SERVICOS DE TERCEIROS - PESSOA JURIDICA;33903927;SUPORTE DE INFRAESTRUTURA DE T.I.;3;ESTIMATIVO;12;PREGAO;-8;25/10/2017;OUT/2017;2017;070001000012017NE001815;2017.12744-0;PER DEZ/17  NF 88446 SERV SUPORTE EQUIPES GESTAO DE INFRAESTRUT. TECNOLOG DA JUST ELEIT TSE E TRES CT:16/15. PROC 2018.958-3. UF: DF;01644731000132;CTIS TECNOLOGIA S.A;;;;;;;;;;;;;;;;0,00;6.475,17;(6.475,17);0,00;6.475,17
14107;TRIBUNAL REGIONAL ELEITORAL DO DIST. FEDERAL;070025;TRIBUNAL REGIONAL ELEITORAL DO D. FEDERAL;02122057009HB0053;09HB;CONTRIBUICAO DA UNIAO, DE SUAS AUTARQUIAS E FUNDACOES PARA O;0000;CONTRIBUICAO DA UNIAO, DE SUAS AUTARQUIAS E FUNDACOES PARA O CUSTEIO DO REGIME DE PREVIDENCIA DOS SERVIDORES PUBLICOS FEDERAIS;084773;FOL SERVID;PESSOAL - FOLHA DE SERVIDORES;0188;REMUNERACAO DAS DISPONIB. DO TESOURO NACIONAL;1;ORCAMENTO FISCAL;3;DESPESAS CORRENTES;1;PESSOAL E ENCARGOS SOCIAIS;13;OBRIGACOES PATRONAIS;319113;OBRIGACOES PATRONAIS - OP.INTRA-ORCAMENTARIAS;31911303;CONTRIBUICAO PATRONAL PARA O RPPS;5;GLOBAL;08;NAO SE APLICA;-8;09/12/2016;DEZ/2016;2016;070025000012016NE000744;OBRIGACOES PATRONAIS;NAO SE APLICA;170502;SECRETARIA DO TESOURO NACIONAL/COFIN/STN;;;;;;;;;;;;;;25.801,30;;;;25.801,30;;
14107;TRIBUNAL REGIONAL ELEITORAL DO DIST. FEDERAL;070025;TRIBUNAL REGIONAL ELEITORAL DO D. FEDERAL;02122057020GP0053;20GP;JULGAMENTO DE CAUSAS E GESTAO ADMINISTRATIVA NA JUSTICA ELEI;0001;JULGAMENTO DE CAUSAS E GESTAO ADMINISTRATIVA;084782;-8;SEM INFORMACAO;0100;RECURSOS ORDINARIOS;1;ORCAMENTO FISCAL;3;DESPESAS CORRENTES;3;OUTRAS DESPESAS CORRENTES;00;[A DETALHAR];339000;APLICACOES DIRETAS;339000-9;NAO SE APLICA;-9;NAO SE APLICA;-9;NAO SE APLICA;-9;NAO SE APLICA;NAO SE APLICA;-9;-9;-9;ALTERACAO DE FONTE (PA 0002171-80.2017.6.07.8100);-9;NAO SE APLICA;66.774,49;66.774,49;;;66.774,49;;;;;;;;;;;;;;;
14107;TRIBUNAL REGIONAL ELEITORAL DO DIST. FEDERAL;070025;TRIBUNAL REGIONAL ELEITORAL DO D. FEDERAL;02122057020GP0053;20GP;JULGAMENTO DE CAUSAS E GESTAO ADMINISTRATIVA NA JUSTICA ELEI;0001;JULGAMENTO DE CAUSAS E GESTAO ADMINISTRATIVA;084782;-8;SEM INFORMACAO;0100;RECURSOS ORDINARIOS;1;ORCAMENTO FISCAL;3;DESPESAS CORRENTES;3;OUTRAS DESPESAS CORRENTES;00;[A DETALHAR];339000;APLICACOES DIRETAS;339000-9;NAO SE APLICA;-9;NAO SE APLICA;-9;NAO SE APLICA;-9;NAO SE APLICA;NAO SE APLICA;-9;-9;-9;ALTERACAO DE FONTE.;-9;NAO SE APLICA;37.648,35;37.648,35;;;37.648,35;;;;;;;;;;;;;;;
14107;TRIBUNAL REGIONAL ELEITORAL DO DIST. FEDERAL;070025;TRIBUNAL REGIONAL ELEITORAL DO D. FEDERAL;02122057020GP0053;20GP;JULGAMENTO DE CAUSAS E GESTAO ADMINISTRATIVA NA JUSTICA ELEI;0001;JULGAMENTO DE CAUSAS E GESTAO ADMINISTRATIVA;084782;-8;SEM INFORMACAO;0100;RECURSOS ORDINARIOS;1;ORCAMENTO FISCAL;3;DESPESAS CORRENTES;3;OUTRAS DESPESAS CORRENTES;00;[A DETALHAR];339000;APLICACOES DIRETAS;339000-9;NAO SE APLICA;-9;NAO SE APLICA;-9;NAO SE APLICA;-9;NAO SE APLICA;NAO SE APLICA;-9;-9;-9;ALTERACAO P/ EMISSAO DE NE - FORNECIMENTO DE ENERGIA ELETRICA E CONTRIBUICAO  DE ILUMINACAO PUBLICA - CAE DA CEILANDIA. PAE 0000253-41.2017.6.07.8100;-9;NAO SE APLICA;(28.000,00);(28.000,00);;;(28.000,00);;;;;;;;;;;;;;;
14107;TRIBUNAL REGIONAL ELEITORAL DO DIST. FEDERAL;070025;TRIBUNAL REGIONAL ELEITORAL DO D. FEDERAL;02122057020GP0053;20GP;JULGAMENTO DE CAUSAS E GESTAO ADMINISTRATIVA NA JUSTICA ELEI;0001;JULGAMENTO DE CAUSAS E GESTAO ADMINISTRATIVA;084782;-8;SEM INFORMACAO;0100;RECURSOS ORDINARIOS;1;ORCAMENTO FISCAL;3;DESPESAS CORRENTES;3;OUTRAS DESPESAS CORRENTES;00;[A DETALHAR];339000;APLICACOES DIRETAS;339000-9;NAO SE APLICA;-9;NAO SE APLICA;-9;NAO SE APLICA;-9;NAO SE APLICA;NAO SE APLICA;-9;-9;-9;ALTERACAO P/ EMISSAO DE NE - PRESTACAO DE SERVICOS DE MANUTENCAO DE APARELHOS DE AR CONDICIONADO, CONTRATO Nº 09/13. (PA 0002805-13.2016.6.07.8100);-9;NAO SE APLICA;(51.431,54);(51.431,54);;;(51.431,54);;;;;;;;;;;;;;;
14107;TRIBUNAL REGIONAL ELEITORAL DO DIST. FEDERAL;070025;TRIBUNAL REGIONAL ELEITORAL DO D. FEDERAL;02122057020GP0053;20GP;JULGAMENTO DE CAUSAS E GESTAO ADMINISTRATIVA NA JUSTICA ELEI;0001;JULGAMENTO DE CAUSAS E GESTAO ADMINISTRATIVA;084782;-8;SEM INFORMACAO;0100;RECURSOS ORDINARIOS;1;ORCAMENTO FISCAL;3;DESPESAS CORRENTES;3;OUTRAS DESPESAS CORRENTES;00;[A DETALHAR];339000;APLICACOES DIRETAS;339000-9;NAO SE APLICA;-9;NAO SE APLICA;-9;NAO SE APLICA;-9;NAO SE APLICA;NAO SE APLICA;-9;-9;-9;ALTERACAO PARA EMISSAO DE EE - PRESTACAO DE SERVICOS DE TELECOMUNICACAO.      (PA 0002098-45.2016.6.07.8100)                                                TERMO ADITIVO Nº 01 AO CONTRATO Nº 13/2016.;-9;NAO SE APLICA;(42.560,00);(42.560,00);;;(42.560,00);;;;;;;;;;;;;;;
14107;TRIBUNAL REGIONAL ELEITORAL DO DIST. FEDERAL;070025;TRIBUNAL REGIONAL ELEITORAL DO D. FEDERAL;02122057020GP0053;20GP;JULGAMENTO DE CAUSAS E GESTAO ADMINISTRATIVA NA JUSTICA ELEI;0001;JULGAMENTO DE CAUSAS E GESTAO ADMINISTRATIVA;084782;-8;SEM INFORMACAO;0100;RECURSOS ORDINARIOS;1;ORCAMENTO FISCAL;3;DESPESAS CORRENTES;3;OUTRAS DESPESAS CORRENTES;00;[A DETALHAR];339000;APLICACOES DIRETAS;339000-9;NAO SE APLICA;-9;NAO SE APLICA;-9;NAO SE APLICA;-9;NAO SE APLICA;NAO SE APLICA;-9;-9;-9;ALTERACAO PARA EMISSAO DE NE - BACKBONE (PA 0002098-45.2016.6.07.8100);-9;NAO SE APLICA;(684.592,84);(684.592,84);;;(684.592,84);;;;;;;;;;;;;;;
14107;TRIBUNAL REGIONAL ELEITORAL DO DIST. FEDERAL;070025;TRIBUNAL REGIONAL ELEITORAL DO D. FEDERAL;02122057020GP0053;20GP;JULGAMENTO DE CAUSAS E GESTAO ADMINISTRATIVA NA JUSTICA ELEI;0001;JULGAMENTO DE CAUSAS E GESTAO ADMINISTRATIVA;084782;-8;SEM INFORMACAO;0100;RECURSOS ORDINARIOS;1;ORCAMENTO FISCAL;3;DESPESAS CORRENTES;3;OUTRAS DESPESAS CORRENTES;00;[A DETALHAR];339000;APLICACOES DIRETAS;339000-9;NAO SE APLICA;-9;NAO SE APLICA;-9;NAO SE APLICA;-9;NAO SE APLICA;NAO SE APLICA;-9;-9;-9;ALTERACAO PARA EMISSAO DE NE - CONTRATO Nº4/2018 PARA SERVICOS DE ENCADERNACAOEM CAPA DURA, ENCADERNACAO EM ESPIRAL E REPRODUCAO DE DOCUMENTOS.             (PA 0000195-04.2018.6.07.8100);-9;NAO SE APLICA;(4.010,00);(4.010,00);;;(4.010,00);;;;;;;;;;;;;;;
14107;TRIBUNAL REGIONAL ELEITORAL DO DIST. FEDERAL;070025;TRIBUNAL REGIONAL ELEITORAL DO D. FEDERAL;02122057020GP0053;20GP;JULGAMENTO DE CAUSAS E GESTAO ADMINISTRATIVA NA JUSTICA ELEI;0001;JULGAMENTO DE CAUSAS E GESTAO ADMINISTRATIVA;084782;-8;SEM INFORMACAO;0100;RECURSOS ORDINARIOS;1;ORCAMENTO FISCAL;3;DESPESAS CORRENTES;3;OUTRAS DESPESAS CORRENTES;00;[A DETALHAR];339000;APLICACOES DIRETAS;339000-9;NAO SE APLICA;-9;NAO SE APLICA;-9;NAO SE APLICA;-9;NAO SE APLICA;NAO SE APLICA;-9;-9;-9;ALTERACAO PARA EMISSAO DE NE - CONTRIBUICAO DE ILUMINACAO PUBLICA.            (PA 0000217-33.2016.6.07.8100);-9;NAO SE APLICA;(67.000,00);(67.000,00);;;(67.000,00);;;;;;;;;;;;;;;
14107;TRIBUNAL REGIONAL ELEITORAL DO DIST. FEDERAL;070025;TRIBUNAL REGIONAL ELEITORAL DO D. FEDERAL;02122057020GP0053;20GP;JULGAMENTO DE CAUSAS E GESTAO ADMINISTRATIVA NA JUSTICA ELEI;0001;JULGAMENTO DE CAUSAS E GESTAO ADMINISTRATIVA;084782;-8;SEM INFORMACAO;0100;RECURSOS ORDINARIOS;1;ORCAMENTO FISCAL;3;DESPESAS CORRENTES;3;OUTRAS DESPESAS CORRENTES;00;[A DETALHAR];339000;APLICACOES DIRETAS;339000-9;NAO SE APLICA;-9;NAO SE APLICA;-9;NAO SE APLICA;-9;NAO SE APLICA;NAO SE APLICA;-9;-9;-9;ALTERACAO PARA EMISSAO DE NE - DIARIAS PARA MEMBROS E SERVIDORES;-9;NAO SE APLICA;(45.000,00);(45.000,00);;;(45.000,00);;;;;;;;;;;;;;;
14107;TRIBUNAL REGIONAL ELEITORAL DO DIST. FEDERAL;070025;TRIBUNAL REGIONAL ELEITORAL DO D. FEDERAL;02122057020GP0053;20GP;JULGAMENTO DE CAUSAS E GESTAO ADMINISTRATIVA NA JUSTICA ELEI;0001;JULGAMENTO DE CAUSAS E GESTAO ADMINISTRATIVA;084782;-8;SEM INFORMACAO;0100;RECURSOS ORDINARIOS;1;ORCAMENTO FISCAL;3;DESPESAS CORRENTES;3;OUTRAS DESPESAS CORRENTES;00;[A DETALHAR];339000;APLICACOES DIRETAS;339000-9;NAO SE APLICA;-9;NAO SE APLICA;-9;NAO SE APLICA;-9;NAO SE APLICA;NAO SE APLICA;-9;-9;-9;ALTERACAO PARA EMISSAO DE NE - FORNECIMENTO DE GAS LIQUEFEITO DE PETROLEO(GLP)(PA 0004192-29.2017.6.07.8100);-9;NAO SE APLICA;(4.500,00);(4.500,00);;;(4.500,00);;;;;;;;;;;;;;;
14107;TRIBUNAL REGIONAL ELEITORAL DO DIST. FEDERAL;070025;TRIBUNAL REGIONAL ELEITORAL DO D. FEDERAL;02122057020GP0053;20GP;JULGAMENTO DE CAUSAS E GESTAO ADMINISTRATIVA NA JUSTICA ELEI;0001;JULGAMENTO DE CAUSAS E GESTAO ADMINISTRATIVA;084782;-8;SEM INFORMACAO;0100;RECURSOS ORDINARIOS;1;ORCAMENTO FISCAL;3;DESPESAS CORRENTES;3;OUTRAS DESPESAS CORRENTES;00;[A DETALHAR];339000;APLICACOES DIRETAS;339000-9;NAO SE APLICA;-9;NAO SE APLICA;-9;NAO SE APLICA;-9;NAO SE APLICA;NAO SE APLICA;-9;-9;-9;ALTERACAO PARA EMISSAO DE NE - FORNECIMENTO PARCELADO DE MEDICAMENTOS CONSTAN TES NOS PERIODICOS. (PA 0002546-81.2017.6.07.8100);-9;NAO SE APLICA;(2.845,04);(2.845,04);;;(2.845,04);;;;;;;;;;;;;;;
14107;TRIBUNAL REGIONAL ELEITORAL DO DIST. FEDERAL;070025;TRIBUNAL REGIONAL ELEITORAL DO D. FEDERAL;02122057020GP0053;20GP;JULGAMENTO DE CAUSAS E GESTAO ADMINISTRATIVA NA JUSTICA ELEI;0001;JULGAMENTO DE CAUSAS E GESTAO ADMINISTRATIVA;084782;-8;SEM INFORMACAO;0100;RECURSOS ORDINARIOS;1;ORCAMENTO FISCAL;3;DESPESAS CORRENTES;3;OUTRAS DESPESAS CORRENTES;00;[A DETALHAR];339000;APLICACOES DIRETAS;339000-9;NAO SE APLICA;-9;NAO SE APLICA;-9;NAO SE APLICA;-9;NAO SE APLICA;NAO SE APLICA;-9;-9;-9;ALTERACAO PARA EMISSAO DE NE - MANUTENCAO DE VEICULOS (SERVICOS E PECAS)      PA 0003280-32.2017;-9;NAO SE APLICA;(40.000,00);(40.000,00);;;(40.000,00);;;;;;;;;;;;;;;
14107;TRIBUNAL REGIONAL ELEITORAL DO DIST. FEDERAL;070025;TRIBUNAL REGIONAL ELEITORAL DO D. FEDERAL;02122057020GP0053;20GP;JULGAMENTO DE CAUSAS E GESTAO ADMINISTRATIVA NA JUSTICA ELEI;0001;JULGAMENTO DE CAUSAS E GESTAO ADMINISTRATIVA;084782;-8;SEM INFORMACAO;0100;RECURSOS ORDINARIOS;1;ORCAMENTO FISCAL;3;DESPESAS CORRENTES;3;OUTRAS DESPESAS CORRENTES;00;[A DETALHAR];339000;APLICACOES DIRETAS;339000-9;NAO SE APLICA;-9;NAO SE APLICA;-9;NAO SE APLICA;-9;NAO SE APLICA;NAO SE APLICA;-9;-9;-9;ALTERACAO PARA EMISSAO DE NE - PAGAMENTO DE TAXAS DE LACRE E DE FIXACAO DE PLACA DOS DOIS MEGANES (PA 0001494-84.2016.6.07.8100);-9;NAO SE APLICA;(138,00);(138,00);;;(138,00);;;;;;;;;;;;;;;
14107;TRIBUNAL REGIONAL ELEITORAL DO DIST. FEDERAL;070025;TRIBUNAL REGIONAL ELEITORAL DO D. FEDERAL;02122057020GP0053;20GP;JULGAMENTO DE CAUSAS E GESTAO ADMINISTRATIVA NA JUSTICA ELEI;0001;JULGAMENTO DE CAUSAS E GESTAO ADMINISTRATIVA;084782;-8;SEM INFORMACAO;0100;RECURSOS ORDINARIOS;1;ORCAMENTO FISCAL;3;DESPESAS CORRENTES;3;OUTRAS DESPESAS CORRENTES;00;[A DETALHAR];339000;APLICACOES DIRETAS;339000-9;NAO SE APLICA;-9;NAO SE APLICA;-9;NAO SE APLICA;-9;NAO SE APLICA;NAO SE APLICA;-9;-9;-9;ALTERACAO PARA EMISSAO DE NE - PRESTACAO DE SERVICOS CONTINUADOS DE MANUTENCAOPREDIAL, CONFORME O CONTRATO Nº 19/2016. (PA 0000846-07.2016.6.07.8100);-9;NAO SE APLICA;(263.863,60);(263.863,60);;;(263.863,60);;;;;;;;;;;;;;;
14107;TRIBUNAL REGIONAL ELEITORAL DO DIST. FEDERAL;070025;TRIBUNAL REGIONAL ELEITORAL DO D. FEDERAL;02122057020GP0053;20GP;JULGAMENTO DE CAUSAS E GESTAO ADMINISTRATIVA NA JUSTICA ELEI;0001;JULGAMENTO DE CAUSAS E GESTAO ADMINISTRATIVA;084782;-8;SEM INFORMACAO;0100;RECURSOS ORDINARIOS;1;ORCAMENTO FISCAL;3;DESPESAS CORRENTES;3;OUTRAS DESPESAS CORRENTES;00;[A DETALHAR];339000;APLICACOES DIRETAS;339000-9;NAO SE APLICA;-9;NAO SE APLICA;-9;NAO SE APLICA;-9;NAO SE APLICA;NAO SE APLICA;-9;-9;-9;ALTERACAO PARA EMISSAO DE NE - PRESTACAO DE SERVICOS DE ABASTECIMENTO DE AGUA,COLETA DE ESGOTO SANITARIO E SERVICOS AFINS, CONFORME CONTRATO Nº 03/2014.    (PA 0000154-08.2016.6.07.8100);-9;NAO SE APLICA;(204.000,00);(204.000,00);;;(204.000,00);;;;;;;;;;;;;;;
14107;TRIBUNAL REGIONAL ELEITORAL DO DIST. FEDERAL;070025;TRIBUNAL REGIONAL ELEITORAL DO D. FEDERAL;02122057020GP0053;20GP;JULGAMENTO DE CAUSAS E GESTAO ADMINISTRATIVA NA JUSTICA ELEI;0001;JULGAMENTO DE CAUSAS E GESTAO ADMINISTRATIVA;084782;-8;SEM INFORMACAO;0100;RECURSOS ORDINARIOS;1;ORCAMENTO FISCAL;3;DESPESAS CORRENTES;3;OUTRAS DESPESAS CORRENTES;00;[A DETALHAR];339000;APLICACOES DIRETAS;339000-9;NAO SE APLICA;-9;NAO SE APLICA;-9;NAO SE APLICA;-9;NAO SE APLICA;NAO SE APLICA;-9;-9;-9;ALTERACAO PARA EMISSAO DE NE - PRESTACAO DE SERVICOS DE CONSERTO E AJUSTES DE TOGAS, BECAS, PELERINES E ETIQUETAS. (PA 0003531-50.2017.6.07.8100);-9;NAO SE APLICA;(3.500,00);(3.500,00);;;(3.500,00);;;;;;;;;;;;;;;
14107;TRIBUNAL REGIONAL ELEITORAL DO DIST. FEDERAL;070025;TRIBUNAL REGIONAL ELEITORAL DO D. FEDERAL;02122057020GP0053;20GP;JULGAMENTO DE CAUSAS E GESTAO ADMINISTRATIVA NA JUSTICA ELEI;0001;JULGAMENTO DE CAUSAS E GESTAO ADMINISTRATIVA;084782;-8;SEM INFORMACAO;0100;RECURSOS ORDINARIOS;1;ORCAMENTO FISCAL;3;DESPESAS CORRENTES;3;OUTRAS DESPESAS CORRENTES;00;[A DETALHAR];339000;APLICACOES DIRETAS;339000-9;NAO SE APLICA;-9;NAO SE APLICA;-9;NAO SE APLICA;-9;NAO SE APLICA;NAO SE APLICA;-9;-9;-9;ALTERACAO PARA EMISSAO DE NE - PRESTACAO DE SERVICOS DE MANUTENCAO PREVENTIVA E CORRETIVA DO SISTEMA DE AR CONDICIONADO TIPO VRF. CONTRATO Nº 16/2017.      (PA 0000060-26.2017.6.07.8100);-9;NAO SE APLICA;(21.441,29);(21.441,29);;;(21.441,29);;;;;;;;;;;;;;;
14107;TRIBUNAL REGIONAL ELEITORAL DO DIST. FEDERAL;070025;TRIBUNAL REGIONAL ELEITORAL DO D. FEDERAL;02122057020GP0053;20GP;JULGAMENTO DE CAUSAS E GESTAO ADMINISTRATIVA NA JUSTICA ELEI;0001;JULGAMENTO DE CAUSAS E GESTAO ADMINISTRATIVA;084782;-8;SEM INFORMACAO;0100;RECURSOS ORDINARIOS;1;ORCAMENTO FISCAL;3;DESPESAS CORRENTES;3;OUTRAS DESPESAS CORRENTES;00;[A DETALHAR];339000;APLICACOES DIRETAS;339000-9;NAO SE APLICA;-9;NAO SE APLICA;-9;NAO SE APLICA;-9;NAO SE APLICA;NAO SE APLICA;-9;-9;-9;ALTERACAO PARA EMISSAO DE NE - PRESTACAO DE SERVICOS DE TELECOMUNICACAO.      (PA 0002098-45.2016.6.07.8100);-9;NAO SE APLICA;(161.612,16);(161.612,16);;;(161.612,16);;;;;;;;;;;;;;;
14107;TRIBUNAL REGIONAL ELEITORAL DO DIST. FEDERAL;070025;TRIBUNAL REGIONAL ELEITORAL DO D. FEDERAL;02122057020GP0053;20GP;JULGAMENTO DE CAUSAS E GESTAO ADMINISTRATIVA NA JUSTICA ELEI;0001;JULGAMENTO DE CAUSAS E GESTAO ADMINISTRATIVA;084782;-8;SEM INFORMACAO;0100;RECURSOS ORDINARIOS;1;ORCAMENTO FISCAL;3;DESPESAS CORRENTES;3;OUTRAS DESPESAS CORRENTES;00;[A DETALHAR];339000;APLICACOES DIRETAS;339000-9;NAO SE APLICA;-9;NAO SE APLICA;-9;NAO SE APLICA;-9;NAO SE APLICA;NAO SE APLICA;-9;-9;-9;ALTERACAO PARA EMISSAO DE NE - PRESTACAO DE SERVICOS DE TRANSPORTE DE SERVIDO RES. (PA 0002035-20.2016.6.07.8100);-9;NAO SE APLICA;(409.547,63);(409.547,63);;;(409.547,63);;;;;;;;;;;;;;;
14107;TRIBUNAL REGIONAL ELEITORAL DO DIST. FEDERAL;070025;TRIBUNAL REGIONAL ELEITORAL DO D. FEDERAL;02122057020GP0053;20GP;JULGAMENTO DE CAUSAS E GESTAO ADMINISTRATIVA NA JUSTICA ELEI;0001;JULGAMENTO DE CAUSAS E GESTAO ADMINISTRATIVA;084782;-8;SEM INFORMACAO;0100;RECURSOS ORDINARIOS;1;ORCAMENTO FISCAL;3;DESPESAS CORRENTES;3;OUTRAS DESPESAS CORRENTES;00;[A DETALHAR];339000;APLICACOES DIRETAS;339000-9;NAO SE APLICA;-9;NAO SE APLICA;-9;NAO SE APLICA;-9;NAO SE APLICA;NAO SE APLICA;-9;-9;-9;ALTERACAO PARA EMISSAO DE NE - PRESTACAO DE SERVICOS DE VENDA DE PRODUTOS (SERVICOS DE POSTAGENS E OUTROS). (PA 0001670-63.2016.6.07.8100);-9;NAO SE APLICA;(106.157,98);(106.157,98);;;(106.157,98);;;;;;;;;;;;;;;
14107;TRIBUNAL REGIONAL ELEITORAL DO DIST. FEDERAL;070025;TRIBUNAL REGIONAL ELEITORAL DO D. FEDERAL;02122057020GP0053;20GP;JULGAMENTO DE CAUSAS E GESTAO ADMINISTRATIVA NA JUSTICA ELEI;0001;JULGAMENTO DE CAUSAS E GESTAO ADMINISTRATIVA;084782;-8;SEM INFORMACAO;0100;RECURSOS ORDINARIOS;1;ORCAMENTO FISCAL;3;DESPESAS CORRENTES;3;OUTRAS DESPESAS CORRENTES;00;[A DETALHAR];339000;APLICACOES DIRETAS;339000-9;NAO SE APLICA;-9;NAO SE APLICA;-9;NAO SE APLICA;-9;NAO SE APLICA;NAO SE APLICA;-9;-9;-9;ALTERACAO PARA EMISSAO DE NE - PRESTACAO DE SERVICOS TECNICOS DE DESMONTAGEM EMONTAGEM DE DIVISORIAS, PORTAS E ACESSORIOS. (PA 0003769-69.2017.6.07.8100);-9;NAO SE APLICA;(1.926,60);(1.926,60);;;(1.926,60);;;;;;;;;;;;;;;
14107;TRIBUNAL REGIONAL ELEITORAL DO DIST. FEDERAL;070025;TRIBUNAL REGIONAL ELEITORAL DO D. FEDERAL;02122057020GP0053;20GP;JULGAMENTO DE CAUSAS E GESTAO ADMINISTRATIVA NA JUSTICA ELEI;0001;JULGAMENTO DE CAUSAS E GESTAO ADMINISTRATIVA;084782;-8;SEM INFORMACAO;0100;RECURSOS ORDINARIOS;1;ORCAMENTO FISCAL;3;DESPESAS CORRENTES;3;OUTRAS DESPESAS CORRENTES;00;[A DETALHAR];339000;APLICACOES DIRETAS;339000-9;NAO SE APLICA;-9;NAO SE APLICA;-9;NAO SE APLICA;-9;NAO SE APLICA;NAO SE APLICA;-9;-9;-9;ALTERACAO PARA EMISSAO DE NE - SERVICO DE AGENTE DE INTEGRACAO, DE ACORDO COM O CONTRATO Nº 25/16 (AUXILIO-TRANSPORTE). (PA 0010003-38.2015.6.07.8100);-9;NAO SE APLICA;(132.960,00);(132.960,00);;;(132.960,00);;;;;;;;;;;;;;;
14107;TRIBUNAL REGIONAL ELEITORAL DO DIST. FEDERAL;070025;TRIBUNAL REGIONAL ELEITORAL DO D. FEDERAL;02122057020GP0053;20GP;JULGAMENTO DE CAUSAS E GESTAO ADMINISTRATIVA NA JUSTICA ELEI;0001;JULGAMENTO DE CAUSAS E GESTAO ADMINISTRATIVA;084782;-8;SEM INFORMACAO;0100;RECURSOS ORDINARIOS;1;ORCAMENTO FISCAL;3;DESPESAS CORRENTES;3;OUTRAS DESPESAS CORRENTES;00;[A DETALHAR];339000;APLICACOES DIRETAS;339000-9;NAO SE APLICA;-9;NAO SE APLICA;-9;NAO SE APLICA;-9;NAO SE APLICA;NAO SE APLICA;-9;-9;-9;ALTERACAO PARA EMISSAO DE NE - SERVICO DE AGENTE DE INTEGRACAO, DE ACORDO COM O CONTRATO Nº 25/16.;-9;NAO SE APLICA;(1.137.040,00);(1.137.040,00);;;(1.137.040,00);;;;;;;;;;;;;;;
14107;TRIBUNAL REGIONAL ELEITORAL DO DIST. FEDERAL;070025;TRIBUNAL REGIONAL ELEITORAL DO D. FEDERAL;02122057020GP0053;20GP;JULGAMENTO DE CAUSAS E GESTAO ADMINISTRATIVA NA JUSTICA ELEI;0001;JULGAMENTO DE CAUSAS E GESTAO ADMINISTRATIVA;084782;-8;SEM INFORMACAO;0100;RECURSOS ORDINARIOS;1;ORCAMENTO FISCAL;3;DESPESAS CORRENTES;3;OUTRAS DESPESAS CORRENTES;00;[A DETALHAR];339000;APLICACOES DIRETAS;339000-9;NAO SE APLICA;-9;NAO SE APLICA;-9;NAO SE APLICA;-9;NAO SE APLICA;NAO SE APLICA;-9;-9;-9;ALTERACAO PARA EMISSAO DE NE - SERVICOS DE COBERTURA FOTOGRAFICA.             PAE 0005160-93.2016.6.07.8100;-9;NAO SE APLICA;(20.000,00);(20.000,00);;;(20.000,00);;;;;;;;;;;;;;;
14107;TRIBUNAL REGIONAL ELEITORAL DO DIST. FEDERAL;070025;TRIBUNAL REGIONAL ELEITORAL DO D. FEDERAL;02122057020GP0053;20GP;JULGAMENTO DE CAUSAS E GESTAO ADMINISTRATIVA NA JUSTICA ELEI;0001;JULGAMENTO DE CAUSAS E GESTAO ADMINISTRATIVA;084782;-8;SEM INFORMACAO;0100;RECURSOS ORDINARIOS;1;ORCAMENTO FISCAL;3;DESPESAS CORRENTES;3;OUTRAS DESPESAS CORRENTES;00;[A DETALHAR];339000;APLICACOES DIRETAS;339000-9;NAO SE APLICA;-9;NAO SE APLICA;-9;NAO SE APLICA;-9;NAO SE APLICA;NAO SE APLICA;-9;-9;-9;ALTERACAO PARA EMISSAO DE NE - SERVICOS DE CONSULTORIA - AUDITORIA EXTERNA.   (PA 0010023-29.2015.6.07.8100);-9;NAO SE APLICA;(47.145,44);(47.145,44);;;(47.145,44);;;;;;;;;;;;;;;
14107;TRIBUNAL REGIONAL ELEITORAL DO DIST. FEDERAL;070025;TRIBUNAL REGIONAL ELEITORAL DO D. FEDERAL;02122057020GP0053;20GP;JULGAMENTO DE CAUSAS E GESTAO ADMINISTRATIVA NA JUSTICA ELEI;0001;JULGAMENTO DE CAUSAS E GESTAO ADMINISTRATIVA;084782;-8;SEM INFORMACAO;0100;RECURSOS ORDINARIOS;1;ORCAMENTO FISCAL;3;DESPESAS CORRENTES;3;OUTRAS DESPESAS CORRENTES;00;[A DETALHAR];339000;APLICACOES DIRETAS;339000-9;NAO SE APLICA;-9;NAO SE APLICA;-9;NAO SE APLICA;-9;NAO SE APLICA;NAO SE APLICA;-9;-9;-9;ALTERACAO PARA EMISSAO DE NE - SERVICOS DE LAVANDERIA, CONFORME CONTRATO Nº15/2013, TERMO ADITIVO Nº 04. (PA 0000042-39.2016.6.07.8100);-9;NAO SE APLICA;(8.000,00);(8.000,00);;;(8.000,00);;;;;;;;;;;;;;;
14107;TRIBUNAL REGIONAL ELEITORAL DO DIST. FEDERAL;070025;TRIBUNAL REGIONAL ELEITORAL DO D. FEDERAL;02122057020GP0053;20GP;JULGAMENTO DE CAUSAS E GESTAO ADMINISTRATIVA NA JUSTICA ELEI;0001;JULGAMENTO DE CAUSAS E GESTAO ADMINISTRATIVA;084782;-8;SEM INFORMACAO;0100;RECURSOS ORDINARIOS;1;ORCAMENTO FISCAL;3;DESPESAS CORRENTES;3;OUTRAS DESPESAS CORRENTES;00;[A DETALHAR];339000;APLICACOES DIRETAS;339000-9;NAO SE APLICA;-9;NAO SE APLICA;-9;NAO SE APLICA;-9;NAO SE APLICA;NAO SE APLICA;-9;-9;-9;ALTERACAO PARA EMISSAO DE NE - SERVICOS DE MANUTENCAO CORRETIVA PARA PORTOES  ELETRONICOS DE CORRER, BASCULANTES E CANCELAS (PECAS).                        (PA 0002931-29.2017.6.07.8100);-9;NAO SE APLICA;(10.000,00);(10.000,00);;;(10.000,00);;;;;;;;;;;;;;;
14107;TRIBUNAL REGIONAL ELEITORAL DO DIST. FEDERAL;070025;TRIBUNAL REGIONAL ELEITORAL DO D. FEDERAL;02122057020GP0053;20GP;JULGAMENTO DE CAUSAS E GESTAO ADMINISTRATIVA NA JUSTICA ELEI;0001;JULGAMENTO DE CAUSAS E GESTAO ADMINISTRATIVA;084782;-8;SEM INFORMACAO;0100;RECURSOS ORDINARIOS;1;ORCAMENTO FISCAL;3;DESPESAS CORRENTES;3;OUTRAS DESPESAS CORRENTES;00;[A DETALHAR];339000;APLICACOES DIRETAS;339000-9;NAO SE APLICA;-9;NAO SE APLICA;-9;NAO SE APLICA;-9;NAO SE APLICA;NAO SE APLICA;-9;-9;-9;ALTERACAO PARA EMISSAO DE NE - SERVICOS DE MANUTENCAO CORRETIVA PARA PORTOES  ELETRONICOS, BASCULANTES E CANCELAS.                                          (PA 0002931-29.2017.6.07.8100);-9;NAO SE APLICA;(8.000,00);(8.000,00);;;(8.000,00);;;;;;;;;;;;;;;
14107;TRIBUNAL REGIONAL ELEITORAL DO DIST. FEDERAL;070025;TRIBUNAL REGIONAL ELEITORAL DO D. FEDERAL;02122057020GP0053;20GP;JULGAMENTO DE CAUSAS E GESTAO ADMINISTRATIVA NA JUSTICA ELEI;0001;JULGAMENTO DE CAUSAS E GESTAO ADMINISTRATIVA;084782;-8;SEM INFORMACAO;0100;RECURSOS ORDINARIOS;1;ORCAMENTO FISCAL;3;DESPESAS CORRENTES;3;OUTRAS DESPESAS CORRENTES;00;[A DETALHAR];339000;APLICACOES DIRETAS;339000-9;NAO SE APLICA;-9;NAO SE APLICA;-9;NAO SE APLICA;-9;NAO SE APLICA;NAO SE APLICA;-9;-9;-9;ALTERACAO PARA EMISSAO DE NE - SERVICOS DE MANUTENCAO E ATUALIZACAO DO SISTEMAALEPH 500 (PA 0001951-19.2016.6.07.8100);-9;NAO SE APLICA;(3.309,36);(3.309,36);;;(3.309,36);;;;;;;;;;;;;;;
14107;TRIBUNAL REGIONAL ELEITORAL DO DIST. FEDERAL;070025;TRIBUNAL REGIONAL ELEITORAL DO D. FEDERAL;02122057020GP0053;20GP;JULGAMENTO DE CAUSAS E GESTAO ADMINISTRATIVA NA JUSTICA ELEI;0001;JULGAMENTO DE CAUSAS E GESTAO ADMINISTRATIVA;084782;-8;SEM INFORMACAO;0100;RECURSOS ORDINARIOS;1;ORCAMENTO FISCAL;3;DESPESAS CORRENTES;3;OUTRAS DESPESAS CORRENTES;00;[A DETALHAR];339000;APLICACOES DIRETAS;339000-9;NAO SE APLICA;-9;NAO SE APLICA;-9;NAO SE APLICA;-9;NAO SE APLICA;NAO SE APLICA;-9;-9;-9;ALTERACAO PARA EMISSAO DE NE - SUPRIMENTO DE FUNDOS;-9;NAO SE APLICA;(40.000,00);(40.000,00);;;(40.000,00);;;;;;;;;;;;;;;
14107;TRIBUNAL REGIONAL ELEITORAL DO DIST. FEDERAL;070025;TRIBUNAL REGIONAL ELEITORAL DO D. FEDERAL;02122057020GP0053;20GP;JULGAMENTO DE CAUSAS E GESTAO ADMINISTRATIVA NA JUSTICA ELEI;0001;JULGAMENTO DE CAUSAS E GESTAO ADMINISTRATIVA;084782;-8;SEM INFORMACAO;0100;RECURSOS ORDINARIOS;1;ORCAMENTO FISCAL;3;DESPESAS CORRENTES;3;OUTRAS DESPESAS CORRENTES;00;[A DETALHAR];339000;APLICACOES DIRETAS;339000-9;NAO SE APLICA;-9;NAO SE APLICA;-9;NAO SE APLICA;-9;NAO SE APLICA;NAO SE APLICA;-9;-9;-9;ALTERACAO PARA EMISSAO DE NE - TAXAS DE LICENCIAMENTO E SEGURO DPVAT          (PA 0001494-84.2016.6.07.8100);-9;NAO SE APLICA;(5.322,87);(5.322,87);;;(5.322,87);;;;;;;;;;;;;;;
14107;TRIBUNAL REGIONAL ELEITORAL DO DIST. FEDERAL;070025;TRIBUNAL REGIONAL ELEITORAL DO D. FEDERAL;02122057020GP0053;20GP;JULGAMENTO DE CAUSAS E GESTAO ADMINISTRATIVA NA JUSTICA ELEI;0001;JULGAMENTO DE CAUSAS E GESTAO ADMINISTRATIVA;084782;-8;SEM INFORMACAO;0100;RECURSOS ORDINARIOS;1;ORCAMENTO FISCAL;3;DESPESAS CORRENTES;3;OUTRAS DESPESAS CORRENTES;00;[A DETALHAR];339000;APLICACOES DIRETAS;339000-9;NAO SE APLICA;-9;NAO SE APLICA;-9;NAO SE APLICA;-9;NAO SE APLICA;NAO SE APLICA;-9;-9;-9;ALTERACAO PARA EMISSAO DE NE -CONTRATO DE FORNECIMENTO DE COMBUSTIVEIS PARA OSVEICULOS DO TRE-DF. (PA 0004325-71.2017.6.07.8100);-9;NAO SE APLICA;(13.193,83);(13.193,83);;;(13.193,83);;;;;;;;;;;;;;;
14107;TRIBUNAL REGIONAL ELEITORAL DO DIST. FEDERAL;070025;TRIBUNAL REGIONAL ELEITORAL DO D. FEDERAL;02122057020GP0053;20GP;JULGAMENTO DE CAUSAS E GESTAO ADMINISTRATIVA NA JUSTICA ELEI;0001;JULGAMENTO DE CAUSAS E GESTAO ADMINISTRATIVA;084782;-8;SEM INFORMACAO;0100;RECURSOS ORDINARIOS;1;ORCAMENTO FISCAL;3;DESPESAS CORRENTES;3;OUTRAS DESPESAS CORRENTES;00;[A DETALHAR];339000;APLICACOES DIRETAS;339000-9;NAO SE APLICA;-9;NAO SE APLICA;-9;NAO SE APLICA;-9;NAO SE APLICA;NAO SE APLICA;-9;-9;-9;ALTERACAO PARA EMISSAO DE NE (EXERCICIO ANTERIOR). SERVICOS DE AGENCIAMENTO DEVIAGENS DE MEMBROS E SERVIDORES. PAE 0002361-77.2016.6.07.8100;-9;NAO SE APLICA;(2.846,26);(2.846,26);;;(2.846,26);;;;;;;;;;;;;;;
14107;TRIBUNAL REGIONAL ELEITORAL DO DIST. FEDERAL;070025;TRIBUNAL REGIONAL ELEITORAL DO D. FEDERAL;02122057020GP0053;20GP;JULGAMENTO DE CAUSAS E GESTAO ADMINISTRATIVA NA JUSTICA ELEI;0001;JULGAMENTO DE CAUSAS E GESTAO ADMINISTRATIVA;084782;-8;SEM INFORMACAO;0100;RECURSOS ORDINARIOS;1;ORCAMENTO FISCAL;3;DESPESAS CORRENTES;3;OUTRAS DESPESAS CORRENTES;00;[A DETALHAR];339000;APLICACOES DIRETAS;339000-9;NAO SE APLICA;-9;NAO SE APLICA;-9;NAO SE APLICA;-9;NAO SE APLICA;NAO SE APLICA;-9;-9;-9;ALTERACAO PARA EMISSAO DE NE (R$ 8.791,50 - PERIODO DE JANEIRO A MARCO) E DE  PE (R$ 26.374,50 - TERMO ADITIVO Nº 02) - PA 0000055-04.2017.6.07.8100);-9;NAO SE APLICA;(35.166,00);(35.166,00);;;(35.166,00);;;;;;;;;;;;;;;
14107;TRIBUNAL REGIONAL ELEITORAL DO DIST. FEDERAL;070025;TRIBUNAL REGIONAL ELEITORAL DO D. FEDERAL;02122057020GP0053;20GP;JULGAMENTO DE CAUSAS E GESTAO ADMINISTRATIVA NA JUSTICA ELEI;0001;JULGAMENTO DE CAUSAS E GESTAO ADMINISTRATIVA;084782;-8;SEM INFORMACAO;0100;RECURSOS ORDINARIOS;1;ORCAMENTO FISCAL;3;DESPESAS CORRENTES;3;OUTRAS DESPESAS CORRENTES;00;[A DETALHAR];339000;APLICACOES DIRETAS;339000-9;NAO SE APLICA;-9;NAO SE APLICA;-9;NAO SE APLICA;-9;NAO SE APLICA;NAO SE APLICA;-9;-9;-9;ALTERACAO PARA EMISSAO DE NE E DE PE. PRESTACAO DE SERV.DE TELEFONIA MOVEL PESSOAL (SMP). PAE 0002332-90.2017.6.07.8100;-9;NAO SE APLICA;(24.000,00);(24.000,00);;;(24.000,00);;;;;;;;;;;;;;;
14107;TRIBUNAL REGIONAL ELEITORAL DO DIST. FEDERAL;070025;TRIBUNAL REGIONAL ELEITORAL DO D. FEDERAL;02122057020GP0053;20GP;JULGAMENTO DE CAUSAS E GESTAO ADMINISTRATIVA NA JUSTICA ELEI;0001;JULGAMENTO DE CAUSAS E GESTAO ADMINISTRATIVA;084782;-8;SEM INFORMACAO;0100;RECURSOS ORDINARIOS;1;ORCAMENTO FISCAL;3;DESPESAS CORRENTES;3;OUTRAS DESPESAS CORRENTES;00;[A DETALHAR];339000;APLICACOES DIRETAS;339000-9;NAO SE APLICA;-9;NAO SE APLICA;-9;NAO SE APLICA;-9;NAO SE APLICA;NAO SE APLICA;-9;-9;-9;ALTERACAO PARA EMISSAO DE NE E PE. SERVICOS DE LIMPEZA E CONSERVACAO.         PAE 0001219-38.2016.6.07.8100;-9;NAO SE APLICA;(1.829.330,93);(1.829.330,93);;;(1.829.330,93);;;;;;;;;;;;;;;
14107;TRIBUNAL REGIONAL ELEITORAL DO DIST. FEDERAL;070025;TRIBUNAL REGIONAL ELEITORAL DO D. FEDERAL;02122057020GP0053;20GP;JULGAMENTO DE CAUSAS E GESTAO ADMINISTRATIVA NA JUSTICA ELEI;0001;JULGAMENTO DE CAUSAS E GESTAO ADMINISTRATIVA;084782;-8;SEM INFORMACAO;0100;RECURSOS ORDINARIOS;1;ORCAMENTO FISCAL;3;DESPESAS CORRENTES;3;OUTRAS DESPESAS CORRENTES;00;[A DETALHAR];339000;APLICACOES DIRETAS;339000-9;NAO SE APLICA;-9;NAO SE APLICA;-9;NAO SE APLICA;-9;NAO SE APLICA;NAO SE APLICA;-9;-9;-9;ALTERACAO PARA EMISSAO DE NE. PAGAMENTO DE TAXA DE EMISSAO DE 2ª VIA DE CRV.  PAE 0005850-88.2017.6.07.8100;-9;NAO SE APLICA;(143,00);(143,00);;;(143,00);;;;;;;;;;;;;;;
14107;TRIBUNAL REGIONAL ELEITORAL DO DIST. FEDERAL;070025;TRIBUNAL REGIONAL ELEITORAL DO D. FEDERAL;02122057020GP0053;20GP;JULGAMENTO DE CAUSAS E GESTAO ADMINISTRATIVA NA JUSTICA ELEI;0001;JULGAMENTO DE CAUSAS E GESTAO ADMINISTRATIVA;084782;-8;SEM INFORMACAO;0100;RECURSOS ORDINARIOS;1;ORCAMENTO FISCAL;3;DESPESAS CORRENTES;3;OUTRAS DESPESAS CORRENTES;00;[A DETALHAR];339000;APLICACOES DIRETAS;339000-9;NAO SE APLICA;-9;NAO SE APLICA;-9;NAO SE APLICA;-9;NAO SE APLICA;NAO SE APLICA;-9;-9;-9;ALTERACAO PARA EMISSAO DE NE. PASSAGENS PARA SERVIDORES E MEMBROS.            PAE 0002361-77.2016.6.07.8100;-9;NAO SE APLICA;(4.356,42);(4.356,42);;;(4.356,42);;;;;;;;;;;;;;;
14107;TRIBUNAL REGIONAL ELEITORAL DO DIST. FEDERAL;070025;TRIBUNAL REGIONAL ELEITORAL DO D. FEDERAL;02122057020GP0053;20GP;JULGAMENTO DE CAUSAS E GESTAO ADMINISTRATIVA NA JUSTICA ELEI;0001;JULGAMENTO DE CAUSAS E GESTAO ADMINISTRATIVA;084782;-8;SEM INFORMACAO;0100;RECURSOS ORDINARIOS;1;ORCAMENTO FISCAL;3;DESPESAS CORRENTES;3;OUTRAS DESPESAS CORRENTES;00;[A DETALHAR];339000;APLICACOES DIRETAS;339000-9;NAO SE APLICA;-9;NAO SE APLICA;-9;NAO SE APLICA;-9;NAO SE APLICA;NAO SE APLICA;-9;-9;-9;ALTERACAO PARA EMISSAO DE NE. SERV. DE INFORMATICA NA AREA DE SUSTENTACAO DE  SISTEMAS DE INFORMACAO. PAE 0003933-68.2016.6.07.8100;-9;NAO SE APLICA;(576.000,00);(576.000,00);;;(576.000,00);;;;;;;;;;;;;;;
14107;TRIBUNAL REGIONAL ELEITORAL DO DIST. FEDERAL;070025;TRIBUNAL REGIONAL ELEITORAL DO D. FEDERAL;02122057020GP0053;20GP;JULGAMENTO DE CAUSAS E GESTAO ADMINISTRATIVA NA JUSTICA ELEI;0001;JULGAMENTO DE CAUSAS E GESTAO ADMINISTRATIVA;084782;-8;SEM INFORMACAO;0100;RECURSOS ORDINARIOS;1;ORCAMENTO FISCAL;3;DESPESAS CORRENTES;3;OUTRAS DESPESAS CORRENTES;00;[A DETALHAR];339000;APLICACOES DIRETAS;339000-9;NAO SE APLICA;-9;NAO SE APLICA;-9;NAO SE APLICA;-9;NAO SE APLICA;NAO SE APLICA;-9;-9;-9;ALTERACAO PARA EMISSAO DE NE. SERV. TERC. DE CONDUCAO DE VEICULOS OFICIAIS.   PAE 0002722-94.2016.6.07.8100;-9;NAO SE APLICA;(494.153,52);(494.153,52);;;(494.153,52);;;;;;;;;;;;;;;
14107;TRIBUNAL REGIONAL ELEITORAL DO DIST. FEDERAL;070025;TRIBUNAL REGIONAL ELEITORAL DO D. FEDERAL;02122057020GP0053;20GP;JULGAMENTO DE CAUSAS E GESTAO ADMINISTRATIVA NA JUSTICA ELEI;0001;JULGAMENTO DE CAUSAS E GESTAO ADMINISTRATIVA;084782;-8;SEM INFORMACAO;0100;RECURSOS ORDINARIOS;1;ORCAMENTO FISCAL;3;DESPESAS CORRENTES;3;OUTRAS DESPESAS CORRENTES;00;[A DETALHAR];339000;APLICACOES DIRETAS;339000-9;NAO SE APLICA;-9;NAO SE APLICA;-9;NAO SE APLICA;-9;NAO SE APLICA;NAO SE APLICA;-9;-9;-9;ALTERACAO PARA EMISSAO DE NE. SERVICOS CONTINUADOS DE APOIO ADMINISTRATIVO, COPA E COZINHA. PAE 0003305-45.2017.6.07.8100;-9;NAO SE APLICA;(2.146.267,56);(2.146.267,56);;;(2.146.267,56);;;;;;;;;;;;;;;
14107;TRIBUNAL REGIONAL ELEITORAL DO DIST. FEDERAL;070025;TRIBUNAL REGIONAL ELEITORAL DO D. FEDERAL;02122057020GP0053;20GP;JULGAMENTO DE CAUSAS E GESTAO ADMINISTRATIVA NA JUSTICA ELEI;0001;JULGAMENTO DE CAUSAS E GESTAO ADMINISTRATIVA;084782;-8;SEM INFORMACAO;0100;RECURSOS ORDINARIOS;1;ORCAMENTO FISCAL;3;DESPESAS CORRENTES;3;OUTRAS DESPESAS CORRENTES;00;[A DETALHAR];339000;APLICACOES DIRETAS;339000-9;NAO SE APLICA;-9;NAO SE APLICA;-9;NAO SE APLICA;-9;NAO SE APLICA;NAO SE APLICA;-9;-9;-9;ALTERACAO PARA EMISSAO DE NE. SERVICOS CONTINUADOS DE TELECOMUNICACOES.       PAE 0000037-80.2017.6.07.8100;-9;NAO SE APLICA;(39.709,76);(39.709,76);;;(39.709,76);;;;;;;;;;;;;;;
14107;TRIBUNAL REGIONAL ELEITORAL DO DIST. FEDERAL;070025;TRIBUNAL REGIONAL ELEITORAL DO D. FEDERAL;02122057020GP0053;20GP;JULGAMENTO DE CAUSAS E GESTAO ADMINISTRATIVA NA JUSTICA ELEI;0001;JULGAMENTO DE CAUSAS E GESTAO ADMINISTRATIVA;084782;-8;SEM INFORMACAO;0100;RECURSOS ORDINARIOS;1;ORCAMENTO FISCAL;3;DESPESAS CORRENTES;3;OUTRAS DESPESAS CORRENTES;00;[A DETALHAR];339000;APLICACOES DIRETAS;339000-9;NAO SE APLICA;-9;NAO SE APLICA;-9;NAO SE APLICA;-9;NAO SE APLICA;NAO SE APLICA;-9;-9;-9;ALTERACAO PARA EMISSAO DE NE. SERVICOS CONTINUADOS DE VIGILANCIA ARMADA.      PAE 0002503-81.2016.6.07.8100;-9;NAO SE APLICA;(1.353.865,76);(1.353.865,76);;;(1.353.865,76);;;;;;;;;;;;;;;
14107;TRIBUNAL REGIONAL ELEITORAL DO DIST. FEDERAL;070025;TRIBUNAL REGIONAL ELEITORAL DO D. FEDERAL;02122057020GP0053;20GP;JULGAMENTO DE CAUSAS E GESTAO ADMINISTRATIVA NA JUSTICA ELEI;0001;JULGAMENTO DE CAUSAS E GESTAO ADMINISTRATIVA;084782;-8;SEM INFORMACAO;0100;RECURSOS ORDINARIOS;1;ORCAMENTO FISCAL;3;DESPESAS CORRENTES;3;OUTRAS DESPESAS CORRENTES;00;[A DETALHAR];339000;APLICACOES DIRETAS;339000-9;NAO SE APLICA;-9;NAO SE APLICA;-9;NAO SE APLICA;-9;NAO SE APLICA;NAO SE APLICA;-9;-9;-9;ALTERACAO PARA EMISSAO DE NE. SERVICOS DE AUXILIAR DE SAUDE BUCAL.            PAE 0003843-60.2016.6.07.8100;-9;NAO SE APLICA;(35.179,03);(35.179,03);;;(35.179,03);;;;;;;;;;;;;;;
14107;TRIBUNAL REGIONAL ELEITORAL DO DIST. FEDERAL;070025;TRIBUNAL REGIONAL ELEITORAL DO D. FEDERAL;02122057020GP0053;20GP;JULGAMENTO DE CAUSAS E GESTAO ADMINISTRATIVA NA JUSTICA ELEI;0001;JULGAMENTO DE CAUSAS E GESTAO ADMINISTRATIVA;084782;-8;SEM INFORMACAO;0100;RECURSOS ORDINARIOS;1;ORCAMENTO FISCAL;3;DESPESAS CORRENTES;3;OUTRAS DESPESAS CORRENTES;00;[A DETALHAR];339000;APLICACOES DIRETAS;339000-9;NAO SE APLICA;-9;NAO SE APLICA;-9;NAO SE APLICA;-9;NAO SE APLICA;NAO SE APLICA;-9;-9;-9;ALTERACAO PARA EMISSAO DE NE. SERVICOS DE CONTROLE DE VETORES E PRAGAS URBANASPAE 0004344-77.2017.6.07.8100;-9;NAO SE APLICA;(12.000,00);(12.000,00);;;(12.000,00);;;;;;;;;;;;;;;
14107;TRIBUNAL REGIONAL ELEITORAL DO DIST. FEDERAL;070025;TRIBUNAL REGIONAL ELEITORAL DO D. FEDERAL;02122057020GP0053;20GP;JULGAMENTO DE CAUSAS E GESTAO ADMINISTRATIVA NA JUSTICA ELEI;0001;JULGAMENTO DE CAUSAS E GESTAO ADMINISTRATIVA;084782;-8;SEM INFORMACAO;0100;RECURSOS ORDINARIOS;1;ORCAMENTO FISCAL;3;DESPESAS CORRENTES;3;OUTRAS DESPESAS CORRENTES;00;[A DETALHAR];339000;APLICACOES DIRETAS;339000-9;NAO SE APLICA;-9;NAO SE APLICA;-9;NAO SE APLICA;-9;NAO SE APLICA;NAO SE APLICA;-9;-9;-9;ALTERACAO PARA EMISSAO DE NE. SERVICOS DE GERENCIAMENTO DE RESIDUOS DE SAUDE. PAE 0004617-90.2016.6.07.8100;-9;NAO SE APLICA;(4.800,00);(4.800,00);;;(4.800,00);;;;;;;;;;;;;;;
14107;TRIBUNAL REGIONAL ELEITORAL DO DIST. FEDERAL;070025;TRIBUNAL REGIONAL ELEITORAL DO D. FEDERAL;02122057020GP0053;20GP;JULGAMENTO DE CAUSAS E GESTAO ADMINISTRATIVA NA JUSTICA ELEI;0001;JULGAMENTO DE CAUSAS E GESTAO ADMINISTRATIVA;084782;-8;SEM INFORMACAO;0100;RECURSOS ORDINARIOS;1;ORCAMENTO FISCAL;3;DESPESAS CORRENTES;3;OUTRAS DESPESAS CORRENTES;00;[A DETALHAR];339000;APLICACOES DIRETAS;339000-9;NAO SE APLICA;-9;NAO SE APLICA;-9;NAO SE APLICA;-9;NAO SE APLICA;NAO SE APLICA;-9;-9;-9;ALTERACAO PARA EMISSAO DE NE. SERVICOS DE JARDINAGEM E FORNECIMENTO DE PLANTASPAE 0006424-48.2016.6.07.8100;-9;NAO SE APLICA;(165.740,16);(165.740,16);;;(165.740,16);;;;;;;;;;;;;;;
14107;TRIBUNAL REGIONAL ELEITORAL DO DIST. FEDERAL;070025;TRIBUNAL REGIONAL ELEITORAL DO D. FEDERAL;02122057020GP0053;20GP;JULGAMENTO DE CAUSAS E GESTAO ADMINISTRATIVA NA JUSTICA ELEI;0001;JULGAMENTO DE CAUSAS E GESTAO ADMINISTRATIVA;084782;-8;SEM INFORMACAO;0100;RECURSOS ORDINARIOS;1;ORCAMENTO FISCAL;3;DESPESAS CORRENTES;3;OUTRAS DESPESAS CORRENTES;00;[A DETALHAR];339000;APLICACOES DIRETAS;339000-9;NAO SE APLICA;-9;NAO SE APLICA;-9;NAO SE APLICA;-9;NAO SE APLICA;NAO SE APLICA;-9;-9;-9;ALTERACAO PARA EMISSAO DE NE. SERVICOS DE LAVANDERIA HOSPITALAR.              PAE 0000092-65.2016.6.07.8100;-9;NAO SE APLICA;(2.500,00);(2.500,00);;;(2.500,00);;;;;;;;;;;;;;;
14107;TRIBUNAL REGIONAL ELEITORAL DO DIST. FEDERAL;070025;TRIBUNAL REGIONAL ELEITORAL DO D. FEDERAL;02122057020GP0053;20GP;JULGAMENTO DE CAUSAS E GESTAO ADMINISTRATIVA NA JUSTICA ELEI;0001;JULGAMENTO DE CAUSAS E GESTAO ADMINISTRATIVA;084782;-8;SEM INFORMACAO;0100;RECURSOS ORDINARIOS;1;ORCAMENTO FISCAL;3;DESPESAS CORRENTES;3;OUTRAS DESPESAS CORRENTES;00;[A DETALHAR];339000;APLICACOES DIRETAS;339000-9;NAO SE APLICA;-9;NAO SE APLICA;-9;NAO SE APLICA;-9;NAO SE APLICA;NAO SE APLICA;-9;-9;-9;ALTERACAO PARA EMISSAO DE NE. SERVICOS DE POSTAGEM DE CORRESPONDENCIAS.       PAE 0001670-63.2016.6.07.8100;-9;NAO SE APLICA;(17.500,02);(17.500,02);;;(17.500,02);;;;;;;;;;;;;;;
14107;TRIBUNAL REGIONAL ELEITORAL DO DIST. FEDERAL;070025;TRIBUNAL REGIONAL ELEITORAL DO D. FEDERAL;02122057020GP0053;20GP;JULGAMENTO DE CAUSAS E GESTAO ADMINISTRATIVA NA JUSTICA ELEI;0001;JULGAMENTO DE CAUSAS E GESTAO ADMINISTRATIVA;084782;-8;SEM INFORMACAO;0100;RECURSOS ORDINARIOS;1;ORCAMENTO FISCAL;3;DESPESAS CORRENTES;3;OUTRAS DESPESAS CORRENTES;00;[A DETALHAR];339000;APLICACOES DIRETAS;339000-9;NAO SE APLICA;-9;NAO SE APLICA;-9;NAO SE APLICA;-9;NAO SE APLICA;NAO SE APLICA;-9;-9;-9;ALTERACAO PARA EMISSAO DE NE. SERVICOS TECNICOS DE CONSULTORIA (PESQUISA DE   CLIMA ORGANIZACIONAL). PAE 0004579-44.2017.6.07.8100;-9;NAO SE APLICA;(39.880,00);(39.880,00);;;(39.880,00);;;;;;;;;;;;;;;
14107;TRIBUNAL REGIONAL ELEITORAL DO DIST. FEDERAL;070025;TRIBUNAL REGIONAL ELEITORAL DO D. FEDERAL;02122057020GP0053;20GP;JULGAMENTO DE CAUSAS E GESTAO ADMINISTRATIVA NA JUSTICA ELEI;0001;JULGAMENTO DE CAUSAS E GESTAO ADMINISTRATIVA;084782;-8;SEM INFORMACAO;0100;RECURSOS ORDINARIOS;1;ORCAMENTO FISCAL;3;DESPESAS CORRENTES;3;OUTRAS DESPESAS CORRENTES;00;[A DETALHAR];339000;APLICACOES DIRETAS;339000-9;NAO SE APLICA;-9;NAO SE APLICA;-9;NAO SE APLICA;-9;NAO SE APLICA;NAO SE APLICA;-9;-9;-9;ALTERACAO PARA EMISSAO DE NE'S. FORNECIMENTO DE COMBUSTIVEIS PARA VEICULOS DO TRE-DF. PAE 0008206-90.2016.6.07.8100;-9;NAO SE APLICA;(6.843,20);(6.843,20);;;(6.843,20);;;;;;;;;;;;;;;
14107;TRIBUNAL REGIONAL ELEITORAL DO DIST. FEDERAL;070025;TRIBUNAL REGIONAL ELEITORAL DO D. FEDERAL;02122057020GP0053;20GP;JULGAMENTO DE CAUSAS E GESTAO ADMINISTRATIVA NA JUSTICA ELEI;0001;JULGAMENTO DE CAUSAS E GESTAO ADMINISTRATIVA;084782;-8;SEM INFORMACAO;0100;RECURSOS ORDINARIOS;1;ORCAMENTO FISCAL;3;DESPESAS CORRENTES;3;OUTRAS DESPESAS CORRENTES;00;[A DETALHAR];339000;APLICACOES DIRETAS;339000-9;NAO SE APLICA;-9;NAO SE APLICA;-9;NAO SE APLICA;-9;NAO SE APLICA;NAO SE APLICA;-9;-9;-9;ALTERACAO PARA EMISSAO DE NE'S. FORNECIMENTO DE COMBUSTIVEIS PARA VEICULOS DO TRE-DF. PAE 0008206-90.2016.6.07.8100                                         AJUSTE DO VALOR DA ND 67.;-9;NAO SE APLICA;(2,97);(2,97);;;(2,97);;;;;;;;;;;;;;;
14107;TRIBUNAL REGIONAL ELEITORAL DO DIST. FEDERAL;070025;TRIBUNAL REGIONAL ELEITORAL DO D. FEDERAL;02122057020GP0053;20GP;JULGAMENTO DE CAUSAS E GESTAO ADMINISTRATIVA NA JUSTICA ELEI;0001;JULGAMENTO DE CAUSAS E GESTAO ADMINISTRATIVA;084782;-8;SEM INFORMACAO;0100;RECURSOS ORDINARIOS;1;ORCAMENTO FISCAL;3;DESPESAS CORRENTES;3;OUTRAS DESPESAS CORRENTES;00;[A DETALHAR];339000;APLICACOES DIRETAS;339000-9;NAO SE APLICA;-9;NAO SE APLICA;-9;NAO SE APLICA;-9;NAO SE APLICA;NAO SE APLICA;-9;-9;-9;ALTERACAO PARA EMISSAO DE NOTA DE EMPENHO. AQUISICAO DE CARIMBOS.             PAE Nº 0004183-67.2017.6.07.8100;-9;NAO SE APLICA;(3.953,50);(3.953,50);;;(3.953,50);;;;;;;;;;;;;;;
14107;TRIBUNAL REGIONAL ELEITORAL DO DIST. FEDERAL;070025;TRIBUNAL REGIONAL ELEITORAL DO D. FEDERAL;02122057020GP0053;20GP;JULGAMENTO DE CAUSAS E GESTAO ADMINISTRATIVA NA JUSTICA ELEI;0001;JULGAMENTO DE CAUSAS E GESTAO ADMINISTRATIVA;084782;-8;SEM INFORMACAO;0100;RECURSOS ORDINARIOS;1;ORCAMENTO FISCAL;3;DESPESAS CORRENTES;3;OUTRAS DESPESAS CORRENTES;00;[A DETALHAR];339000;APLICACOES DIRETAS;339000-9;NAO SE APLICA;-9;NAO SE APLICA;-9;NAO SE APLICA;-9;NAO SE APLICA;NAO SE APLICA;-9;-9;-9;ALTERACAO PARA EMISSAO DE NOTAS DE EMPENHO.                                   PAE Nº 0002845-58.2017.6.07.8100;-9;NAO SE APLICA;(131.027,52);(131.027,52);;;(131.027,52);;;;;;;;;;;;;;;
14107;TRIBUNAL REGIONAL ELEITORAL DO DIST. FEDERAL;070025;TRIBUNAL REGIONAL ELEITORAL DO D. FEDERAL;02122057020GP0053;20GP;JULGAMENTO DE CAUSAS E GESTAO ADMINISTRATIVA NA JUSTICA ELEI;0001;JULGAMENTO DE CAUSAS E GESTAO ADMINISTRATIVA;084782;-8;SEM INFORMACAO;0100;RECURSOS ORDINARIOS;1;ORCAMENTO FISCAL;3;DESPESAS CORRENTES;3;OUTRAS DESPESAS CORRENTES;00;[A DETALHAR];339000;APLICACOES DIRETAS;339000-9;NAO SE APLICA;-9;NAO SE APLICA;-9;NAO SE APLICA;-9;NAO SE APLICA;NAO SE APLICA;-9;-9;-9;ALTERACAO PARA EMISSAO DE PE - ARRANJOS FLORAIS (PA 0004753-53.2017.6.07.8100);-9;NAO SE APLICA;(15.000,00);(15.000,00);;;(15.000,00);;;;;;;;;;;;;;;
14107;TRIBUNAL REGIONAL ELEITORAL DO DIST. FEDERAL;070025;TRIBUNAL REGIONAL ELEITORAL DO D. FEDERAL;02122057020GP0053;20GP;JULGAMENTO DE CAUSAS E GESTAO ADMINISTRATIVA NA JUSTICA ELEI;0001;JULGAMENTO DE CAUSAS E GESTAO ADMINISTRATIVA;084782;-8;SEM INFORMACAO;0100;RECURSOS ORDINARIOS;1;ORCAMENTO FISCAL;3;DESPESAS CORRENTES;3;OUTRAS DESPESAS CORRENTES;00;[A DETALHAR];339000;APLICACOES DIRETAS;339000-9;NAO SE APLICA;-9;NAO SE APLICA;-9;NAO SE APLICA;-9;NAO SE APLICA;NAO SE APLICA;-9;-9;-9;ALTERACAO PARA EMISSAO DE PE - FORNECIMENTO E APLICACAO (ATO VACINAL) DE ATE  500 DOSES DA VACINA CONTRA O VIRUS INFLUENZA. (PA 0000450-59.2018.6.07.8100);-9;NAO SE APLICA;(37.648,35);(37.648,35);;;(37.648,35);;;;;;;;;;;;;;;
14107;TRIBUNAL REGIONAL ELEITORAL DO DIST. FEDERAL;070025;TRIBUNAL REGIONAL ELEITORAL DO D. FEDERAL;02122057020GP0053;20GP;JULGAMENTO DE CAUSAS E GESTAO ADMINISTRATIVA NA JUSTICA ELEI;0001;JULGAMENTO DE CAUSAS E GESTAO ADMINISTRATIVA;084782;-8;SEM INFORMACAO;0100;RECURSOS ORDINARIOS;1;ORCAMENTO FISCAL;3;DESPESAS CORRENTES;3;OUTRAS DESPESAS CORRENTES;00;[A DETALHAR];339000;APLICACOES DIRETAS;339000-9;NAO SE APLICA;-9;NAO SE APLICA;-9;NAO SE APLICA;-9;NAO SE APLICA;NAO SE APLICA;-9;-9;-9;ALTERACAO PARA EMISSAO DE PE - PRESTACAO DE SERVICOS CONTINUADOS DE MANUTENCAOPREDIAL. (PA 0000846-07.2016);-9;NAO SE APLICA;(131.931,80);(131.931,80);;;(131.931,80);;;;;;;;;;;;;;;
14107;TRIBUNAL REGIONAL ELEITORAL DO DIST. FEDERAL;070025;TRIBUNAL REGIONAL ELEITORAL DO D. FEDERAL;02122057020GP0053;20GP;JULGAMENTO DE CAUSAS E GESTAO ADMINISTRATIVA NA JUSTICA ELEI;0001;JULGAMENTO DE CAUSAS E GESTAO ADMINISTRATIVA;084782;-8;SEM INFORMACAO;0100;RECURSOS ORDINARIOS;1;ORCAMENTO FISCAL;3;DESPESAS CORRENTES;3;OUTRAS DESPESAS CORRENTES;00;[A DETALHAR];339000;APLICACOES DIRETAS;339000-9;NAO SE APLICA;-9;NAO SE APLICA;-9;NAO SE APLICA;-9;NAO SE APLICA;NAO SE APLICA;-9;-9;-9;ALTERACAO PARA EMISSAO DE PE - PRESTACAO DE SERVICOS DE MANUTENCAO PREDITIVA, PREVENTIVA E CORRETIVA DE GRUPOS GERADORES, CHAVES ATS E QTA'S DO ED. SEDE E  ANEXO DO TRE-DF. (PA 0002845-58.2017);-9;NAO SE APLICA;(11.490,25);(11.490,25);;;(11.490,25);;;;;;;;;;;;;;;
14107;TRIBUNAL REGIONAL ELEITORAL DO DIST. FEDERAL;070025;TRIBUNAL REGIONAL ELEITORAL DO D. FEDERAL;02122057020GP0053;20GP;JULGAMENTO DE CAUSAS E GESTAO ADMINISTRATIVA NA JUSTICA ELEI;0001;JULGAMENTO DE CAUSAS E GESTAO ADMINISTRATIVA;084782;-8;SEM INFORMACAO;0100;RECURSOS ORDINARIOS;1;ORCAMENTO FISCAL;3;DESPESAS CORRENTES;3;OUTRAS DESPESAS CORRENTES;00;[A DETALHAR];339000;APLICACOES DIRETAS;339000-9;NAO SE APLICA;-9;NAO SE APLICA;-9;NAO SE APLICA;-9;NAO SE APLICA;NAO SE APLICA;-9;-9;-9;ALTERACAO PARA EMISSAO DE PE - PRESTACAO DE SERVICOS DE MANUTENCAO PREDITIVA, PREVENTIVA E CORRETIVA DOS NO-BREAKS E BANCOS DE BATERIAS DO ED. SEDE E ANEXO DO TRE-DF. (PA 0002845-58.2017);-9;NAO SE APLICA;(26.549,99);(26.549,99);;;(26.549,99);;;;;;;;;;;;;;;
14107;TRIBUNAL REGIONAL ELEITORAL DO DIST. FEDERAL;070025;TRIBUNAL REGIONAL ELEITORAL DO D. FEDERAL;02122057020GP0053;20GP;JULGAMENTO DE CAUSAS E GESTAO ADMINISTRATIVA NA JUSTICA ELEI;0001;JULGAMENTO DE CAUSAS E GESTAO ADMINISTRATIVA;084782;-8;SEM INFORMACAO;0100;RECURSOS ORDINARIOS;1;ORCAMENTO FISCAL;3;DESPESAS CORRENTES;3;OUTRAS DESPESAS CORRENTES;00;[A DETALHAR];339000;APLICACOES DIRETAS;339000-9;NAO SE APLICA;-9;NAO SE APLICA;-9;NAO SE APLICA;-9;NAO SE APLICA;NAO SE APLICA;-9;-9;-9;ALTERACAO PARA EMISSAO DE PE - PRESTACAO DE SERVICOS DE MANUTENCAO PREVENTIVA E CORRETIVA DO SISTEMA DE AR-CONDICIONADO TIPO VRF.                           (PA 0000060-26.2017);-9;NAO SE APLICA;(40.807,67);(40.807,67);;;(40.807,67);;;;;;;;;;;;;;;
14107;TRIBUNAL REGIONAL ELEITORAL DO DIST. FEDERAL;070025;TRIBUNAL REGIONAL ELEITORAL DO D. FEDERAL;02122057020GP0053;20GP;JULGAMENTO DE CAUSAS E GESTAO ADMINISTRATIVA NA JUSTICA ELEI;0001;JULGAMENTO DE CAUSAS E GESTAO ADMINISTRATIVA;084782;-8;SEM INFORMACAO;0100;RECURSOS ORDINARIOS;1;ORCAMENTO FISCAL;3;DESPESAS CORRENTES;3;OUTRAS DESPESAS CORRENTES;00;[A DETALHAR];339000;APLICACOES DIRETAS;339000-9;NAO SE APLICA;-9;NAO SE APLICA;-9;NAO SE APLICA;-9;NAO SE APLICA;NAO SE APLICA;-9;-9;-9;ALTERACAO PARA EMISSAO DE PE - PRESTACAO DE SERVICOS DE TRANSPORTE DE SERVIDO RES. (PA 0002035-20.2016.6.07.8100);-9;NAO SE APLICA;(338.864,29);(338.864,29);;;(338.864,29);;;;;;;;;;;;;;;
14107;TRIBUNAL REGIONAL ELEITORAL DO DIST. FEDERAL;070025;TRIBUNAL REGIONAL ELEITORAL DO D. FEDERAL;02122057020GP0053;20GP;JULGAMENTO DE CAUSAS E GESTAO ADMINISTRATIVA NA JUSTICA ELEI;0001;JULGAMENTO DE CAUSAS E GESTAO ADMINISTRATIVA;084782;-8;SEM INFORMACAO;0100;RECURSOS ORDINARIOS;1;ORCAMENTO FISCAL;3;DESPESAS CORRENTES;3;OUTRAS DESPESAS CORRENTES;00;[A DETALHAR];339000;APLICACOES DIRETAS;339000-9;NAO SE APLICA;-9;NAO SE APLICA;-9;NAO SE APLICA;-9;NAO SE APLICA;NAO SE APLICA;-9;-9;-9;ALTERACAO PARA EMISSAO DE PE - SERVICO DE SUPORTE TECNICO E ATUALIZACAO DE SOFTWARE. (PA 0007188-34.2016.6.07.8100);-9;NAO SE APLICA;(26.280,00);(26.280,00);;;(26.280,00);;;;;;;;;;;;;;;
14107;TRIBUNAL REGIONAL ELEITORAL DO DIST. FEDERAL;070025;TRIBUNAL REGIONAL ELEITORAL DO D. FEDERAL;02122057020GP0053;20GP;JULGAMENTO DE CAUSAS E GESTAO ADMINISTRATIVA NA JUSTICA ELEI;0001;JULGAMENTO DE CAUSAS E GESTAO ADMINISTRATIVA;084782;-8;SEM INFORMACAO;0100;RECURSOS ORDINARIOS;1;ORCAMENTO FISCAL;3;DESPESAS CORRENTES;3;OUTRAS DESPESAS CORRENTES;00;[A DETALHAR];339000;APLICACOES DIRETAS;339000-9;NAO SE APLICA;-9;NAO SE APLICA;-9;NAO SE APLICA;-9;NAO SE APLICA;NAO SE APLICA;-9;-9;-9;ALTERACAO PARA EMISSAO DE PE - SERVICOS DE AUDITORIA                          (PA 0010023-29.2015.6.07.8100);-9;NAO SE APLICA;(232.727,20);(232.727,20);;;(232.727,20);;;;;;;;;;;;;;;
14107;TRIBUNAL REGIONAL ELEITORAL DO DIST. FEDERAL;070025;TRIBUNAL REGIONAL ELEITORAL DO D. FEDERAL;02122057020GP0053;20GP;JULGAMENTO DE CAUSAS E GESTAO ADMINISTRATIVA NA JUSTICA ELEI;0001;JULGAMENTO DE CAUSAS E GESTAO ADMINISTRATIVA;084782;-8;SEM INFORMACAO;0100;RECURSOS ORDINARIOS;1;ORCAMENTO FISCAL;3;DESPESAS CORRENTES;3;OUTRAS DESPESAS CORRENTES;00;[A DETALHAR];339000;APLICACOES DIRETAS;339000-9;NAO SE APLICA;-9;NAO SE APLICA;-9;NAO SE APLICA;-9;NAO SE APLICA;NAO SE APLICA;-9;-9;-9;ALTERACAO PARA EMISSAO DE PE - SERVICOS DE MANUTENCAO PREDIAL E TECNICO EM TE LECOMUNICACOES (PA 0000846-07.2016.6.07.8100) - TERMO ADITIVO 4;-9;NAO SE APLICA;(35.574,38);(35.574,38);;;(35.574,38);;;;;;;;;;;;;;;
14107;TRIBUNAL REGIONAL ELEITORAL DO DIST. FEDERAL;070025;TRIBUNAL REGIONAL ELEITORAL DO D. FEDERAL;02122057020GP0053;20GP;JULGAMENTO DE CAUSAS E GESTAO ADMINISTRATIVA NA JUSTICA ELEI;0001;JULGAMENTO DE CAUSAS E GESTAO ADMINISTRATIVA;084782;-8;SEM INFORMACAO;0100;RECURSOS ORDINARIOS;1;ORCAMENTO FISCAL;3;DESPESAS CORRENTES;3;OUTRAS DESPESAS CORRENTES;00;[A DETALHAR];339000;APLICACOES DIRETAS;339000-9;NAO SE APLICA;-9;NAO SE APLICA;-9;NAO SE APLICA;-9;NAO SE APLICA;NAO SE APLICA;-9;-9;-9;ALTERACAO PARA EMISSAO DE PE - SERVICOS DE MENTORING NA EXECUCAO DE PROJETOS, GESTAO E ADMINISTRACAO DO AMBIENTE. (PA 0007188-34.2016.6.07.8100);-9;NAO SE APLICA;(50.000,00);(50.000,00);;;(50.000,00);;;;;;;;;;;;;;;
14107;TRIBUNAL REGIONAL ELEITORAL DO DIST. FEDERAL;070025;TRIBUNAL REGIONAL ELEITORAL DO D. FEDERAL;02122057020GP0053;20GP;JULGAMENTO DE CAUSAS E GESTAO ADMINISTRATIVA NA JUSTICA ELEI;0001;JULGAMENTO DE CAUSAS E GESTAO ADMINISTRATIVA;084782;-8;SEM INFORMACAO;0100;RECURSOS ORDINARIOS;1;ORCAMENTO FISCAL;3;DESPESAS CORRENTES;3;OUTRAS DESPESAS CORRENTES;00;[A DETALHAR];339000;APLICACOES DIRETAS;339000-9;NAO SE APLICA;-9;NAO SE APLICA;-9;NAO SE APLICA;-9;NAO SE APLICA;NAO SE APLICA;-9;-9;-9;ALTERACAO PARA EMISSAO DE PE - SERVICOS DE MONITORAMENTO E MANUTENCAO CORRETI-VA DE SISTEMA DE ALARME ELETRONICO PREDIAL.                                   PAE 0004538-77.2017.6.07.8100;-9;NAO SE APLICA;(61.677,36);(61.677,36);;;(61.677,36);;;;;;;;;;;;;;;
14107;TRIBUNAL REGIONAL ELEITORAL DO DIST. FEDERAL;070025;TRIBUNAL REGIONAL ELEITORAL DO D. FEDERAL;02122057020GP0053;20GP;JULGAMENTO DE CAUSAS E GESTAO ADMINISTRATIVA NA JUSTICA ELEI;0001;JULGAMENTO DE CAUSAS E GESTAO ADMINISTRATIVA;084782;-8;SEM INFORMACAO;0100;RECURSOS ORDINARIOS;1;ORCAMENTO FISCAL;3;DESPESAS CORRENTES;3;OUTRAS DESPESAS CORRENTES;00;[A DETALHAR];339000;APLICACOES DIRETAS;339000-9;NAO SE APLICA;-9;NAO SE APLICA;-9;NAO SE APLICA;-9;NAO SE APLICA;NAO SE APLICA;-9;-9;-9;ALTERACAO PARA EMISSAO DE PE -REFORMA GERAL E ADAPTACAO AOS REQUISITOS CONSTRUTIVOS E FUNCIONAIS DAS NORMAS DE ACESSIBILIDADE VIGENTES DO CARTORIO ELEITORALDO LAGO SUL. (PA 0002171-80.2017.6.07.8100);-9;NAO SE APLICA;(66.774,49);(66.774,49);;;(66.774,49);;;;;;;;;;;;;;;
14107;TRIBUNAL REGIONAL ELEITORAL DO DIST. FEDERAL;070025;TRIBUNAL REGIONAL ELEITORAL DO D. FEDERAL;02122057020GP0053;20GP;JULGAMENTO DE CAUSAS E GESTAO ADMINISTRATIVA NA JUSTICA ELEI;0001;JULGAMENTO DE CAUSAS E GESTAO ADMINISTRATIVA;084782;-8;SEM INFORMACAO;0100;RECURSOS ORDINARIOS;1;ORCAMENTO FISCAL;3;DESPESAS CORRENTES;3;OUTRAS DESPESAS CORRENTES;00;[A DETALHAR];339000;APLICACOES DIRETAS;339000-9;NAO SE APLICA;-9;NAO SE APLICA;-9;NAO SE APLICA;-9;NAO SE APLICA;NAO SE APLICA;-9;-9;-9;ALTERACAO PARA EMISSAO DE PE -SERVICOS DE MANUTENCAO CORRETIVA PARA OS PORTOESELETRONICOS DE CORRER, BASCULANTES E CANCELAS DO TRE/DF (SEDE) E SUAS UNIDADESADMINISTRATIVAS. (PA 0002931-29.2017);-9;NAO SE APLICA;(2.669,86);(2.669,86);;;(2.669,86);;;;;;;;;;;;;;;
14107;TRIBUNAL REGIONAL ELEITORAL DO DIST. FEDERAL;070025;TRIBUNAL REGIONAL ELEITORAL DO D. FEDERAL;02122057020GP0053;20GP;JULGAMENTO DE CAUSAS E GESTAO ADMINISTRATIVA NA JUSTICA ELEI;0001;JULGAMENTO DE CAUSAS E GESTAO ADMINISTRATIVA;084782;-8;SEM INFORMACAO;0100;RECURSOS ORDINARIOS;1;ORCAMENTO FISCAL;3;DESPESAS CORRENTES;3;OUTRAS DESPESAS CORRENTES;00;[A DETALHAR];339000;APLICACOES DIRETAS;339000-9;NAO SE APLICA;-9;NAO SE APLICA;-9;NAO SE APLICA;-9;NAO SE APLICA;NAO SE APLICA;-9;-9;-9;ALTERACAO PARA EMISSAO DE PE -SERVICOS DE MANUTENCAO CORRETIVA PARA OS PORTOESELETRONICOS DE CORRER, BASCULANTES E CANCELAS. (PA 0002931-29.2017);-9;NAO SE APLICA;(3.820,00);(3.820,00);;;(3.820,00);;;;;;;;;;;;;;;
14107;TRIBUNAL REGIONAL ELEITORAL DO DIST. FEDERAL;070025;TRIBUNAL REGIONAL ELEITORAL DO D. FEDERAL;02122057020GP0053;20GP;JULGAMENTO DE CAUSAS E GESTAO ADMINISTRATIVA NA JUSTICA ELEI;0001;JULGAMENTO DE CAUSAS E GESTAO ADMINISTRATIVA;084782;-8;SEM INFORMACAO;0100;RECURSOS ORDINARIOS;1;ORCAMENTO FISCAL;3;DESPESAS CORRENTES;3;OUTRAS DESPESAS CORRENTES;00;[A DETALHAR];339000;APLICACOES DIRETAS;339000-9;NAO SE APLICA;-9;NAO SE APLICA;-9;NAO SE APLICA;-9;NAO SE APLICA;NAO SE APLICA;-9;-9;-9;ALTERACAO PARA EMISSAO DE PE. MANUTENCAO DE AR CONDICIONADO.                  PAE 0000060-26.2017.6.07.8100;-9;NAO SE APLICA;(40.807,63);(40.807,63);;;(40.807,63);;;;;;;;;;;;;;;
14107;TRIBUNAL REGIONAL ELEITORAL DO DIST. FEDERAL;070025;TRIBUNAL REGIONAL ELEITORAL DO D. FEDERAL;02122057020GP0053;20GP;JULGAMENTO DE CAUSAS E GESTAO ADMINISTRATIVA NA JUSTICA ELEI;0001;JULGAMENTO DE CAUSAS E GESTAO ADMINISTRATIVA;084782;-8;SEM INFORMACAO;0100;RECURSOS ORDINARIOS;1;ORCAMENTO FISCAL;3;DESPESAS CORRENTES;3;OUTRAS DESPESAS CORRENTES;00;[A DETALHAR];339000;APLICACOES DIRETAS;339000-9;NAO SE APLICA;-9;NAO SE APLICA;-9;NAO SE APLICA;-9;NAO SE APLICA;NAO SE APLICA;-9;-9;-9;ALTERACAO PARA EMISSAO DE PE. SERVICOS DE APOIO ADMINISTRATIVO. TERMO ADITIVO Nº 01 AO CONTRATO Nº 35/2017.                                                 PAE 0003305-45.2017.6.07.8100;-9;NAO SE APLICA;(122.358,41);(122.358,41);;;(122.358,41);;;;;;;;;;;;;;;
14107;TRIBUNAL REGIONAL ELEITORAL DO DIST. FEDERAL;070025;TRIBUNAL REGIONAL ELEITORAL DO D. FEDERAL;02122057020GP0053;20GP;JULGAMENTO DE CAUSAS E GESTAO ADMINISTRATIVA NA JUSTICA ELEI;0001;JULGAMENTO DE CAUSAS E GESTAO ADMINISTRATIVA;084782;-8;SEM INFORMACAO;0100;RECURSOS ORDINARIOS;1;ORCAMENTO FISCAL;3;DESPESAS CORRENTES;3;OUTRAS DESPESAS CORRENTES;00;[A DETALHAR];339000;APLICACOES DIRETAS;339000-9;NAO SE APLICA;-9;NAO SE APLICA;-9;NAO SE APLICA;-9;NAO SE APLICA;NAO SE APLICA;-9;-9;-9;ALTERACAO PARA EMISSAO DE PE. SERVICOS DE CONSULTORIA COM O OBJETIVO DE VIABI-LIZAR A REGULARIZACAO DAS CONDICOES OPERACIONAIS DO REFEITORIO DO TRE/DF.     PAE 0004942-31.2017.6.07.8100;-9;NAO SE APLICA;(14.820,00);(14.820,00);;;(14.820,00);;;;;;;;;;;;;;;
14107;TRIBUNAL REGIONAL ELEITORAL DO DIST. FEDERAL;070025;TRIBUNAL REGIONAL ELEITORAL DO D. FEDERAL;02122057020GP0053;20GP;JULGAMENTO DE CAUSAS E GESTAO ADMINISTRATIVA NA JUSTICA ELEI;0001;JULGAMENTO DE CAUSAS E GESTAO ADMINISTRATIVA;084782;-8;SEM INFORMACAO;0100;RECURSOS ORDINARIOS;1;ORCAMENTO FISCAL;3;DESPESAS CORRENTES;3;OUTRAS DESPESAS CORRENTES;00;[A DETALHAR];339000;APLICACOES DIRETAS;339000-9;NAO SE APLICA;-9;NAO SE APLICA;-9;NAO SE APLICA;-9;NAO SE APLICA;NAO SE APLICA;-9;-9;-9;ALTERACAO PARA EMISSAO DE PE. SERVICOS DE ENGENHARIA - ACESSIBILIDADE.        PAE 0000917-72.2017.6.07.8100 - TERMO ADITIVO Nº 2 AO CONTRATO Nº 25/2017.;-9;NAO SE APLICA;(33.676,04);(33.676,04);;;(33.676,04);;;;;;;;;;;;;;;
14107;TRIBUNAL REGIONAL ELEITORAL DO DIST. FEDERAL;070025;TRIBUNAL REGIONAL ELEITORAL DO D. FEDERAL;02122057020GP0053;20GP;JULGAMENTO DE CAUSAS E GESTAO ADMINISTRATIVA NA JUSTICA ELEI;0001;JULGAMENTO DE CAUSAS E GESTAO ADMINISTRATIVA;084782;-8;SEM INFORMACAO;0100;RECURSOS ORDINARIOS;1;ORCAMENTO FISCAL;3;DESPESAS CORRENTES;3;OUTRAS DESPESAS CORRENTES;00;[A DETALHAR];339000;APLICACOES DIRETAS;339000-9;NAO SE APLICA;-9;NAO SE APLICA;-9;NAO SE APLICA;-9;NAO SE APLICA;NAO SE APLICA;-9;-9;-9;ALTERACAO PARA EMISSAO DE PE. SERVICOS DE LIMPEZA E CONSERVACAO.              PAE 0001219-38.2016.6.07.8100                                                 TERMO ADITIVO Nº 03 AO CONTRATO Nº 10/2017;-9;NAO SE APLICA;(46.046,22);(46.046,22);;;(46.046,22);;;;;;;;;;;;;;;
14107;TRIBUNAL REGIONAL ELEITORAL DO DIST. FEDERAL;070025;TRIBUNAL REGIONAL ELEITORAL DO D. FEDERAL;02122057020GP0053;20GP;JULGAMENTO DE CAUSAS E GESTAO ADMINISTRATIVA NA JUSTICA ELEI;0001;JULGAMENTO DE CAUSAS E GESTAO ADMINISTRATIVA;084782;-8;SEM INFORMACAO;0100;RECURSOS ORDINARIOS;1;ORCAMENTO FISCAL;3;DESPESAS CORRENTES;3;OUTRAS DESPESAS CORRENTES;00;[A DETALHAR];339000;APLICACOES DIRETAS;339000-9;NAO SE APLICA;-9;NAO SE APLICA;-9;NAO SE APLICA;-9;NAO SE APLICA;NAO SE APLICA;-9;-9;-9;ALTERACAO PARA EMISSAO DE PE. SERVICOS DE SEGURO DE IMOVEIS E BENS IMOVEIS.   PAE 0000628-76.2016.6.07.8100;-9;NAO SE APLICA;(24.977,33);(24.977,33);;;(24.977,33);;;;;;;;;;;;;;;
14107;TRIBUNAL REGIONAL ELEITORAL DO DIST. FEDERAL;070025;TRIBUNAL REGIONAL ELEITORAL DO D. FEDERAL;02122057020GP0053;20GP;JULGAMENTO DE CAUSAS E GESTAO ADMINISTRATIVA NA JUSTICA ELEI;0001;JULGAMENTO DE CAUSAS E GESTAO ADMINISTRATIVA;084782;-8;SEM INFORMACAO;0100;RECURSOS ORDINARIOS;1;ORCAMENTO FISCAL;3;DESPESAS CORRENTES;3;OUTRAS DESPESAS CORRENTES;00;[A DETALHAR];339000;APLICACOES DIRETAS;339000-9;NAO SE APLICA;-9;NAO SE APLICA;-9;NAO SE APLICA;-9;NAO SE APLICA;NAO SE APLICA;-9;-9;-9;ALTERACAO PARA EMISSAO DE PRE-EMPENHO - SERVICOS DE AGENCIAMENTO DE VIAGENS   (PA 0004389-81.2017.6.07.8100);-9;NAO SE APLICA;(50.000,00);(50.000,00);;;(50.000,00);;;;;;;;;;;;;;;
14107;TRIBUNAL REGIONAL ELEITORAL DO DIST. FEDERAL;070025;TRIBUNAL REGIONAL ELEITORAL DO D. FEDERAL;02122057020GP0053;20GP;JULGAMENTO DE CAUSAS E GESTAO ADMINISTRATIVA NA JUSTICA ELEI;0001;JULGAMENTO DE CAUSAS E GESTAO ADMINISTRATIVA;084782;-8;SEM INFORMACAO;0100;RECURSOS ORDINARIOS;1;ORCAMENTO FISCAL;3;DESPESAS CORRENTES;3;OUTRAS DESPESAS CORRENTES;00;[A DETALHAR];339000;APLICACOES DIRETAS;339000-9;NAO SE APLICA;-9;NAO SE APLICA;-9;NAO SE APLICA;-9;NAO SE APLICA;NAO SE APLICA;-9;-9;-9;ALTERACAO PARA EMISSAO DE PRE-EMPENHO - SERVICOS DE AUXILIAR DE SAUDE BUCAL   (PA 0004390-66.2017.6.07.8100);-9;NAO SE APLICA;(76.520,02);(76.520,02);;;(76.520,02);;;;;;;;;;;;;;;
14107;TRIBUNAL REGIONAL ELEITORAL DO DIST. FEDERAL;070025;TRIBUNAL REGIONAL ELEITORAL DO D. FEDERAL;02122057020GP0053;20GP;JULGAMENTO DE CAUSAS E GESTAO ADMINISTRATIVA NA JUSTICA ELEI;0001;JULGAMENTO DE CAUSAS E GESTAO ADMINISTRATIVA;084782;-8;SEM INFORMACAO;0100;RECURSOS ORDINARIOS;1;ORCAMENTO FISCAL;3;DESPESAS CORRENTES;3;OUTRAS DESPESAS CORRENTES;00;[A DETALHAR];339000;APLICACOES DIRETAS;339000-9;NAO SE APLICA;-9;NAO SE APLICA;-9;NAO SE APLICA;-9;NAO SE APLICA;NAO SE APLICA;-9;-9;-9;ALTERACAO PARA EMISSAO DE PRE-EMPENHO.                                        PRESTACAO DE SERVICOS DE TRANSPORTES.                                         PAE 0004813-26.2017.6.07.8100;-9;NAO SE APLICA;(248.600,41);(248.600,41);;;(248.600,41);;;;;;;;;;;;;;;
14107;TRIBUNAL REGIONAL ELEITORAL DO DIST. FEDERAL;070025;TRIBUNAL REGIONAL ELEITORAL DO D. FEDERAL;02122057020GP0053;20GP;JULGAMENTO DE CAUSAS E GESTAO ADMINISTRATIVA NA JUSTICA ELEI;0001;JULGAMENTO DE CAUSAS E GESTAO ADMINISTRATIVA;084782;-8;SEM INFORMACAO;0100;RECURSOS ORDINARIOS;1;ORCAMENTO FISCAL;3;DESPESAS CORRENTES;3;OUTRAS DESPESAS CORRENTES;00;[A DETALHAR];339000;APLICACOES DIRETAS;339000-9;NAO SE APLICA;-9;NAO SE APLICA;-9;NAO SE APLICA;-9;NAO SE APLICA;NAO SE APLICA;-9;-9;-9;ALTERACAO PARA EMISSAO DE PRE-EMPENHO. REFORCO.                               PRESTACAO DE SERVICOS DE TRANSPORTES TERRESTRES.                              PAE 0004813-26.2017.6.07.8100;-9;NAO SE APLICA;(60.399,59);(60.399,59);;;(60.399,59);;;;;;;;;;;;;;;
14107;TRIBUNAL REGIONAL ELEITORAL DO DIST. FEDERAL;070025;TRIBUNAL REGIONAL ELEITORAL DO D. FEDERAL;02122057020GP0053;20GP;JULGAMENTO DE CAUSAS E GESTAO ADMINISTRATIVA NA JUSTICA ELEI;0001;JULGAMENTO DE CAUSAS E GESTAO ADMINISTRATIVA;084782;-8;SEM INFORMACAO;0100;RECURSOS ORDINARIOS;1;ORCAMENTO FISCAL;3;DESPESAS CORRENTES;3;OUTRAS DESPESAS CORRENTES;00;[A DETALHAR];339000;APLICACOES DIRETAS;339000-9;NAO SE APLICA;-9;NAO SE APLICA;-9;NAO SE APLICA;-9;NAO SE APLICA;NAO SE APLICA;-9;-9;-9;ALTERACAO PARA REFORCO DA NE 68 - SERVICOS DE POSTAGEM DE CORRESPONDENCIAS    (PA 0001670-63.2016.6.07.8100);-9;NAO SE APLICA;(2.000,00);(2.000,00);;;(2.000,00);;;;;;;;;;;;;;;
14107;TRIBUNAL REGIONAL ELEITORAL DO DIST. FEDERAL;070025;TRIBUNAL REGIONAL ELEITORAL DO D. FEDERAL;02122057020GP0053;20GP;JULGAMENTO DE CAUSAS E GESTAO ADMINISTRATIVA NA JUSTICA ELEI;0001;JULGAMENTO DE CAUSAS E GESTAO ADMINISTRATIVA;084782;-8;SEM INFORMACAO;0100;RECURSOS ORDINARIOS;1;ORCAMENTO FISCAL;3;DESPESAS CORRENTES;3;OUTRAS DESPESAS CORRENTES;00;[A DETALHAR];339000;APLICACOES DIRETAS;339000-9;NAO SE APLICA;-9;NAO SE APLICA;-9;NAO SE APLICA;-9;NAO SE APLICA;NAO SE APLICA;-9;-9;-9;ALTERACAO PARA REFORCO DE NE. PASSAGENS PARA SERVIDORES E MEMBROS.            PAE 0002361-77.2016.6.07.8100;-9;NAO SE APLICA;(37,36);(37,36);;;(37,36);;;;;;;;;;;;;;;
14107;TRIBUNAL REGIONAL ELEITORAL DO DIST. FEDERAL;070025;TRIBUNAL REGIONAL ELEITORAL DO D. FEDERAL;02122057020GP0053;20GP;JULGAMENTO DE CAUSAS E GESTAO ADMINISTRATIVA NA JUSTICA ELEI;0001;JULGAMENTO DE CAUSAS E GESTAO ADMINISTRATIVA;084782;-8;SEM INFORMACAO;0100;RECURSOS ORDINARIOS;1;ORCAMENTO FISCAL;3;DESPESAS CORRENTES;3;OUTRAS DESPESAS CORRENTES;00;[A DETALHAR];339000;APLICACOES DIRETAS;339000-9;NAO SE APLICA;-9;NAO SE APLICA;-9;NAO SE APLICA;-9;NAO SE APLICA;NAO SE APLICA;-9;-9;-9;ALTERCAO PARA EMISSAO DE NE - FORNECIMENTO DE ENERGIA ELETRICA.               (PA 0000217-33.2016.6.07.8100);-9;NAO SE APLICA;(1.200.000,00);(1.200.000,00);;;(1.200.000,00);;;;;;;;;;;;;;;
14107;TRIBUNAL REGIONAL ELEITORAL DO DIST. FEDERAL;070025;TRIBUNAL REGIONAL ELEITORAL DO D. FEDERAL;02122057020GP0053;20GP;JULGAMENTO DE CAUSAS E GESTAO ADMINISTRATIVA NA JUSTICA ELEI;0001;JULGAMENTO DE CAUSAS E GESTAO ADMINISTRATIVA;084782;-8;SEM INFORMACAO;0100;RECURSOS ORDINARIOS;1;ORCAMENTO FISCAL;3;DESPESAS CORRENTES;3;OUTRAS DESPESAS CORRENTES;00;[A DETALHAR];339000;APLICACOES DIRETAS;339000-9;NAO SE APLICA;-9;NAO SE APLICA;-9;NAO SE APLICA;-9;NAO SE APLICA;NAO SE APLICA;-9;-9;-9;ALTERCAO PARA EMISSAO DE NE -PRESTACAO DE SERVICO DE ENGENHARIA PARA O FORNECIMENTO E INSTALACAO DE PINGADEIRAS EM MARMORE E PEDRAS DE PROTECAO NAS  ESCADASDE GRANITO. (PA 0005051-45.2017.6.07.8100);-9;NAO SE APLICA;(76.081,16);(76.081,16);;;(76.081,16);;;;;;;;;;;;;;;
14107;TRIBUNAL REGIONAL ELEITORAL DO DIST. FEDERAL;070025;TRIBUNAL REGIONAL ELEITORAL DO D. FEDERAL;02122057020GP0053;20GP;JULGAMENTO DE CAUSAS E GESTAO ADMINISTRATIVA NA JUSTICA ELEI;0001;JULGAMENTO DE CAUSAS E GESTAO ADMINISTRATIVA;084782;-8;SEM INFORMACAO;0100;RECURSOS ORDINARIOS;1;ORCAMENTO FISCAL;3;DESPESAS CORRENTES;3;OUTRAS DESPESAS CORRENTES;00;[A DETALHAR];339000;APLICACOES DIRETAS;339000-9;NAO SE APLICA;-9;NAO SE APLICA;-9;NAO SE APLICA;-9;NAO SE APLICA;NAO SE APLICA;-9;-9;-9;ALTERCAO PARA EMISSAO DE PE - PRESTACAO DE SERVICOS DE MANUTENCAO PREVENTIVA ECORRETIVA DO SISTEMA DE AR-CONDICIONADO. (PA 0000060-26.2017.6.07.8100);-9;NAO SE APLICA;(1.255,81);(1.255,81);;;(1.255,81);;;;;;;;;;;;;;;
14107;TRIBUNAL REGIONAL ELEITORAL DO DIST. FEDERAL;070025;TRIBUNAL REGIONAL ELEITORAL DO D. FEDERAL;02122057020GP0053;20GP;JULGAMENTO DE CAUSAS E GESTAO ADMINISTRATIVA NA JUSTICA ELEI;0001;JULGAMENTO DE CAUSAS E GESTAO ADMINISTRATIVA;084782;-8;SEM INFORMACAO;0100;RECURSOS ORDINARIOS;1;ORCAMENTO FISCAL;3;DESPESAS CORRENTES;3;OUTRAS DESPESAS CORRENTES;00;[A DETALHAR];339000;APLICACOES DIRETAS;339000-9;NAO SE APLICA;-9;NAO SE APLICA;-9;NAO SE APLICA;-9;NAO SE APLICA;NAO SE APLICA;-9;-9;-9;ALTERCAO PARA EMISSAO DE PE - PRESTACAO DE SERVICOS DE MANUTENCAO PREVENTIVA ECORRETIVA NOS  ELEVADORES DO ED.SEDE DO TREDF. (PA 0000055-04.2017.6.07.8100);-9;NAO SE APLICA;(848,95);(848,95);;;(848,95);;;;;;;;;;;;;;;
14107;TRIBUNAL REGIONAL ELEITORAL DO DIST. FEDERAL;070025;TRIBUNAL REGIONAL ELEITORAL DO D. FEDERAL;02122057020GP0053;20GP;JULGAMENTO DE CAUSAS E GESTAO ADMINISTRATIVA NA JUSTICA ELEI;0001;JULGAMENTO DE CAUSAS E GESTAO ADMINISTRATIVA;084782;-8;SEM INFORMACAO;0100;RECURSOS ORDINARIOS;1;ORCAMENTO FISCAL;3;DESPESAS CORRENTES;3;OUTRAS DESPESAS CORRENTES;00;[A DETALHAR];339000;APLICACOES DIRETAS;339000-9;NAO SE APLICA;-9;NAO SE APLICA;-9;NAO SE APLICA;-9;NAO SE APLICA;NAO SE APLICA;-9;-9;-9;ANULACAO DO PE Nº 13/2018 - TRANSPORTE DE SERVIDORES.;-9;NAO SE APLICA;338.864,29;338.864,29;;;338.864,29;;;;;;;;;;;;;;;
14107;TRIBUNAL REGIONAL ELEITORAL DO DIST. FEDERAL;070025;TRIBUNAL REGIONAL ELEITORAL DO D. FEDERAL;02122057020GP0053;20GP;JULGAMENTO DE CAUSAS E GESTAO ADMINISTRATIVA NA JUSTICA ELEI;0001;JULGAMENTO DE CAUSAS E GESTAO ADMINISTRATIVA;084782;-8;SEM INFORMACAO;0100;RECURSOS ORDINARIOS;1;ORCAMENTO FISCAL;3;DESPESAS CORRENTES;3;OUTRAS DESPESAS CORRENTES;00;[A DETALHAR];339000;APLICACOES DIRETAS;339000-9;NAO SE APLICA;-9;NAO SE APLICA;-9;NAO SE APLICA;-9;NAO SE APLICA;NAO SE APLICA;-9;-9;-9;DEVOLUCAO PARA A FONTE 0100.;-9;NAO SE APLICA;33.676,04;33.676,04;;;33.676,04;;;;;;;;;;;;;;;
14107;TRIBUNAL REGIONAL ELEITORAL DO DIST. FEDERAL;070025;TRIBUNAL REGIONAL ELEITORAL DO D. FEDERAL;02122057020GP0053;20GP;JULGAMENTO DE CAUSAS E GESTAO ADMINISTRATIVA NA JUSTICA ELEI;0001;JULGAMENTO DE CAUSAS E GESTAO ADMINISTRATIVA;084782;-8;SEM INFORMACAO;0100;RECURSOS ORDINARIOS;1;ORCAMENTO FISCAL;3;DESPESAS CORRENTES;3;OUTRAS DESPESAS CORRENTES;00;[A DETALHAR];339000;APLICACOES DIRETAS;339000-9;NAO SE APLICA;-9;NAO SE APLICA;-9;NAO SE APLICA;-9;NAO SE APLICA;NAO SE APLICA;-9;-9;-9;DOCUMENTO LANCADO PELA FITA SOF ESB0009;-9;NAO SE APLICA;12.956.704,00;12.956.704,00;;;12.956.704,00;;;;;;;;;;;;;;;
14107;TRIBUNAL REGIONAL ELEITORAL DO DIST. FEDERAL;070025;TRIBUNAL REGIONAL ELEITORAL DO D. FEDERAL;02122057020GP0053;20GP;JULGAMENTO DE CAUSAS E GESTAO ADMINISTRATIVA NA JUSTICA ELEI;0001;JULGAMENTO DE CAUSAS E GESTAO ADMINISTRATIVA;084782;-8;SEM INFORMACAO;0100;RECURSOS ORDINARIOS;1;ORCAMENTO FISCAL;3;DESPESAS CORRENTES;3;OUTRAS DESPESAS CORRENTES;00;[A DETALHAR];339000;APLICACOES DIRETAS;339000-9;NAO SE APLICA;-9;NAO SE APLICA;-9;NAO SE APLICA;-9;NAO SE APLICA;NAO SE APLICA;-9;-9;-9;FORNECIMENTO DE MATERIAL DE CONSUMO - GENEROS ALIMENTICIOS.                   ALTERACAO PARA EMISSAO DE EMPENHO.                                            PAE 0004186-22.2017.6.07.8100;-9;NAO SE APLICA;(54.120,00);(54.120,00);;;(54.120,00);;;;;;;;;;;;;;;
14107;TRIBUNAL REGIONAL ELEITORAL DO DIST. FEDERAL;070025;TRIBUNAL REGIONAL ELEITORAL DO D. FEDERAL;02122057020GP0053;20GP;JULGAMENTO DE CAUSAS E GESTAO ADMINISTRATIVA NA JUSTICA ELEI;0001;JULGAMENTO DE CAUSAS E GESTAO ADMINISTRATIVA;084782;-8;SEM INFORMACAO;0100;RECURSOS ORDINARIOS;1;ORCAMENTO FISCAL;3;DESPESAS CORRENTES;3;OUTRAS DESPESAS CORRENTES;00;[A DETALHAR];339000;APLICACOES DIRETAS;339000-9;NAO SE APLICA;-9;NAO SE APLICA;-9;NAO SE APLICA;-9;NAO SE APLICA;NAO SE APLICA;-9;-9;-9;RETORNO AO DISPONIVEL;-9;NAO SE APLICA;21.009,83;21.009,83;;;21.009,83;;;;;;;;;;;;;;;
14107;TRIBUNAL REGIONAL ELEITORAL DO DIST. FEDERAL;070025;TRIBUNAL REGIONAL ELEITORAL DO D. FEDERAL;02122057020GP0053;20GP;JULGAMENTO DE CAUSAS E GESTAO ADMINISTRATIVA NA JUSTICA ELEI;0001;JULGAMENTO DE CAUSAS E GESTAO ADMINISTRATIVA;084782;-8;SEM INFORMACAO;0100;RECURSOS ORDINARIOS;1;ORCAMENTO FISCAL;3;DESPESAS CORRENTES;3;OUTRAS DESPESAS CORRENTES;00;[A DETALHAR];339000;APLICACOES DIRETAS;339000-9;NAO SE APLICA;-9;NAO SE APLICA;-9;NAO SE APLICA;-9;NAO SE APLICA;NAO SE APLICA;-9;-9;-9;RETORNO AO DISPONIVEL - TAXA REFERENTE A EMISSAO DE 2ªVIA DE CRV DO VEICULO GMCELTA, PLACA JJU 0491. (PA 0005850-88.2017.6.07.8100);-9;NAO SE APLICA;143,00;143,00;;;143,00;;;;;;;;;;;;;;;
14107;TRIBUNAL REGIONAL ELEITORAL DO DIST. FEDERAL;070025;TRIBUNAL REGIONAL ELEITORAL DO D. FEDERAL;02122057020GP0053;20GP;JULGAMENTO DE CAUSAS E GESTAO ADMINISTRATIVA NA JUSTICA ELEI;0001;JULGAMENTO DE CAUSAS E GESTAO ADMINISTRATIVA;084782;-8;SEM INFORMACAO;0100;RECURSOS ORDINARIOS;1;ORCAMENTO FISCAL;3;DESPESAS CORRENTES;3;OUTRAS DESPESAS CORRENTES;00;[A DETALHAR];339000;APLICACOES DIRETAS;339000-9;NAO SE APLICA;-9;NAO SE APLICA;-9;NAO SE APLICA;-9;NAO SE APLICA;NAO SE APLICA;-9;-9;-9;RETORNO AO DISPONIVEL REFERENTE A ANULACAO DO PE 19 (TELEFONIA MOVEL);-9;NAO SE APLICA;6.000,00;6.000,00;;;6.000,00;;;;;;;;;;;;;;;
14107;TRIBUNAL REGIONAL ELEITORAL DO DIST. FEDERAL;070025;TRIBUNAL REGIONAL ELEITORAL DO D. FEDERAL;02122057020GP0053;20GP;JULGAMENTO DE CAUSAS E GESTAO ADMINISTRATIVA NA JUSTICA ELEI;0001;JULGAMENTO DE CAUSAS E GESTAO ADMINISTRATIVA;084782;-8;SEM INFORMACAO;0100;RECURSOS ORDINARIOS;1;ORCAMENTO FISCAL;3;DESPESAS CORRENTES;3;OUTRAS DESPESAS CORRENTES;00;[A DETALHAR];339000;APLICACOES DIRETAS;339000-9;NAO SE APLICA;-9;NAO SE APLICA;-9;NAO SE APLICA;-9;NAO SE APLICA;NAO SE APLICA;-9;-9;-9;RETORNO AO DISPONIVEL REFERENTE A ANULACAO DO PE 23 (PA 1670-63.2016);-9;NAO SE APLICA;56.157,98;56.157,98;;;56.157,98;;;;;;;;;;;;;;;
14107;TRIBUNAL REGIONAL ELEITORAL DO DIST. FEDERAL;070025;TRIBUNAL REGIONAL ELEITORAL DO D. FEDERAL;02122057020GP0053;20GP;JULGAMENTO DE CAUSAS E GESTAO ADMINISTRATIVA NA JUSTICA ELEI;0001;JULGAMENTO DE CAUSAS E GESTAO ADMINISTRATIVA;084782;-8;SEM INFORMACAO;0100;RECURSOS ORDINARIOS;1;ORCAMENTO FISCAL;3;DESPESAS CORRENTES;3;OUTRAS DESPESAS CORRENTES;00;[A DETALHAR];339000;APLICACOES DIRETAS;339000-9;NAO SE APLICA;-9;NAO SE APLICA;-9;NAO SE APLICA;-9;NAO SE APLICA;NAO SE APLICA;-9;-9;-9;RETORNO AO DISPONIVEL REFERENTE A ANULACAO DO PE 29 (PA 2503-81.2016);-9;NAO SE APLICA;11.261,53;11.261,53;;;11.261,53;;;;;;;;;;;;;;;
14107;TRIBUNAL REGIONAL ELEITORAL DO DIST. FEDERAL;070025;TRIBUNAL REGIONAL ELEITORAL DO D. FEDERAL;02122057020GP0053;20GP;JULGAMENTO DE CAUSAS E GESTAO ADMINISTRATIVA NA JUSTICA ELEI;0001;JULGAMENTO DE CAUSAS E GESTAO ADMINISTRATIVA;084782;-8;SEM INFORMACAO;0100;RECURSOS ORDINARIOS;1;ORCAMENTO FISCAL;3;DESPESAS CORRENTES;3;OUTRAS DESPESAS CORRENTES;00;[A DETALHAR];339000;APLICACOES DIRETAS;339000-9;NAO SE APLICA;-9;NAO SE APLICA;-9;NAO SE APLICA;-9;NAO SE APLICA;NAO SE APLICA;-9;-9;-9;RETORNO AO DISPONIVEL.;-9;NAO SE APLICA;635.000,07;635.000,07;;;635.000,07;;;;;;;;;;;;;;;
14107;TRIBUNAL REGIONAL ELEITORAL DO DIST. FEDERAL;070025;TRIBUNAL REGIONAL ELEITORAL DO D. FEDERAL;02122057020GP0053;20GP;JULGAMENTO DE CAUSAS E GESTAO ADMINISTRATIVA NA JUSTICA ELEI;0001;JULGAMENTO DE CAUSAS E GESTAO ADMINISTRATIVA;084782;-8;SEM INFORMACAO;0100;RECURSOS ORDINARIOS;1;ORCAMENTO FISCAL;3;DESPESAS CORRENTES;3;OUTRAS DESPESAS CORRENTES;00;[A DETALHAR];339000;APLICACOES DIRETAS;339000-9;NAO SE APLICA;-9;NAO SE APLICA;-9;NAO SE APLICA;-9;NAO SE APLICA;NAO SE APLICA;-9;-9;-9;RETORNO AO DISPONIVEL. PRESTACAO DE SERVICOS DE MANUTENCAO PREVENTIVA E CORRE-TIVA DO SISTEMA DE AR-CONDICIONADO TIPO VRF.                                  (PA 0000060-26.2017) - ANULACAO DO PE 3 PELO PE 52.;-9;NAO SE APLICA;40.807,67;40.807,67;;;40.807,67;;;;;;;;;;;;;;;
14107;TRIBUNAL REGIONAL ELEITORAL DO DIST. FEDERAL;070025;TRIBUNAL REGIONAL ELEITORAL DO D. FEDERAL;02122057020GP0053;20GP;JULGAMENTO DE CAUSAS E GESTAO ADMINISTRATIVA NA JUSTICA ELEI;0001;JULGAMENTO DE CAUSAS E GESTAO ADMINISTRATIVA;084782;-8;SEM INFORMACAO;0100;RECURSOS ORDINARIOS;1;ORCAMENTO FISCAL;3;DESPESAS CORRENTES;3;OUTRAS DESPESAS CORRENTES;00;[A DETALHAR];339000;APLICACOES DIRETAS;339000-9;NAO SE APLICA;-9;NAO SE APLICA;-9;NAO SE APLICA;-9;NAO SE APLICA;NAO SE APLICA;-9;-9;-9;SERVICOS DE AUXILIAR DE SAUDE BUCAL                                           (PA 0004390-66.2017.6.07.8100)                                                RETORNO AO DISPONIVEL (DIFERENCA ENTRE PE 46 E NE 206).;-9;NAO SE APLICA;4.643,49;4.643,49;;;4.643,49;;;;;;;;;;;;;;;
14107;TRIBUNAL REGIONAL ELEITORAL DO DIST. FEDERAL;070025;TRIBUNAL REGIONAL ELEITORAL DO D. FEDERAL;02122057020GP0053;20GP;JULGAMENTO DE CAUSAS E GESTAO ADMINISTRATIVA NA JUSTICA ELEI;0001;JULGAMENTO DE CAUSAS E GESTAO ADMINISTRATIVA;084782;-8;SEM INFORMACAO;0100;RECURSOS ORDINARIOS;1;ORCAMENTO FISCAL;3;DESPESAS CORRENTES;3;OUTRAS DESPESAS CORRENTES;00;[A DETALHAR];339000;APLICACOES DIRETAS;339000-9;NAO SE APLICA;-9;NAO SE APLICA;-9;NAO SE APLICA;-9;NAO SE APLICA;NAO SE APLICA;-9;-9;-9;SERVICOS DE SEGURO DE IMOVEIS E BENS IMOVEIS.                                 PAE 0000628-76.2016.6.07.8100                                                 DEVOLUCAO PARA ALTERACAO DA FONTE DA ND 111.;-9;NAO SE APLICA;24.977,33;24.977,33;;;24.977,33;;;;;;;;;;;;;;;
14107;TRIBUNAL REGIONAL ELEITORAL DO DIST. FEDERAL;070025;TRIBUNAL REGIONAL ELEITORAL DO D. FEDERAL;02122057020GP0053;20GP;JULGAMENTO DE CAUSAS E GESTAO ADMINISTRATIVA NA JUSTICA ELEI;0001;JULGAMENTO DE CAUSAS E GESTAO ADMINISTRATIVA;084782;-8;SEM INFORMACAO;0100;RECURSOS ORDINARIOS;1;ORCAMENTO FISCAL;3;DESPESAS CORRENTES;3;OUTRAS DESPESAS CORRENTES;00;[A DETALHAR];339100;APLICACOES DIRETAS - OPER.INTRA-ORCAMENTARIAS;339100-9;NAO SE APLICA;-9;NAO SE APLICA;-9;NAO SE APLICA;-9;NAO SE APLICA;NAO SE APLICA;-9;-9;-9;ALTERACAO PARA EMISSAO DE NE - EXERCICIOS ANTERIORES                          SERVICOS DE PUBLICACAO DE MATERIAS NA IMPRENSA NACIONAL                       PAE 0001051-65.2018.6.07.8100;-9;NAO SE APLICA;(5.417,19);(5.417,19);;;(5.417,19);;;;;;;;;;;;;;;
14107;TRIBUNAL REGIONAL ELEITORAL DO DIST. FEDERAL;070025;TRIBUNAL REGIONAL ELEITORAL DO D. FEDERAL;02122057020GP0053;20GP;JULGAMENTO DE CAUSAS E GESTAO ADMINISTRATIVA NA JUSTICA ELEI;0001;JULGAMENTO DE CAUSAS E GESTAO ADMINISTRATIVA;084782;-8;SEM INFORMACAO;0100;RECURSOS ORDINARIOS;1;ORCAMENTO FISCAL;3;DESPESAS CORRENTES;3;OUTRAS DESPESAS CORRENTES;00;[A DETALHAR];339100;APLICACOES DIRETAS - OPER.INTRA-ORCAMENTARIAS;339100-9;NAO SE APLICA;-9;NAO SE APLICA;-9;NAO SE APLICA;-9;NAO SE APLICA;NAO SE APLICA;-9;-9;-9;ALTERACAO PARA EMISSAO DE NE. SERVICOS DE DISTRIBUICAO DE PUBLICIDADE LEGAL.  PAE 0000937-97.2016.6.07.8100;-9;NAO SE APLICA;(8.000,00);(8.000,00);;;(8.000,00);;;;;;;;;;;;;;;
14107;TRIBUNAL REGIONAL ELEITORAL DO DIST. FEDERAL;070025;TRIBUNAL REGIONAL ELEITORAL DO D. FEDERAL;02122057020GP0053;20GP;JULGAMENTO DE CAUSAS E GESTAO ADMINISTRATIVA NA JUSTICA ELEI;0001;JULGAMENTO DE CAUSAS E GESTAO ADMINISTRATIVA;084782;-8;SEM INFORMACAO;0100;RECURSOS ORDINARIOS;1;ORCAMENTO FISCAL;3;DESPESAS CORRENTES;3;OUTRAS DESPESAS CORRENTES;00;[A DETALHAR];339100;APLICACOES DIRETAS - OPER.INTRA-ORCAMENTARIAS;339100-9;NAO SE APLICA;-9;NAO SE APLICA;-9;NAO SE APLICA;-9;NAO SE APLICA;NAO SE APLICA;-9;-9;-9;ALTERACAO PARA EMISSAO DE NE. SERVICOS DE DISTRIBUICAO DE PUBLICIDADE LEGAL.  PAE 0000937-97.2016.6.07.8100. EXERCICIOS ANTERIORES.;-9;NAO SE APLICA;(310,20);(310,20);;;(310,20);;;;;;;;;;;;;;;
14107;TRIBUNAL REGIONAL ELEITORAL DO DIST. FEDERAL;070025;TRIBUNAL REGIONAL ELEITORAL DO D. FEDERAL;02122057020GP0053;20GP;JULGAMENTO DE CAUSAS E GESTAO ADMINISTRATIVA NA JUSTICA ELEI;0001;JULGAMENTO DE CAUSAS E GESTAO ADMINISTRATIVA;084782;-8;SEM INFORMACAO;0100;RECURSOS ORDINARIOS;1;ORCAMENTO FISCAL;3;DESPESAS CORRENTES;3;OUTRAS DESPESAS CORRENTES;00;[A DETALHAR];339100;APLICACOES DIRETAS - OPER.INTRA-ORCAMENTARIAS;339100-9;NAO SE APLICA;-9;NAO SE APLICA;-9;NAO SE APLICA;-9;NAO SE APLICA;NAO SE APLICA;-9;-9;-9;ALTERACAO PARA EMISSAO DE NE. SERVICOS DE PUBLICACOES DE MATERIAS NO DIARIO O-FICIAL DA UNIAO. PAE 0008285-69.2016.6.07.8100;-9;NAO SE APLICA;(50.000,00);(50.000,00);;;(50.000,00);;;;;;;;;;;;;;;
14107;TRIBUNAL REGIONAL ELEITORAL DO DIST. FEDERAL;070025;TRIBUNAL REGIONAL ELEITORAL DO D. FEDERAL;02122057020GP0053;20GP;JULGAMENTO DE CAUSAS E GESTAO ADMINISTRATIVA NA JUSTICA ELEI;0001;JULGAMENTO DE CAUSAS E GESTAO ADMINISTRATIVA;084782;-8;SEM INFORMACAO;0100;RECURSOS ORDINARIOS;1;ORCAMENTO FISCAL;3;DESPESAS CORRENTES;3;OUTRAS DESPESAS CORRENTES;00;[A DETALHAR];339100;APLICACOES DIRETAS - OPER.INTRA-ORCAMENTARIAS;339100-9;NAO SE APLICA;-9;NAO SE APLICA;-9;NAO SE APLICA;-9;NAO SE APLICA;NAO SE APLICA;-9;-9;-9;DOCUMENTO LANCADO PELA FITA SOF ESB0009;-9;NAO SE APLICA;70.000,00;70.000,00;;;70.000,00;;;;;;;;;;;;;;;
14107;TRIBUNAL REGIONAL ELEITORAL DO DIST. FEDERAL;070025;TRIBUNAL REGIONAL ELEITORAL DO D. FEDERAL;02122057020GP0053;20GP;JULGAMENTO DE CAUSAS E GESTAO ADMINISTRATIVA NA JUSTICA ELEI;0001;JULGAMENTO DE CAUSAS E GESTAO ADMINISTRATIVA;084782;-8;SEM INFORMACAO;0100;RECURSOS ORDINARIOS;1;ORCAMENTO FISCAL;4;DESPESAS DE CAPITAL;4;INVESTIMENTOS;00;[A DETALHAR];449000;APLICACOES DIRETAS;449000-9;NAO SE APLICA;-9;NAO SE APLICA;-9;NAO SE APLICA;-9;NAO SE APLICA;NAO SE APLICA;-9;-9;-9;ALTERACAO PARA EMISSAO DE NE - AQUISICAO E INSTALACAO DE DIVISORIAS NOVAS.    (PA 0003769-69.2017.6.07.8100);-9;NAO SE APLICA;(88.092,10);(88.092,10);;;(88.092,10);;;;;;;;;;;;;;;
14107;TRIBUNAL REGIONAL ELEITORAL DO DIST. FEDERAL;070025;TRIBUNAL REGIONAL ELEITORAL DO D. FEDERAL;02122057020GP0053;20GP;JULGAMENTO DE CAUSAS E GESTAO ADMINISTRATIVA NA JUSTICA ELEI;0001;JULGAMENTO DE CAUSAS E GESTAO ADMINISTRATIVA;084782;-8;SEM INFORMACAO;0100;RECURSOS ORDINARIOS;1;ORCAMENTO FISCAL;4;DESPESAS DE CAPITAL;4;INVESTIMENTOS;00;[A DETALHAR];449000;APLICACOES DIRETAS;449000-9;NAO SE APLICA;-9;NAO SE APLICA;-9;NAO SE APLICA;-9;NAO SE APLICA;NAO SE APLICA;-9;-9;-9;ALTERACAO PARA EMISSAO DE NE - FORNECIMENTO DE LICENCAS DE USO - DRS PLENARIO COM SERVICO DE SUPORTE TECNICO E ATUALIZACAO DE VERSAO.                       PAE 002176-39.2016.6.07.8100;-9;NAO SE APLICA;(27.601,92);(27.601,92);;;(27.601,92);;;;;;;;;;;;;;;
14107;TRIBUNAL REGIONAL ELEITORAL DO DIST. FEDERAL;070025;TRIBUNAL REGIONAL ELEITORAL DO D. FEDERAL;02122057020GP0053;20GP;JULGAMENTO DE CAUSAS E GESTAO ADMINISTRATIVA NA JUSTICA ELEI;0001;JULGAMENTO DE CAUSAS E GESTAO ADMINISTRATIVA;084782;-8;SEM INFORMACAO;0100;RECURSOS ORDINARIOS;1;ORCAMENTO FISCAL;4;DESPESAS DE CAPITAL;4;INVESTIMENTOS;00;[A DETALHAR];449000;APLICACOES DIRETAS;449000-9;NAO SE APLICA;-9;NAO SE APLICA;-9;NAO SE APLICA;-9;NAO SE APLICA;NAO SE APLICA;-9;-9;-9;ALTERACAO PARA EMISSAO DE NE E DE PE. FORNECIMENTO DE LIVROS.                 PAE Nº 0000327-95.2017.6.07.8100;-9;NAO SE APLICA;(3.871,54);(3.871,54);;;(3.871,54);;;;;;;;;;;;;;;
14107;TRIBUNAL REGIONAL ELEITORAL DO DIST. FEDERAL;070025;TRIBUNAL REGIONAL ELEITORAL DO D. FEDERAL;02122057020GP0053;20GP;JULGAMENTO DE CAUSAS E GESTAO ADMINISTRATIVA NA JUSTICA ELEI;0001;JULGAMENTO DE CAUSAS E GESTAO ADMINISTRATIVA;084782;-8;SEM INFORMACAO;0100;RECURSOS ORDINARIOS;1;ORCAMENTO FISCAL;4;DESPESAS DE CAPITAL;4;INVESTIMENTOS;00;[A DETALHAR];449000;APLICACOES DIRETAS;449000-9;NAO SE APLICA;-9;NAO SE APLICA;-9;NAO SE APLICA;-9;NAO SE APLICA;NAO SE APLICA;-9;-9;-9;ALTERACAO PARA EMISSAO DE PE - AQUISICAO DE MICROFONES (PA 0005853-43.2017);-9;NAO SE APLICA;(3.371,00);(3.371,00);;;(3.371,00);;;;;;;;;;;;;;;
14107;TRIBUNAL REGIONAL ELEITORAL DO DIST. FEDERAL;070025;TRIBUNAL REGIONAL ELEITORAL DO D. FEDERAL;02122057020GP0053;20GP;JULGAMENTO DE CAUSAS E GESTAO ADMINISTRATIVA NA JUSTICA ELEI;0001;JULGAMENTO DE CAUSAS E GESTAO ADMINISTRATIVA;084782;-8;SEM INFORMACAO;0100;RECURSOS ORDINARIOS;1;ORCAMENTO FISCAL;4;DESPESAS DE CAPITAL;4;INVESTIMENTOS;00;[A DETALHAR];449000;APLICACOES DIRETAS;449000-9;NAO SE APLICA;-9;NAO SE APLICA;-9;NAO SE APLICA;-9;NAO SE APLICA;NAO SE APLICA;-9;-9;-9;ALTERACAO PARA EMISSAO DE PE - FORNECIMENTO DE TAPETES AO TRE/DF.;-9;NAO SE APLICA;(41.363,41);(41.363,41);;;(41.363,41);;;;;;;;;;;;;;;
14107;TRIBUNAL REGIONAL ELEITORAL DO DIST. FEDERAL;070025;TRIBUNAL REGIONAL ELEITORAL DO D. FEDERAL;02122057020GP0053;20GP;JULGAMENTO DE CAUSAS E GESTAO ADMINISTRATIVA NA JUSTICA ELEI;0001;JULGAMENTO DE CAUSAS E GESTAO ADMINISTRATIVA;084782;-8;SEM INFORMACAO;0100;RECURSOS ORDINARIOS;1;ORCAMENTO FISCAL;4;DESPESAS DE CAPITAL;4;INVESTIMENTOS;00;[A DETALHAR];449000;APLICACOES DIRETAS;449000-9;NAO SE APLICA;-9;NAO SE APLICA;-9;NAO SE APLICA;-9;NAO SE APLICA;NAO SE APLICA;-9;-9;-9;ALTERACAO PARA EMISSAO DE PE. AQUISICAO DE COMPUTADORES.                      PAE 0001425-81.2018.6.07.8100;-9;NAO SE APLICA;(503.000,00);(503.000,00);;;(503.000,00);;;;;;;;;;;;;;;
14107;TRIBUNAL REGIONAL ELEITORAL DO DIST. FEDERAL;070025;TRIBUNAL REGIONAL ELEITORAL DO D. FEDERAL;02122057020GP0053;20GP;JULGAMENTO DE CAUSAS E GESTAO ADMINISTRATIVA NA JUSTICA ELEI;0001;JULGAMENTO DE CAUSAS E GESTAO ADMINISTRATIVA;084782;-8;SEM INFORMACAO;0100;RECURSOS ORDINARIOS;1;ORCAMENTO FISCAL;4;DESPESAS DE CAPITAL;4;INVESTIMENTOS;00;[A DETALHAR];449000;APLICACOES DIRETAS;449000-9;NAO SE APLICA;-9;NAO SE APLICA;-9;NAO SE APLICA;-9;NAO SE APLICA;NAO SE APLICA;-9;-9;-9;DOCUMENTO LANCADO PELA FITA SOF ESB0009;-9;NAO SE APLICA;2.508.883,00;2.508.883,00;;;2.508.883,00;;;;;;;;;;;;;;;
14107;TRIBUNAL REGIONAL ELEITORAL DO DIST. FEDERAL;070025;TRIBUNAL REGIONAL ELEITORAL DO D. FEDERAL;02122057020GP0053;20GP;JULGAMENTO DE CAUSAS E GESTAO ADMINISTRATIVA NA JUSTICA ELEI;0001;JULGAMENTO DE CAUSAS E GESTAO ADMINISTRATIVA;084782;-8;SEM INFORMACAO;0100;RECURSOS ORDINARIOS;1;ORCAMENTO FISCAL;4;DESPESAS DE CAPITAL;4;INVESTIMENTOS;00;[A DETALHAR];449000;APLICACOES DIRETAS;449000-9;NAO SE APLICA;-9;NAO SE APLICA;-9;NAO SE APLICA;-9;NAO SE APLICA;NAO SE APLICA;-9;-9;-9;FORNEC.DE LIVROS CONSIGNADOS NA ARP Nº 2/2017,PREGAO ELETRONICO SRP Nº13/2017.AUMENTO DE 25%.;-9;NAO SE APLICA;(2.777,48);(2.777,48);;;(2.777,48);;;;;;;;;;;;;;;
14107;TRIBUNAL REGIONAL ELEITORAL DO DIST. FEDERAL;070025;TRIBUNAL REGIONAL ELEITORAL DO D. FEDERAL;02122057020GP0053;20GP;JULGAMENTO DE CAUSAS E GESTAO ADMINISTRATIVA NA JUSTICA ELEI;0001;JULGAMENTO DE CAUSAS E GESTAO ADMINISTRATIVA;084782;-8;SEM INFORMACAO;0100;RECURSOS ORDINARIOS;1;ORCAMENTO FISCAL;4;DESPESAS DE CAPITAL;4;INVESTIMENTOS;00;[A DETALHAR];449000;APLICACOES DIRETAS;449000-9;NAO SE APLICA;-9;NAO SE APLICA;-9;NAO SE APLICA;-9;NAO SE APLICA;NAO SE APLICA;-9;-9;-9;RETORNO AO DISPONIVEL - FORNECIMENTO DE TAPETES AO TRE-DF.                    (PA 0005134-61.2017.6.07.8100);-9;NAO SE APLICA;8.759,41;8.759,41;;;8.759,41;;;;;;;;;;;;;;;
14107;TRIBUNAL REGIONAL ELEITORAL DO DIST. FEDERAL;070025;TRIBUNAL REGIONAL ELEITORAL DO D. FEDERAL;02122057020GP0053;20GP;JULGAMENTO DE CAUSAS E GESTAO ADMINISTRATIVA NA JUSTICA ELEI;0001;JULGAMENTO DE CAUSAS E GESTAO ADMINISTRATIVA;084782;-8;SEM INFORMACAO;0100;RECURSOS ORDINARIOS;1;ORCAMENTO FISCAL;4;DESPESAS DE CAPITAL;4;INVESTIMENTOS;00;[A DETALHAR];449000;APLICACOES DIRETAS;449000-9;NAO SE APLICA;-9;NAO SE APLICA;-9;NAO SE APLICA;-9;NAO SE APLICA;NAO SE APLICA;-9;-9;-9;RRETORNO AO DISPONIVEL.;-9;NAO SE APLICA;2.777,48;2.777,48;;;2.777,48;;;;;;;;;;;;;;;
14107;TRIBUNAL REGIONAL ELEITORAL DO DIST. FEDERAL;070025;TRIBUNAL REGIONAL ELEITORAL DO D. FEDERAL;02122057020GP0053;20GP;JULGAMENTO DE CAUSAS E GESTAO ADMINISTRATIVA NA JUSTICA ELEI;0001;JULGAMENTO DE CAUSAS E GESTAO ADMINISTRATIVA;084782;-8;SEM INFORMACAO;0127;CUSTAS E EMOLUMENTOS - PODER JUDICIARIO;1;ORCAMENTO FISCAL;3;DESPESAS CORRENTES;3;OUTRAS DESPESAS CORRENTES;00;[A DETALHAR];339000;APLICACOES DIRETAS;339000-9;NAO SE APLICA;-9;NAO SE APLICA;-9;NAO SE APLICA;-9;NAO SE APLICA;NAO SE APLICA;-9;-9;-9;ALTERACAO DE FONTE (PA 0002171-80.2017.6.07.8100);-9;NAO SE APLICA;(66.774,49);(66.774,49);;;(66.774,49);;;;;;;;;;;;;;;
14107;TRIBUNAL REGIONAL ELEITORAL DO DIST. FEDERAL;070025;TRIBUNAL REGIONAL ELEITORAL DO D. FEDERAL;02122057020GP0053;20GP;JULGAMENTO DE CAUSAS E GESTAO ADMINISTRATIVA NA JUSTICA ELEI;0001;JULGAMENTO DE CAUSAS E GESTAO ADMINISTRATIVA;084782;-8;SEM INFORMACAO;0127;CUSTAS E EMOLUMENTOS - PODER JUDICIARIO;1;ORCAMENTO FISCAL;3;DESPESAS CORRENTES;3;OUTRAS DESPESAS CORRENTES;00;[A DETALHAR];339000;APLICACOES DIRETAS;339000-9;NAO SE APLICA;-9;NAO SE APLICA;-9;NAO SE APLICA;-9;NAO SE APLICA;NAO SE APLICA;-9;-9;-9;ALTERACAO DE PI -PRESTACAO DE SERVICOS DE ENGENHARIA PARA A REFORMA DO TELHADODO GALPAO DOS TRANSPORTES - SETRA. (PA 0000805-69.2018.6.07.8100);-9;NAO SE APLICA;99.893,09;99.893,09;;;99.893,09;;;;;;;;;;;;;;;
14107;TRIBUNAL REGIONAL ELEITORAL DO DIST. FEDERAL;070025;TRIBUNAL REGIONAL ELEITORAL DO D. FEDERAL;02122057020GP0053;20GP;JULGAMENTO DE CAUSAS E GESTAO ADMINISTRATIVA NA JUSTICA ELEI;0001;JULGAMENTO DE CAUSAS E GESTAO ADMINISTRATIVA;084782;-8;SEM INFORMACAO;0127;CUSTAS E EMOLUMENTOS - PODER JUDICIARIO;1;ORCAMENTO FISCAL;3;DESPESAS CORRENTES;3;OUTRAS DESPESAS CORRENTES;00;[A DETALHAR];339000;APLICACOES DIRETAS;339000-9;NAO SE APLICA;-9;NAO SE APLICA;-9;NAO SE APLICA;-9;NAO SE APLICA;NAO SE APLICA;-9;-9;-9;ALTERACAO P/ EMISSAO DE NE - AQUISICAO DE GENERO ALIMENTICIO (CAFE).          (PA 0000286-94.2018.6.07.8100);-9;NAO SE APLICA;(13.580,00);(13.580,00);;;(13.580,00);;;;;;;;;;;;;;;
14107;TRIBUNAL REGIONAL ELEITORAL DO DIST. FEDERAL;070025;TRIBUNAL REGIONAL ELEITORAL DO D. FEDERAL;02122057020GP0053;20GP;JULGAMENTO DE CAUSAS E GESTAO ADMINISTRATIVA NA JUSTICA ELEI;0001;JULGAMENTO DE CAUSAS E GESTAO ADMINISTRATIVA;084782;-8;SEM INFORMACAO;0127;CUSTAS E EMOLUMENTOS - PODER JUDICIARIO;1;ORCAMENTO FISCAL;3;DESPESAS CORRENTES;3;OUTRAS DESPESAS CORRENTES;00;[A DETALHAR];339000;APLICACOES DIRETAS;339000-9;NAO SE APLICA;-9;NAO SE APLICA;-9;NAO SE APLICA;-9;NAO SE APLICA;NAO SE APLICA;-9;-9;-9;ALTERACAO P/ EMISSAO DE NE - AQUISICAO DE MATERIAIS DE CONSUMO (CARTUCHOS, CI CILINDRO P/ BROTHER E KIT FUSOR). (PA 0003882-23.2017.6.07.8100);-9;NAO SE APLICA;(22.979,00);(22.979,00);;;(22.979,00);;;;;;;;;;;;;;;
14107;TRIBUNAL REGIONAL ELEITORAL DO DIST. FEDERAL;070025;TRIBUNAL REGIONAL ELEITORAL DO D. FEDERAL;02122057020GP0053;20GP;JULGAMENTO DE CAUSAS E GESTAO ADMINISTRATIVA NA JUSTICA ELEI;0001;JULGAMENTO DE CAUSAS E GESTAO ADMINISTRATIVA;084782;-8;SEM INFORMACAO;0127;CUSTAS E EMOLUMENTOS - PODER JUDICIARIO;1;ORCAMENTO FISCAL;3;DESPESAS CORRENTES;3;OUTRAS DESPESAS CORRENTES;00;[A DETALHAR];339000;APLICACOES DIRETAS;339000-9;NAO SE APLICA;-9;NAO SE APLICA;-9;NAO SE APLICA;-9;NAO SE APLICA;NAO SE APLICA;-9;-9;-9;ALTERACAO P/ EMISSAO DE NE - AQUISICAO DE MATERIAIS DE CONSUMO(ETIQUETAS E CAIXAS P/ ARQUIVO). (PA 0003592-08.2017.6.07.8100);-9;NAO SE APLICA;(6.060,00);(6.060,00);;;(6.060,00);;;;;;;;;;;;;;;
14107;TRIBUNAL REGIONAL ELEITORAL DO DIST. FEDERAL;070025;TRIBUNAL REGIONAL ELEITORAL DO D. FEDERAL;02122057020GP0053;20GP;JULGAMENTO DE CAUSAS E GESTAO ADMINISTRATIVA NA JUSTICA ELEI;0001;JULGAMENTO DE CAUSAS E GESTAO ADMINISTRATIVA;084782;-8;SEM INFORMACAO;0127;CUSTAS E EMOLUMENTOS - PODER JUDICIARIO;1;ORCAMENTO FISCAL;3;DESPESAS CORRENTES;3;OUTRAS DESPESAS CORRENTES;00;[A DETALHAR];339000;APLICACOES DIRETAS;339000-9;NAO SE APLICA;-9;NAO SE APLICA;-9;NAO SE APLICA;-9;NAO SE APLICA;NAO SE APLICA;-9;-9;-9;ALTERACAO PARA EMISSA DE PE - FORNECIMENTO DE ESTANDARTES E BANDEIRA.         (PA 0001012-68.2018.6.07.8100);-9;NAO SE APLICA;(2.948,00);(2.948,00);;;(2.948,00);;;;;;;;;;;;;;;
14107;TRIBUNAL REGIONAL ELEITORAL DO DIST. FEDERAL;070025;TRIBUNAL REGIONAL ELEITORAL DO D. FEDERAL;02122057020GP0053;20GP;JULGAMENTO DE CAUSAS E GESTAO ADMINISTRATIVA NA JUSTICA ELEI;0001;JULGAMENTO DE CAUSAS E GESTAO ADMINISTRATIVA;084782;-8;SEM INFORMACAO;0127;CUSTAS E EMOLUMENTOS - PODER JUDICIARIO;1;ORCAMENTO FISCAL;3;DESPESAS CORRENTES;3;OUTRAS DESPESAS CORRENTES;00;[A DETALHAR];339000;APLICACOES DIRETAS;339000-9;NAO SE APLICA;-9;NAO SE APLICA;-9;NAO SE APLICA;-9;NAO SE APLICA;NAO SE APLICA;-9;-9;-9;ALTERACAO PARA EMISSAO DE NE - AQUISICAO DE GENEROS ALIMENTICIOS              (PA 0000280-87.2018);-9;NAO SE APLICA;(535,20);(535,20);;;(535,20);;;;;;;;;;;;;;;
14107;TRIBUNAL REGIONAL ELEITORAL DO DIST. FEDERAL;070025;TRIBUNAL REGIONAL ELEITORAL DO D. FEDERAL;02122057020GP0053;20GP;JULGAMENTO DE CAUSAS E GESTAO ADMINISTRATIVA NA JUSTICA ELEI;0001;JULGAMENTO DE CAUSAS E GESTAO ADMINISTRATIVA;084782;-8;SEM INFORMACAO;0127;CUSTAS E EMOLUMENTOS - PODER JUDICIARIO;1;ORCAMENTO FISCAL;3;DESPESAS CORRENTES;3;OUTRAS DESPESAS CORRENTES;00;[A DETALHAR];339000;APLICACOES DIRETAS;339000-9;NAO SE APLICA;-9;NAO SE APLICA;-9;NAO SE APLICA;-9;NAO SE APLICA;NAO SE APLICA;-9;-9;-9;ALTERACAO PARA EMISSAO DE NE - AQUISICAO DE MATERIAIS DE CONSUMO (CARTUCHOS). (PA 0003882-23.2017.6.07.8100);-9;NAO SE APLICA;(2.091,40);(2.091,40);;;(2.091,40);;;;;;;;;;;;;;;
14107;TRIBUNAL REGIONAL ELEITORAL DO DIST. FEDERAL;070025;TRIBUNAL REGIONAL ELEITORAL DO D. FEDERAL;02122057020GP0053;20GP;JULGAMENTO DE CAUSAS E GESTAO ADMINISTRATIVA NA JUSTICA ELEI;0001;JULGAMENTO DE CAUSAS E GESTAO ADMINISTRATIVA;084782;-8;SEM INFORMACAO;0127;CUSTAS E EMOLUMENTOS - PODER JUDICIARIO;1;ORCAMENTO FISCAL;3;DESPESAS CORRENTES;3;OUTRAS DESPESAS CORRENTES;00;[A DETALHAR];339000;APLICACOES DIRETAS;339000-9;NAO SE APLICA;-9;NAO SE APLICA;-9;NAO SE APLICA;-9;NAO SE APLICA;NAO SE APLICA;-9;-9;-9;ALTERACAO PARA EMISSAO DE NE - AQUISICAO DE MATERIAL DE PROCESSAMENTO DE DADOS(CARTUCHO DE TONER). (PA 0003854-55.2017.6.07.8100);-9;NAO SE APLICA;(8.900,00);(8.900,00);;;(8.900,00);;;;;;;;;;;;;;;
14107;TRIBUNAL REGIONAL ELEITORAL DO DIST. FEDERAL;070025;TRIBUNAL REGIONAL ELEITORAL DO D. FEDERAL;02122057020GP0053;20GP;JULGAMENTO DE CAUSAS E GESTAO ADMINISTRATIVA NA JUSTICA ELEI;0001;JULGAMENTO DE CAUSAS E GESTAO ADMINISTRATIVA;084782;-8;SEM INFORMACAO;0127;CUSTAS E EMOLUMENTOS - PODER JUDICIARIO;1;ORCAMENTO FISCAL;3;DESPESAS CORRENTES;3;OUTRAS DESPESAS CORRENTES;00;[A DETALHAR];339000;APLICACOES DIRETAS;339000-9;NAO SE APLICA;-9;NAO SE APLICA;-9;NAO SE APLICA;-9;NAO SE APLICA;NAO SE APLICA;-9;-9;-9;ALTERACAO PARA EMISSAO DE NE - AQUISICAO DE MATERIAL DE PROCESSAMENTO DE DADOS(CARTUCHO DE TONER). (PA 0003882-23.2017.6.07.8100);-9;NAO SE APLICA;(8.900,00);(8.900,00);;;(8.900,00);;;;;;;;;;;;;;;
14107;TRIBUNAL REGIONAL ELEITORAL DO DIST. FEDERAL;070025;TRIBUNAL REGIONAL ELEITORAL DO D. FEDERAL;02122057020GP0053;20GP;JULGAMENTO DE CAUSAS E GESTAO ADMINISTRATIVA NA JUSTICA ELEI;0001;JULGAMENTO DE CAUSAS E GESTAO ADMINISTRATIVA;084782;-8;SEM INFORMACAO;0127;CUSTAS E EMOLUMENTOS - PODER JUDICIARIO;1;ORCAMENTO FISCAL;3;DESPESAS CORRENTES;3;OUTRAS DESPESAS CORRENTES;00;[A DETALHAR];339000;APLICACOES DIRETAS;339000-9;NAO SE APLICA;-9;NAO SE APLICA;-9;NAO SE APLICA;-9;NAO SE APLICA;NAO SE APLICA;-9;-9;-9;ALTERACAO PARA EMISSAO DE NE - AQUISICAO DE MATERIAS DE CONSUMO(CARTUCHO DE TONER). (PA 0003885-75.2017.6.07.8100);-9;NAO SE APLICA;(1.256,04);(1.256,04);;;(1.256,04);;;;;;;;;;;;;;;
14107;TRIBUNAL REGIONAL ELEITORAL DO DIST. FEDERAL;070025;TRIBUNAL REGIONAL ELEITORAL DO D. FEDERAL;02122057020GP0053;20GP;JULGAMENTO DE CAUSAS E GESTAO ADMINISTRATIVA NA JUSTICA ELEI;0001;JULGAMENTO DE CAUSAS E GESTAO ADMINISTRATIVA;084782;-8;SEM INFORMACAO;0127;CUSTAS E EMOLUMENTOS - PODER JUDICIARIO;1;ORCAMENTO FISCAL;3;DESPESAS CORRENTES;3;OUTRAS DESPESAS CORRENTES;00;[A DETALHAR];339000;APLICACOES DIRETAS;339000-9;NAO SE APLICA;-9;NAO SE APLICA;-9;NAO SE APLICA;-9;NAO SE APLICA;NAO SE APLICA;-9;-9;-9;ALTERACAO PARA EMISSAO DE NE - FORNECIMENTO E APLICACAO (ATO VACINAL) DE  ATE 500 DOSES  DE VACINA CONTRA O VIRUS INFLUENZA. (PA 0000450-59.2018.6.07.8100);-9;NAO SE APLICA;(27.875,00);(27.875,00);;;(27.875,00);;;;;;;;;;;;;;;
14107;TRIBUNAL REGIONAL ELEITORAL DO DIST. FEDERAL;070025;TRIBUNAL REGIONAL ELEITORAL DO D. FEDERAL;02122057020GP0053;20GP;JULGAMENTO DE CAUSAS E GESTAO ADMINISTRATIVA NA JUSTICA ELEI;0001;JULGAMENTO DE CAUSAS E GESTAO ADMINISTRATIVA;084782;-8;SEM INFORMACAO;0127;CUSTAS E EMOLUMENTOS - PODER JUDICIARIO;1;ORCAMENTO FISCAL;3;DESPESAS CORRENTES;3;OUTRAS DESPESAS CORRENTES;00;[A DETALHAR];339000;APLICACOES DIRETAS;339000-9;NAO SE APLICA;-9;NAO SE APLICA;-9;NAO SE APLICA;-9;NAO SE APLICA;NAO SE APLICA;-9;-9;-9;ALTERACAO PARA EMISSAO DE NE -AQUISICAO DE MATERIAIS DE CONSUMO(CARTUCHO E UNIDADE FOTOCONDUTOR). (PA 0003884-90.2017.6.07.8100);-9;NAO SE APLICA;(3.252,00);(3.252,00);;;(3.252,00);;;;;;;;;;;;;;;
14107;TRIBUNAL REGIONAL ELEITORAL DO DIST. FEDERAL;070025;TRIBUNAL REGIONAL ELEITORAL DO D. FEDERAL;02122057020GP0053;20GP;JULGAMENTO DE CAUSAS E GESTAO ADMINISTRATIVA NA JUSTICA ELEI;0001;JULGAMENTO DE CAUSAS E GESTAO ADMINISTRATIVA;084782;-8;SEM INFORMACAO;0127;CUSTAS E EMOLUMENTOS - PODER JUDICIARIO;1;ORCAMENTO FISCAL;3;DESPESAS CORRENTES;3;OUTRAS DESPESAS CORRENTES;00;[A DETALHAR];339000;APLICACOES DIRETAS;339000-9;NAO SE APLICA;-9;NAO SE APLICA;-9;NAO SE APLICA;-9;NAO SE APLICA;NAO SE APLICA;-9;-9;-9;ALTERACAO PARA EMISSAO DE NE -EXECUCAO DE SERVICOS DE ENGENHARIA PARA A ADAPTACAO DE EDIFIC. DO TREDF AOS REQUISITOS CONSTRUTIVOS E FUNCIONAIS DAS NORMAS DEACESSIBILIDADE VIGENTES. (PA 0000917-72.2017.6.07.8100);-9;NAO SE APLICA;(33.676,04);(33.676,04);;;(33.676,04);;;;;;;;;;;;;;;
14107;TRIBUNAL REGIONAL ELEITORAL DO DIST. FEDERAL;070025;TRIBUNAL REGIONAL ELEITORAL DO D. FEDERAL;02122057020GP0053;20GP;JULGAMENTO DE CAUSAS E GESTAO ADMINISTRATIVA NA JUSTICA ELEI;0001;JULGAMENTO DE CAUSAS E GESTAO ADMINISTRATIVA;084782;-8;SEM INFORMACAO;0127;CUSTAS E EMOLUMENTOS - PODER JUDICIARIO;1;ORCAMENTO FISCAL;3;DESPESAS CORRENTES;3;OUTRAS DESPESAS CORRENTES;00;[A DETALHAR];339000;APLICACOES DIRETAS;339000-9;NAO SE APLICA;-9;NAO SE APLICA;-9;NAO SE APLICA;-9;NAO SE APLICA;NAO SE APLICA;-9;-9;-9;ALTERACAO PARA EMISSAO DE NE -SERVICOS DE ENGENHARIA PARA A REFORMA DO TELHADODO GALPAO DOS TRANSPORTES - SETRA. (PA 0000805-69.2018.6.07.8100);-9;NAO SE APLICA;(99.893,09);(99.893,09);;;(99.893,09);;;;;;;;;;;;;;;
14107;TRIBUNAL REGIONAL ELEITORAL DO DIST. FEDERAL;070025;TRIBUNAL REGIONAL ELEITORAL DO D. FEDERAL;02122057020GP0053;20GP;JULGAMENTO DE CAUSAS E GESTAO ADMINISTRATIVA NA JUSTICA ELEI;0001;JULGAMENTO DE CAUSAS E GESTAO ADMINISTRATIVA;084782;-8;SEM INFORMACAO;0127;CUSTAS E EMOLUMENTOS - PODER JUDICIARIO;1;ORCAMENTO FISCAL;3;DESPESAS CORRENTES;3;OUTRAS DESPESAS CORRENTES;00;[A DETALHAR];339000;APLICACOES DIRETAS;339000-9;NAO SE APLICA;-9;NAO SE APLICA;-9;NAO SE APLICA;-9;NAO SE APLICA;NAO SE APLICA;-9;-9;-9;ALTERACAO PARA EMISSAO DE NOTA DE EMPENHO. AQUISICAO DE MATERIAL DE EXPEDIENTEPAE Nº 0000036-81.2018.6.07.8100;-9;NAO SE APLICA;(45.240,00);(45.240,00);;;(45.240,00);;;;;;;;;;;;;;;
14107;TRIBUNAL REGIONAL ELEITORAL DO DIST. FEDERAL;070025;TRIBUNAL REGIONAL ELEITORAL DO D. FEDERAL;02122057020GP0053;20GP;JULGAMENTO DE CAUSAS E GESTAO ADMINISTRATIVA NA JUSTICA ELEI;0001;JULGAMENTO DE CAUSAS E GESTAO ADMINISTRATIVA;084782;-8;SEM INFORMACAO;0127;CUSTAS E EMOLUMENTOS - PODER JUDICIARIO;1;ORCAMENTO FISCAL;3;DESPESAS CORRENTES;3;OUTRAS DESPESAS CORRENTES;00;[A DETALHAR];339000;APLICACOES DIRETAS;339000-9;NAO SE APLICA;-9;NAO SE APLICA;-9;NAO SE APLICA;-9;NAO SE APLICA;NAO SE APLICA;-9;-9;-9;ALTERACAO PARA EMISSAO DE PE - AQUISICAO DE MATERIAL DE CONSUMO(PLACA E LETREIROS) PARA IDENTIF.E INAUGURACAO DO ESPACO ONDE FOI INSTALADO O ARQUIVO CENTRALDO TRE-DF,LOCALIZ.NO CARTORIO DA 17ªZE DO CARTORIO DO GAMA.(PA0001388-54.2018);-9;NAO SE APLICA;(1.450,00);(1.450,00);;;(1.450,00);;;;;;;;;;;;;;;
14107;TRIBUNAL REGIONAL ELEITORAL DO DIST. FEDERAL;070025;TRIBUNAL REGIONAL ELEITORAL DO D. FEDERAL;02122057020GP0053;20GP;JULGAMENTO DE CAUSAS E GESTAO ADMINISTRATIVA NA JUSTICA ELEI;0001;JULGAMENTO DE CAUSAS E GESTAO ADMINISTRATIVA;084782;-8;SEM INFORMACAO;0127;CUSTAS E EMOLUMENTOS - PODER JUDICIARIO;1;ORCAMENTO FISCAL;3;DESPESAS CORRENTES;3;OUTRAS DESPESAS CORRENTES;00;[A DETALHAR];339000;APLICACOES DIRETAS;339000-9;NAO SE APLICA;-9;NAO SE APLICA;-9;NAO SE APLICA;-9;NAO SE APLICA;NAO SE APLICA;-9;-9;-9;ALTERACAO PARA EMISSAO DE PE - FORNECIMENTO E APLICACAO DE 125 DOSES DA VACINACONTRA O VIRUS INFLUENZA. (PA 0000450-59.2018.6.07.8100);-9;NAO SE APLICA;(6.968,75);(6.968,75);;;(6.968,75);;;;;;;;;;;;;;;
14107;TRIBUNAL REGIONAL ELEITORAL DO DIST. FEDERAL;070025;TRIBUNAL REGIONAL ELEITORAL DO D. FEDERAL;02122057020GP0053;20GP;JULGAMENTO DE CAUSAS E GESTAO ADMINISTRATIVA NA JUSTICA ELEI;0001;JULGAMENTO DE CAUSAS E GESTAO ADMINISTRATIVA;084782;-8;SEM INFORMACAO;0127;CUSTAS E EMOLUMENTOS - PODER JUDICIARIO;1;ORCAMENTO FISCAL;3;DESPESAS CORRENTES;3;OUTRAS DESPESAS CORRENTES;00;[A DETALHAR];339000;APLICACOES DIRETAS;339000-9;NAO SE APLICA;-9;NAO SE APLICA;-9;NAO SE APLICA;-9;NAO SE APLICA;NAO SE APLICA;-9;-9;-9;"ALTERACAO PARA EMISSAO DE PE - PRORROGACAO DO PRAZO DE VIGENCIA,POR MAIS 12 MESES, DO CONTRATO N.21/2017, ATINENTE A PRESTACAO DE SERVICOS MEDIANTE ASSINATURA ANUAL PARA 02 ACESSOS AO SISTEMA ""BANCO DE PRECOS"". (PA 0002579-71.2017)";-9;NAO SE APLICA;(15.980,00);(15.980,00);;;(15.980,00);;;;;;;;;;;;;;;
14107;TRIBUNAL REGIONAL ELEITORAL DO DIST. FEDERAL;070025;TRIBUNAL REGIONAL ELEITORAL DO D. FEDERAL;02122057020GP0053;20GP;JULGAMENTO DE CAUSAS E GESTAO ADMINISTRATIVA NA JUSTICA ELEI;0001;JULGAMENTO DE CAUSAS E GESTAO ADMINISTRATIVA;084782;-8;SEM INFORMACAO;0127;CUSTAS E EMOLUMENTOS - PODER JUDICIARIO;1;ORCAMENTO FISCAL;3;DESPESAS CORRENTES;3;OUTRAS DESPESAS CORRENTES;00;[A DETALHAR];339000;APLICACOES DIRETAS;339000-9;NAO SE APLICA;-9;NAO SE APLICA;-9;NAO SE APLICA;-9;NAO SE APLICA;NAO SE APLICA;-9;-9;-9;ALTERACAO PARA EMISSAO DE PE - REFORMA DO TELHADO DO GALPAO DA SECAO DE TRANS PORTES (PA 0000805-69.2018.6.07.8100);-9;NAO SE APLICA;(99.893,09);(99.893,09);;;(99.893,09);;;;;;;;;;;;;;;
14107;TRIBUNAL REGIONAL ELEITORAL DO DIST. FEDERAL;070025;TRIBUNAL REGIONAL ELEITORAL DO D. FEDERAL;02122057020GP0053;20GP;JULGAMENTO DE CAUSAS E GESTAO ADMINISTRATIVA NA JUSTICA ELEI;0001;JULGAMENTO DE CAUSAS E GESTAO ADMINISTRATIVA;084782;-8;SEM INFORMACAO;0127;CUSTAS E EMOLUMENTOS - PODER JUDICIARIO;1;ORCAMENTO FISCAL;3;DESPESAS CORRENTES;3;OUTRAS DESPESAS CORRENTES;00;[A DETALHAR];339000;APLICACOES DIRETAS;339000-9;NAO SE APLICA;-9;NAO SE APLICA;-9;NAO SE APLICA;-9;NAO SE APLICA;NAO SE APLICA;-9;-9;-9;ALTERACAO PARA EMISSAO DE PE. SERVICO DE TRANSPORTE INTERESTADUAL DE PALETES. PAE Nº 0000192-49.2018.6.07.8100;-9;NAO SE APLICA;(7.000,00);(7.000,00);;;(7.000,00);;;;;;;;;;;;;;;
14107;TRIBUNAL REGIONAL ELEITORAL DO DIST. FEDERAL;070025;TRIBUNAL REGIONAL ELEITORAL DO D. FEDERAL;02122057020GP0053;20GP;JULGAMENTO DE CAUSAS E GESTAO ADMINISTRATIVA NA JUSTICA ELEI;0001;JULGAMENTO DE CAUSAS E GESTAO ADMINISTRATIVA;084782;-8;SEM INFORMACAO;0127;CUSTAS E EMOLUMENTOS - PODER JUDICIARIO;1;ORCAMENTO FISCAL;3;DESPESAS CORRENTES;3;OUTRAS DESPESAS CORRENTES;00;[A DETALHAR];339000;APLICACOES DIRETAS;339000-9;NAO SE APLICA;-9;NAO SE APLICA;-9;NAO SE APLICA;-9;NAO SE APLICA;NAO SE APLICA;-9;-9;-9;ALTERACAO PARA EMISSAO DE PE. SERVICOS DE SEGURO DE IMOVEIS E BENS IMOVEIS.   PAE 0000628-76.2016.6.07.8100;-9;NAO SE APLICA;(24.977,33);(24.977,33);;;(24.977,33);;;;;;;;;;;;;;;
14107;TRIBUNAL REGIONAL ELEITORAL DO DIST. FEDERAL;070025;TRIBUNAL REGIONAL ELEITORAL DO D. FEDERAL;02122057020GP0053;20GP;JULGAMENTO DE CAUSAS E GESTAO ADMINISTRATIVA NA JUSTICA ELEI;0001;JULGAMENTO DE CAUSAS E GESTAO ADMINISTRATIVA;084782;-8;SEM INFORMACAO;0127;CUSTAS E EMOLUMENTOS - PODER JUDICIARIO;1;ORCAMENTO FISCAL;3;DESPESAS CORRENTES;3;OUTRAS DESPESAS CORRENTES;00;[A DETALHAR];339000;APLICACOES DIRETAS;339000-9;NAO SE APLICA;-9;NAO SE APLICA;-9;NAO SE APLICA;-9;NAO SE APLICA;NAO SE APLICA;-9;-9;-9;ALTERACAO PARA EMISSAO DE PRE-EMPENHO - AQUISICAO DE TOALHAS DE MESA          (PA 0000565-80.2018.6.07.8100);-9;NAO SE APLICA;(3.738,00);(3.738,00);;;(3.738,00);;;;;;;;;;;;;;;
14107;TRIBUNAL REGIONAL ELEITORAL DO DIST. FEDERAL;070025;TRIBUNAL REGIONAL ELEITORAL DO D. FEDERAL;02122057020GP0053;20GP;JULGAMENTO DE CAUSAS E GESTAO ADMINISTRATIVA NA JUSTICA ELEI;0001;JULGAMENTO DE CAUSAS E GESTAO ADMINISTRATIVA;084782;-8;SEM INFORMACAO;0127;CUSTAS E EMOLUMENTOS - PODER JUDICIARIO;1;ORCAMENTO FISCAL;3;DESPESAS CORRENTES;3;OUTRAS DESPESAS CORRENTES;00;[A DETALHAR];339000;APLICACOES DIRETAS;339000-9;NAO SE APLICA;-9;NAO SE APLICA;-9;NAO SE APLICA;-9;NAO SE APLICA;NAO SE APLICA;-9;-9;-9;ANULACAO NE 111 PARA CORRECAO.;-9;NAO SE APLICA;8.900,00;8.900,00;;;8.900,00;;;;;;;;;;;;;;;
14107;TRIBUNAL REGIONAL ELEITORAL DO DIST. FEDERAL;070025;TRIBUNAL REGIONAL ELEITORAL DO D. FEDERAL;02122057020GP0053;20GP;JULGAMENTO DE CAUSAS E GESTAO ADMINISTRATIVA NA JUSTICA ELEI;0001;JULGAMENTO DE CAUSAS E GESTAO ADMINISTRATIVA;084782;-8;SEM INFORMACAO;0127;CUSTAS E EMOLUMENTOS - PODER JUDICIARIO;1;ORCAMENTO FISCAL;3;DESPESAS CORRENTES;3;OUTRAS DESPESAS CORRENTES;00;[A DETALHAR];339000;APLICACOES DIRETAS;339000-9;NAO SE APLICA;-9;NAO SE APLICA;-9;NAO SE APLICA;-9;NAO SE APLICA;NAO SE APLICA;-9;-9;-9;BLOQUEIO DE CREDITO COM VISTAS A REALIZACAO DE ALTERACAO ORCAMENTARIA, CONFOR-ME PROCESSO SEI Nº 4737-0/2018.;-9;NAO SE APLICA;;;;;(527.512,00);527.512,00;;;;;;;;;;;;;;
14107;TRIBUNAL REGIONAL ELEITORAL DO DIST. FEDERAL;070025;TRIBUNAL REGIONAL ELEITORAL DO D. FEDERAL;02122057020GP0053;20GP;JULGAMENTO DE CAUSAS E GESTAO ADMINISTRATIVA NA JUSTICA ELEI;0001;JULGAMENTO DE CAUSAS E GESTAO ADMINISTRATIVA;084782;-8;SEM INFORMACAO;0127;CUSTAS E EMOLUMENTOS - PODER JUDICIARIO;1;ORCAMENTO FISCAL;3;DESPESAS CORRENTES;3;OUTRAS DESPESAS CORRENTES;00;[A DETALHAR];339000;APLICACOES DIRETAS;339000-9;NAO SE APLICA;-9;NAO SE APLICA;-9;NAO SE APLICA;-9;NAO SE APLICA;NAO SE APLICA;-9;-9;-9;DOCUMENTO LANCADO PELA FITA SOF ESB0009;-9;NAO SE APLICA;1.913.844,00;1.913.844,00;;;1.913.844,00;;;;;;;;;;;;;;;
14107;TRIBUNAL REGIONAL ELEITORAL DO DIST. FEDERAL;070025;TRIBUNAL REGIONAL ELEITORAL DO D. FEDERAL;02122057020GP0053;20GP;JULGAMENTO DE CAUSAS E GESTAO ADMINISTRATIVA NA JUSTICA ELEI;0001;JULGAMENTO DE CAUSAS E GESTAO ADMINISTRATIVA;084782;-8;SEM INFORMACAO;0127;CUSTAS E EMOLUMENTOS - PODER JUDICIARIO;1;ORCAMENTO FISCAL;3;DESPESAS CORRENTES;3;OUTRAS DESPESAS CORRENTES;00;[A DETALHAR];339000;APLICACOES DIRETAS;339000-9;NAO SE APLICA;-9;NAO SE APLICA;-9;NAO SE APLICA;-9;NAO SE APLICA;NAO SE APLICA;-9;-9;-9;DOCUMENTO LANCADO PELA FITA SOF ESB0GMX;-9;NAO SE APLICA;;;;;;0,00;;;;;;;;;;;;;;
14107;TRIBUNAL REGIONAL ELEITORAL DO DIST. FEDERAL;070025;TRIBUNAL REGIONAL ELEITORAL DO D. FEDERAL;02122057020GP0053;20GP;JULGAMENTO DE CAUSAS E GESTAO ADMINISTRATIVA NA JUSTICA ELEI;0001;JULGAMENTO DE CAUSAS E GESTAO ADMINISTRATIVA;084782;-8;SEM INFORMACAO;0127;CUSTAS E EMOLUMENTOS - PODER JUDICIARIO;1;ORCAMENTO FISCAL;3;DESPESAS CORRENTES;3;OUTRAS DESPESAS CORRENTES;00;[A DETALHAR];339000;APLICACOES DIRETAS;339000-9;NAO SE APLICA;-9;NAO SE APLICA;-9;NAO SE APLICA;-9;NAO SE APLICA;NAO SE APLICA;-9;-9;-9;DOCUMENTO LANCADO PELA FITA SOF ESB0GPT;-9;NAO SE APLICA;;;;;;0,00;;;;;;;;;;;;;;
14107;TRIBUNAL REGIONAL ELEITORAL DO DIST. FEDERAL;070025;TRIBUNAL REGIONAL ELEITORAL DO D. FEDERAL;02122057020GP0053;20GP;JULGAMENTO DE CAUSAS E GESTAO ADMINISTRATIVA NA JUSTICA ELEI;0001;JULGAMENTO DE CAUSAS E GESTAO ADMINISTRATIVA;084782;-8;SEM INFORMACAO;0127;CUSTAS E EMOLUMENTOS - PODER JUDICIARIO;1;ORCAMENTO FISCAL;3;DESPESAS CORRENTES;3;OUTRAS DESPESAS CORRENTES;00;[A DETALHAR];339000;APLICACOES DIRETAS;339000-9;NAO SE APLICA;-9;NAO SE APLICA;-9;NAO SE APLICA;-9;NAO SE APLICA;NAO SE APLICA;-9;-9;-9;EMISSAO DE NE - AQUISICAO DE MATERIAIS DE CONSUMO (PRODUTOS DE LIMPEZA).      (PA 0000938-14.2018.6.07.8100);-9;NAO SE APLICA;(40.470,00);(40.470,00);;;(40.470,00);;;;;;;;;;;;;;;
14107;TRIBUNAL REGIONAL ELEITORAL DO DIST. FEDERAL;070025;TRIBUNAL REGIONAL ELEITORAL DO D. FEDERAL;02122057020GP0053;20GP;JULGAMENTO DE CAUSAS E GESTAO ADMINISTRATIVA NA JUSTICA ELEI;0001;JULGAMENTO DE CAUSAS E GESTAO ADMINISTRATIVA;084782;-8;SEM INFORMACAO;0127;CUSTAS E EMOLUMENTOS - PODER JUDICIARIO;1;ORCAMENTO FISCAL;3;DESPESAS CORRENTES;3;OUTRAS DESPESAS CORRENTES;00;[A DETALHAR];339000;APLICACOES DIRETAS;339000-9;NAO SE APLICA;-9;NAO SE APLICA;-9;NAO SE APLICA;-9;NAO SE APLICA;NAO SE APLICA;-9;-9;-9;EMISSAO DE NE - AQUISICAO DE MATERIAIS DE CONSUMO (PRODUTOS DE LIMPEZA).      (PA 0000953-80.2018.6.07.8100);-9;NAO SE APLICA;(15.289,88);(15.289,88);;;(15.289,88);;;;;;;;;;;;;;;
14107;TRIBUNAL REGIONAL ELEITORAL DO DIST. FEDERAL;070025;TRIBUNAL REGIONAL ELEITORAL DO D. FEDERAL;02122057020GP0053;20GP;JULGAMENTO DE CAUSAS E GESTAO ADMINISTRATIVA NA JUSTICA ELEI;0001;JULGAMENTO DE CAUSAS E GESTAO ADMINISTRATIVA;084782;-8;SEM INFORMACAO;0127;CUSTAS E EMOLUMENTOS - PODER JUDICIARIO;1;ORCAMENTO FISCAL;3;DESPESAS CORRENTES;3;OUTRAS DESPESAS CORRENTES;00;[A DETALHAR];339000;APLICACOES DIRETAS;339000-9;NAO SE APLICA;-9;NAO SE APLICA;-9;NAO SE APLICA;-9;NAO SE APLICA;NAO SE APLICA;-9;-9;-9;LOCACAO DE AUDITORIO PARA SOLENIDADE DE ENTREGA DA MEDALHA DO MERITO ELEITORALPAE 0001234-36.2018.6.07.8100 - ALTERACAO PARA EMISSAO DE PRE-EMPENHO.;-9;NAO SE APLICA;(7.000,00);(7.000,00);;;(7.000,00);;;;;;;;;;;;;;;
14107;TRIBUNAL REGIONAL ELEITORAL DO DIST. FEDERAL;070025;TRIBUNAL REGIONAL ELEITORAL DO D. FEDERAL;02122057020GP0053;20GP;JULGAMENTO DE CAUSAS E GESTAO ADMINISTRATIVA NA JUSTICA ELEI;0001;JULGAMENTO DE CAUSAS E GESTAO ADMINISTRATIVA;084782;AIEF AGUA;SERVICOS DE AGUA E ESGOTO;0100;RECURSOS ORDINARIOS;1;ORCAMENTO FISCAL;3;DESPESAS CORRENTES;3;OUTRAS DESPESAS CORRENTES;39;OUTROS SERVICOS DE TERCEIROS PJ - OP.INT.ORC.;339039;OUTROS SERVICOS DE TERCEIROS - PESSOA JURIDICA;339039-9;NAO SE APLICA;-9;NAO SE APLICA;-9;NAO SE APLICA;-9;NAO SE APLICA;NAO SE APLICA;-9;-9;-9;14CT0003 - PRESTACAO DE SERVICOS DE ABASTECIMENTO DE AGUA, COLETA DE ESGOTO SANITARIO E SERVICOS AFINS, CONFORME CONTRATO Nº 03/2014.;-9;NAO SE APLICA;;;;;(204.000,00);;;;;;;;;;;;;;;
14107;TRIBUNAL REGIONAL ELEITORAL DO DIST. FEDERAL;070025;TRIBUNAL REGIONAL ELEITORAL DO D. FEDERAL;02122057020GP0053;20GP;JULGAMENTO DE CAUSAS E GESTAO ADMINISTRATIVA NA JUSTICA ELEI;0001;JULGAMENTO DE CAUSAS E GESTAO ADMINISTRATIVA;084782;AIEF AGUA;SERVICOS DE AGUA E ESGOTO;0100;RECURSOS ORDINARIOS;1;ORCAMENTO FISCAL;3;DESPESAS CORRENTES;3;OUTRAS DESPESAS CORRENTES;39;OUTROS SERVICOS DE TERCEIROS PJ - OP.INT.ORC.;339039;OUTROS SERVICOS DE TERCEIROS - PESSOA JURIDICA;339039-9;NAO SE APLICA;-9;NAO SE APLICA;-9;NAO SE APLICA;-9;NAO SE APLICA;NAO SE APLICA;-9;-9;-9;ALTERACAO PARA EMISSAO DE NE - PRESTACAO DE SERVICOS DE ABASTECIMENTO DE AGUA,COLETA DE ESGOTO SANITARIO E SERVICOS AFINS, CONFORME CONTRATO Nº 03/2014.    (PA 0000154-08.2016.6.07.8100);-9;NAO SE APLICA;204.000,00;204.000,00;;;204.000,00;;;;;;;;;;;;;;;
14107;TRIBUNAL REGIONAL ELEITORAL DO DIST. FEDERAL;070025;TRIBUNAL REGIONAL ELEITORAL DO D. FEDERAL;02122057020GP0053;20GP;JULGAMENTO DE CAUSAS E GESTAO ADMINISTRATIVA NA JUSTICA ELEI;0001;JULGAMENTO DE CAUSAS E GESTAO ADMINISTRATIVA;084782;AIEF AGUA;SERVICOS DE AGUA E ESGOTO;0100;RECURSOS ORDINARIOS;1;ORCAMENTO FISCAL;3;DESPESAS CORRENTES;3;OUTRAS DESPESAS CORRENTES;39;OUTROS SERVICOS DE TERCEIROS PJ - OP.INT.ORC.;339039;OUTROS SERVICOS DE TERCEIROS - PESSOA JURIDICA;33903944;SERVICOS DE AGUA E ESGOTO;3;ESTIMATIVO;07;INEXIGIBILIDADE;CP;25/01/2017;JAN/2017;2017;070025000012017NE000067;00001540820166078100;NAO SE APLICA;00082024000137;COMPANHIA DE SANEAMENTO AMBIENTAL DO DISTRITO FEDERAL;;;;;;;;;;;;;2.038,38;;;;;2.038,38;;
14107;TRIBUNAL REGIONAL ELEITORAL DO DIST. FEDERAL;070025;TRIBUNAL REGIONAL ELEITORAL DO D. FEDERAL;02122057020GP0053;20GP;JULGAMENTO DE CAUSAS E GESTAO ADMINISTRATIVA NA JUSTICA ELEI;0001;JULGAMENTO DE CAUSAS E GESTAO ADMINISTRATIVA;084782;AIEF AGUA;SERVICOS DE AGUA E ESGOTO;0100;RECURSOS ORDINARIOS;1;ORCAMENTO FISCAL;3;DESPESAS CORRENTES;3;OUTRAS DESPESAS CORRENTES;39;OUTROS SERVICOS DE TERCEIROS PJ - OP.INT.ORC.;339039;OUTROS SERVICOS DE TERCEIROS - PESSOA JURIDICA;33903944;SERVICOS DE AGUA E ESGOTO;3;ESTIMATIVO;07;INEXIGIBILIDADE;CP;25/01/2017;JAN/2017;2017;070025000012017NE000067;00001540820166078100;PAGTO DAS FATURAS 1263/1. FORNECIMENTO DE AGUA E COLETA DE ESGOTO SANITARIO AJUSTES DE DEZEMBRO/2017. RETENCAO DE 1,00 CSLL (R$ 1,03),COFINS 3,00 (R$ 3,10) E 0,65 PIS/PASEP (R$ 0,67). PA 181-88.2016.;00082024000137;COMPANHIA DE SANEAMENTO AMBIENTAL DO DISTRITO FEDERAL;;;;;;;;;;;;;;;;103,22;103,22;(103,22);103,22;103,22
14107;TRIBUNAL REGIONAL ELEITORAL DO DIST. FEDERAL;070025;TRIBUNAL REGIONAL ELEITORAL DO D. FEDERAL;02122057020GP0053;20GP;JULGAMENTO DE CAUSAS E GESTAO ADMINISTRATIVA NA JUSTICA ELEI;0001;JULGAMENTO DE CAUSAS E GESTAO ADMINISTRATIVA;084782;AIEF AGUA;SERVICOS DE AGUA E ESGOTO;0100;RECURSOS ORDINARIOS;1;ORCAMENTO FISCAL;3;DESPESAS CORRENTES;3;OUTRAS DESPESAS CORRENTES;39;OUTROS SERVICOS DE TERCEIROS PJ - OP.INT.ORC.;339039;OUTROS SERVICOS DE TERCEIROS - PESSOA JURIDICA;33903944;SERVICOS DE AGUA E ESGOTO;3;ESTIMATIVO;07;INEXIGIBILIDADE;CP;11/01/2018;JAN/2018;2018;070025000012018NE000052;00001540820166078100;14CT0003 - PRESTACAO DE SERVICOS DE ABASTECIMENTO DE AGUA, COLETA DE ESGOTO SANITARIO E SERVICOS AFINS, CONFORME CONTRATO Nº 03/2014.;00082024000137;COMPANHIA DE SANEAMENTO AMBIENTAL DO DISTRITO FEDERAL;;;;;;;;204.000,00;;;;;;;;;;;;
14107;TRIBUNAL REGIONAL ELEITORAL DO DIST. FEDERAL;070025;TRIBUNAL REGIONAL ELEITORAL DO D. FEDERAL;02122057020GP0053;20GP;JULGAMENTO DE CAUSAS E GESTAO ADMINISTRATIVA NA JUSTICA ELEI;0001;JULGAMENTO DE CAUSAS E GESTAO ADMINISTRATIVA;084782;AIEF AGUA;SERVICOS DE AGUA E ESGOTO;0100;RECURSOS ORDINARIOS;1;ORCAMENTO FISCAL;3;DESPESAS CORRENTES;3;OUTRAS DESPESAS CORRENTES;39;OUTROS SERVICOS DE TERCEIROS PJ - OP.INT.ORC.;339039;OUTROS SERVICOS DE TERCEIROS - PESSOA JURIDICA;33903944;SERVICOS DE AGUA E ESGOTO;3;ESTIMATIVO;07;INEXIGIBILIDADE;CP;11/01/2018;JAN/2018;2018;070025000012018NE000052;00001540820166078100;INEXISTENCIA DE AUTORIZACAO PARA PAGAMENTO POR PARTE DO                       ORDENADOR DE DESPESA E/OU GESTOR FINANCEIRO DA UNIDADE;00082024000137;COMPANHIA DE SANEAMENTO AMBIENTAL DO DISTRITO FEDERAL;;;;;;;;0,00;0,00;(13.759,24);;;;;;;;;0,00;(13.759,24)
14107;TRIBUNAL REGIONAL ELEITORAL DO DIST. FEDERAL;070025;TRIBUNAL REGIONAL ELEITORAL DO D. FEDERAL;02122057020GP0053;20GP;JULGAMENTO DE CAUSAS E GESTAO ADMINISTRATIVA NA JUSTICA ELEI;0001;JULGAMENTO DE CAUSAS E GESTAO ADMINISTRATIVA;084782;AIEF AGUA;SERVICOS DE AGUA E ESGOTO;0100;RECURSOS ORDINARIOS;1;ORCAMENTO FISCAL;3;DESPESAS CORRENTES;3;OUTRAS DESPESAS CORRENTES;39;OUTROS SERVICOS DE TERCEIROS PJ - OP.INT.ORC.;339039;OUTROS SERVICOS DE TERCEIROS - PESSOA JURIDICA;33903944;SERVICOS DE AGUA E ESGOTO;3;ESTIMATIVO;07;INEXIGIBILIDADE;CP;11/01/2018;JAN/2018;2018;070025000012018NE000052;00001540820166078100;PAGTO DA FATURA 1263/1. FORNECIMENTO DE AGUA E COLETA DE ESGOTO SANITARIO ABRIL/2018. RETENCAO DE 1,00 CSLL (R$ 144,30),COFINS 3,00 (R$ 432,91) E 0,65 PIS/PASEP (R$ 93,80). PA 181-88.2016.;00082024000137;COMPANHIA DE SANEAMENTO AMBIENTAL DO DISTRITO FEDERAL;;;;;;;;0,00;14.430,25;14.430,25;;;;;;;;;14.430,25;14.430,25
14107;TRIBUNAL REGIONAL ELEITORAL DO DIST. FEDERAL;070025;TRIBUNAL REGIONAL ELEITORAL DO D. FEDERAL;02122057020GP0053;20GP;JULGAMENTO DE CAUSAS E GESTAO ADMINISTRATIVA NA JUSTICA ELEI;0001;JULGAMENTO DE CAUSAS E GESTAO ADMINISTRATIVA;084782;AIEF AGUA;SERVICOS DE AGUA E ESGOTO;0100;RECURSOS ORDINARIOS;1;ORCAMENTO FISCAL;3;DESPESAS CORRENTES;3;OUTRAS DESPESAS CORRENTES;39;OUTROS SERVICOS DE TERCEIROS PJ - OP.INT.ORC.;339039;OUTROS SERVICOS DE TERCEIROS - PESSOA JURIDICA;33903944;SERVICOS DE AGUA E ESGOTO;3;ESTIMATIVO;07;INEXIGIBILIDADE;CP;11/01/2018;JAN/2018;2018;070025000012018NE000052;00001540820166078100;PAGTO DAS FATURAS 1263/1. FORNECIMENTO DE AGUA E COLETA DE ESGOTO SANITARIO FEVEREIRO/2018. RETENCAO DE 1,00 CSLL (R$ 136,83),COFINS 3,00 (R$ 410,48) E 0,65 PIS/PASEP (R$ 88,94). PA 181-88.2016.;00082024000137;COMPANHIA DE SANEAMENTO AMBIENTAL DO DISTRITO FEDERAL;;;;;;;;0,00;13.682,58;27.958,89;;;;;;;;;13.682,58;27.958,89
14107;TRIBUNAL REGIONAL ELEITORAL DO DIST. FEDERAL;070025;TRIBUNAL REGIONAL ELEITORAL DO D. FEDERAL;02122057020GP0053;20GP;JULGAMENTO DE CAUSAS E GESTAO ADMINISTRATIVA NA JUSTICA ELEI;0001;JULGAMENTO DE CAUSAS E GESTAO ADMINISTRATIVA;084782;AIEF AGUA;SERVICOS DE AGUA E ESGOTO;0100;RECURSOS ORDINARIOS;1;ORCAMENTO FISCAL;3;DESPESAS CORRENTES;3;OUTRAS DESPESAS CORRENTES;39;OUTROS SERVICOS DE TERCEIROS PJ - OP.INT.ORC.;339039;OUTROS SERVICOS DE TERCEIROS - PESSOA JURIDICA;33903944;SERVICOS DE AGUA E ESGOTO;3;ESTIMATIVO;07;INEXIGIBILIDADE;CP;11/01/2018;JAN/2018;2018;070025000012018NE000052;00001540820166078100;PAGTO DAS FATURAS 1263/1. FORNECIMENTO DE AGUA E COLETA DE ESGOTO SANITARIO JANEIRO/2018. RETENCAO DE 1,00 CSLL (R$ 99,47),COFINS 3,00 (R$ 298,41) E 0,65 PIS/PASEP (R$ 64,65). PA 181-88.2016.;00082024000137;COMPANHIA DE SANEAMENTO AMBIENTAL DO DISTRITO FEDERAL;;;;;;;;0,00;9.946,84;9.946,84;;;;;;;;;9.946,84;9.946,84
14107;TRIBUNAL REGIONAL ELEITORAL DO DIST. FEDERAL;070025;TRIBUNAL REGIONAL ELEITORAL DO D. FEDERAL;02122057020GP0053;20GP;JULGAMENTO DE CAUSAS E GESTAO ADMINISTRATIVA NA JUSTICA ELEI;0001;JULGAMENTO DE CAUSAS E GESTAO ADMINISTRATIVA;084782;AIEF AGUA;SERVICOS DE AGUA E ESGOTO;0100;RECURSOS ORDINARIOS;1;ORCAMENTO FISCAL;3;DESPESAS CORRENTES;3;OUTRAS DESPESAS CORRENTES;39;OUTROS SERVICOS DE TERCEIROS PJ - OP.INT.ORC.;339039;OUTROS SERVICOS DE TERCEIROS - PESSOA JURIDICA;33903944;SERVICOS DE AGUA E ESGOTO;3;ESTIMATIVO;07;INEXIGIBILIDADE;CP;11/01/2018;JAN/2018;2018;070025000012018NE000052;00001540820166078100;PAGTO DAS FATURAS 1263/1. FORNECIMENTO DE AGUA E COLETA DE ESGOTO SANITARIO MARCO/2018. RETENCAO DE 1,00 CSLL (R$ 149,73),COFINS 3,00 (R$ 449,18) E 0,65 PIS/PASEP (R$ 97,32). PA 181-88.2016.;00082024000137;COMPANHIA DE SANEAMENTO AMBIENTAL DO DISTRITO FEDERAL;;;;;;;;0,00;14.972,54;696,23;;;;;;;;;14.972,54;696,23
14107;TRIBUNAL REGIONAL ELEITORAL DO DIST. FEDERAL;070025;TRIBUNAL REGIONAL ELEITORAL DO D. FEDERAL;02122057020GP0053;20GP;JULGAMENTO DE CAUSAS E GESTAO ADMINISTRATIVA NA JUSTICA ELEI;0001;JULGAMENTO DE CAUSAS E GESTAO ADMINISTRATIVA;084782;AIEF ENERGI;ENERGIA ELETRICA;0100;RECURSOS ORDINARIOS;1;ORCAMENTO FISCAL;3;DESPESAS CORRENTES;3;OUTRAS DESPESAS CORRENTES;39;OUTROS SERVICOS DE TERCEIROS PJ - OP.INT.ORC.;339039;OUTROS SERVICOS DE TERCEIROS - PESSOA JURIDICA;339039-9;NAO SE APLICA;-9;NAO SE APLICA;-9;NAO SE APLICA;-9;NAO SE APLICA;NAO SE APLICA;-9;-9;-9;2018NECT - FORNECIMENTO DE ENERGIA ELETRICA - CONTRATO DE ADESAO.;-9;NAO SE APLICA;;;;;(1.200.000,00);;;;;;;;;;;;;;;
14107;TRIBUNAL REGIONAL ELEITORAL DO DIST. FEDERAL;070025;TRIBUNAL REGIONAL ELEITORAL DO D. FEDERAL;02122057020GP0053;20GP;JULGAMENTO DE CAUSAS E GESTAO ADMINISTRATIVA NA JUSTICA ELEI;0001;JULGAMENTO DE CAUSAS E GESTAO ADMINISTRATIVA;084782;AIEF ENERGI;ENERGIA ELETRICA;0100;RECURSOS ORDINARIOS;1;ORCAMENTO FISCAL;3;DESPESAS CORRENTES;3;OUTRAS DESPESAS CORRENTES;39;OUTROS SERVICOS DE TERCEIROS PJ - OP.INT.ORC.;339039;OUTROS SERVICOS DE TERCEIROS - PESSOA JURIDICA;339039-9;NAO SE APLICA;-9;NAO SE APLICA;-9;NAO SE APLICA;-9;NAO SE APLICA;NAO SE APLICA;-9;-9;-9;2018NECT - FORNECIMENTO DE ENERGIA ELETRICA PARA CENTRAL DE ATENDIMENTO AO    ELEITOR DA CEILANDIA. CONTRATO CEB Nº 230/2016 - CUSD/CCER.;-9;NAO SE APLICA;;;;;(25.000,00);;;;;;;;;;;;;;;
14107;TRIBUNAL REGIONAL ELEITORAL DO DIST. FEDERAL;070025;TRIBUNAL REGIONAL ELEITORAL DO D. FEDERAL;02122057020GP0053;20GP;JULGAMENTO DE CAUSAS E GESTAO ADMINISTRATIVA NA JUSTICA ELEI;0001;JULGAMENTO DE CAUSAS E GESTAO ADMINISTRATIVA;084782;AIEF ENERGI;ENERGIA ELETRICA;0100;RECURSOS ORDINARIOS;1;ORCAMENTO FISCAL;3;DESPESAS CORRENTES;3;OUTRAS DESPESAS CORRENTES;39;OUTROS SERVICOS DE TERCEIROS PJ - OP.INT.ORC.;339039;OUTROS SERVICOS DE TERCEIROS - PESSOA JURIDICA;339039-9;NAO SE APLICA;-9;NAO SE APLICA;-9;NAO SE APLICA;-9;NAO SE APLICA;NAO SE APLICA;-9;-9;-9;ALTERACAO P/ EMISSAO DE NE - FORNECIMENTO DE ENERGIA ELETRICA E CONTRIBUICAO  DE ILUMINACAO PUBLICA - CAE DA CEILANDIA. PAE 0000253-41.2017.6.07.8100;-9;NAO SE APLICA;25.000,00;25.000,00;;;25.000,00;;;;;;;;;;;;;;;
14107;TRIBUNAL REGIONAL ELEITORAL DO DIST. FEDERAL;070025;TRIBUNAL REGIONAL ELEITORAL DO D. FEDERAL;02122057020GP0053;20GP;JULGAMENTO DE CAUSAS E GESTAO ADMINISTRATIVA NA JUSTICA ELEI;0001;JULGAMENTO DE CAUSAS E GESTAO ADMINISTRATIVA;084782;AIEF ENERGI;ENERGIA ELETRICA;0100;RECURSOS ORDINARIOS;1;ORCAMENTO FISCAL;3;DESPESAS CORRENTES;3;OUTRAS DESPESAS CORRENTES;39;OUTROS SERVICOS DE TERCEIROS PJ - OP.INT.ORC.;339039;OUTROS SERVICOS DE TERCEIROS - PESSOA JURIDICA;339039-9;NAO SE APLICA;-9;NAO SE APLICA;-9;NAO SE APLICA;-9;NAO SE APLICA;NAO SE APLICA;-9;-9;-9;ALTERCAO PARA EMISSAO DE NE - FORNECIMENTO DE ENERGIA ELETRICA.               (PA 0000217-33.2016.6.07.8100);-9;NAO SE APLICA;1.200.000,00;1.200.000,00;;;1.200.000,00;;;;;;;;;;;;;;;
14107;TRIBUNAL REGIONAL ELEITORAL DO DIST. FEDERAL;070025;TRIBUNAL REGIONAL ELEITORAL DO D. FEDERAL;02122057020GP0053;20GP;JULGAMENTO DE CAUSAS E GESTAO ADMINISTRATIVA NA JUSTICA ELEI;0001;JULGAMENTO DE CAUSAS E GESTAO ADMINISTRATIVA;084782;AIEF ENERGI;ENERGIA ELETRICA;0100;RECURSOS ORDINARIOS;1;ORCAMENTO FISCAL;3;DESPESAS CORRENTES;3;OUTRAS DESPESAS CORRENTES;39;OUTROS SERVICOS DE TERCEIROS PJ - OP.INT.ORC.;339039;OUTROS SERVICOS DE TERCEIROS - PESSOA JURIDICA;33903943;SERVICOS DE ENERGIA ELETRICA;3;ESTIMATIVO;06;DISPENSA DE LICITACAO;22;11/01/2018;JAN/2018;2018;070025000012018NE000053;00002534120176078100;2018NECT - FORNECIMENTO DE ENERGIA ELETRICA PARA CENTRAL DE ATENDIMENTO AO    ELEITOR DA CEILANDIA. CONTRATO CEB Nº 230/2016 - CUSD/CCER.;974133;CEB DISTRIBUICAO S/A;;;;;;;;25.000,00;;;;;;;;;;;;
14107;TRIBUNAL REGIONAL ELEITORAL DO DIST. FEDERAL;070025;TRIBUNAL REGIONAL ELEITORAL DO D. FEDERAL;02122057020GP0053;20GP;JULGAMENTO DE CAUSAS E GESTAO ADMINISTRATIVA NA JUSTICA ELEI;0001;JULGAMENTO DE CAUSAS E GESTAO ADMINISTRATIVA;084782;AIEF ENERGI;ENERGIA ELETRICA;0100;RECURSOS ORDINARIOS;1;ORCAMENTO FISCAL;3;DESPESAS CORRENTES;3;OUTRAS DESPESAS CORRENTES;39;OUTROS SERVICOS DE TERCEIROS PJ - OP.INT.ORC.;339039;OUTROS SERVICOS DE TERCEIROS - PESSOA JURIDICA;33903943;SERVICOS DE ENERGIA ELETRICA;3;ESTIMATIVO;06;DISPENSA DE LICITACAO;22;11/01/2018;JAN/2018;2018;070025000012018NE000053;00002534120176078100;PAGTO FATURA DO MES DE ABRIL/2018. FORNECIMENTO DE ENERGIA ELETRICA. RETENCAO 5,85 IMP FED (R$ 82,91). PA 1682-43.2017.6.07.8100.;974133;CEB DISTRIBUICAO S/A;;;;;;;;0,00;1.413,64;1.413,64;;;;;;;;;1.413,64;1.413,64
14107;TRIBUNAL REGIONAL ELEITORAL DO DIST. FEDERAL;070025;TRIBUNAL REGIONAL ELEITORAL DO D. FEDERAL;02122057020GP0053;20GP;JULGAMENTO DE CAUSAS E GESTAO ADMINISTRATIVA NA JUSTICA ELEI;0001;JULGAMENTO DE CAUSAS E GESTAO ADMINISTRATIVA;084782;AIEF ENERGI;ENERGIA ELETRICA;0100;RECURSOS ORDINARIOS;1;ORCAMENTO FISCAL;3;DESPESAS CORRENTES;3;OUTRAS DESPESAS CORRENTES;39;OUTROS SERVICOS DE TERCEIROS PJ - OP.INT.ORC.;339039;OUTROS SERVICOS DE TERCEIROS - PESSOA JURIDICA;33903943;SERVICOS DE ENERGIA ELETRICA;3;ESTIMATIVO;06;DISPENSA DE LICITACAO;22;11/01/2018;JAN/2018;2018;070025000012018NE000053;00002534120176078100;PAGTO FATURAS DO MES DE FEVEREIRO/2018. FORNECIMENTO DE ENERGIA ELETRICA. RETENCAO 5,85 IMP FED (R$ 99,99). PA 1682-43.2017.6.07.8100.;974133;CEB DISTRIBUICAO S/A;;;;;;;;0,00;1.666,77;1.666,77;;;;;;;;;1.666,77;1.666,77
14107;TRIBUNAL REGIONAL ELEITORAL DO DIST. FEDERAL;070025;TRIBUNAL REGIONAL ELEITORAL DO D. FEDERAL;02122057020GP0053;20GP;JULGAMENTO DE CAUSAS E GESTAO ADMINISTRATIVA NA JUSTICA ELEI;0001;JULGAMENTO DE CAUSAS E GESTAO ADMINISTRATIVA;084782;AIEF ENERGI;ENERGIA ELETRICA;0100;RECURSOS ORDINARIOS;1;ORCAMENTO FISCAL;3;DESPESAS CORRENTES;3;OUTRAS DESPESAS CORRENTES;39;OUTROS SERVICOS DE TERCEIROS PJ - OP.INT.ORC.;339039;OUTROS SERVICOS DE TERCEIROS - PESSOA JURIDICA;33903943;SERVICOS DE ENERGIA ELETRICA;3;ESTIMATIVO;06;DISPENSA DE LICITACAO;22;11/01/2018;JAN/2018;2018;070025000012018NE000053;00002534120176078100;PAGTO FATURAS DO MES DE JANEIRO/2018. FORNECIMENTO DE ENERGIA ELETRICA. RETENCAO 5,85 IMP FED (R$ 62,97). PA 1682-43.2017.6.07.8100.;974133;CEB DISTRIBUICAO S/A;;;;;;;;0,00;1.076,81;1.076,81;;;;;;;;;1.076,81;1.076,81
14107;TRIBUNAL REGIONAL ELEITORAL DO DIST. FEDERAL;070025;TRIBUNAL REGIONAL ELEITORAL DO D. FEDERAL;02122057020GP0053;20GP;JULGAMENTO DE CAUSAS E GESTAO ADMINISTRATIVA NA JUSTICA ELEI;0001;JULGAMENTO DE CAUSAS E GESTAO ADMINISTRATIVA;084782;AIEF ENERGI;ENERGIA ELETRICA;0100;RECURSOS ORDINARIOS;1;ORCAMENTO FISCAL;3;DESPESAS CORRENTES;3;OUTRAS DESPESAS CORRENTES;39;OUTROS SERVICOS DE TERCEIROS PJ - OP.INT.ORC.;339039;OUTROS SERVICOS DE TERCEIROS - PESSOA JURIDICA;33903943;SERVICOS DE ENERGIA ELETRICA;3;ESTIMATIVO;06;DISPENSA DE LICITACAO;22;11/01/2018;JAN/2018;2018;070025000012018NE000053;00002534120176078100;PAGTO FATURAS DO MES DE MARCO/2018. FORNECIMENTO DE ENERGIA ELETRICA. RETENCAO 5,85 IMP FED (R$ 101,44). PA 1682-43.2017.6.07.8100.;974133;CEB DISTRIBUICAO S/A;;;;;;;;0,00;1.734,28;1.734,28;;;;;;;;;1.734,28;1.734,28
14107;TRIBUNAL REGIONAL ELEITORAL DO DIST. FEDERAL;070025;TRIBUNAL REGIONAL ELEITORAL DO D. FEDERAL;02122057020GP0053;20GP;JULGAMENTO DE CAUSAS E GESTAO ADMINISTRATIVA NA JUSTICA ELEI;0001;JULGAMENTO DE CAUSAS E GESTAO ADMINISTRATIVA;084782;AIEF ENERGI;ENERGIA ELETRICA;0100;RECURSOS ORDINARIOS;1;ORCAMENTO FISCAL;3;DESPESAS CORRENTES;3;OUTRAS DESPESAS CORRENTES;39;OUTROS SERVICOS DE TERCEIROS PJ - OP.INT.ORC.;339039;OUTROS SERVICOS DE TERCEIROS - PESSOA JURIDICA;33903943;SERVICOS DE ENERGIA ELETRICA;3;ESTIMATIVO;07;INEXIGIBILIDADE;CP;15/01/2018;JAN/2018;2018;070025000012018NE000057;00002173320166078100;2018NECT - FORNECIMENTO DE ENERGIA ELETRICA - CONTRATO DE ADESAO.;974133;CEB DISTRIBUICAO S/A;;;;;;;;1.200.000,00;;;;;;;;;;;;
14107;TRIBUNAL REGIONAL ELEITORAL DO DIST. FEDERAL;070025;TRIBUNAL REGIONAL ELEITORAL DO D. FEDERAL;02122057020GP0053;20GP;JULGAMENTO DE CAUSAS E GESTAO ADMINISTRATIVA NA JUSTICA ELEI;0001;JULGAMENTO DE CAUSAS E GESTAO ADMINISTRATIVA;084782;AIEF ENERGI;ENERGIA ELETRICA;0100;RECURSOS ORDINARIOS;1;ORCAMENTO FISCAL;3;DESPESAS CORRENTES;3;OUTRAS DESPESAS CORRENTES;39;OUTROS SERVICOS DE TERCEIROS PJ - OP.INT.ORC.;339039;OUTROS SERVICOS DE TERCEIROS - PESSOA JURIDICA;33903943;SERVICOS DE ENERGIA ELETRICA;3;ESTIMATIVO;07;INEXIGIBILIDADE;CP;15/01/2018;JAN/2018;2018;070025000012018NE000057;00002173320166078100;PAGTO FATURAS DO MES DE ABRIL/2018. FORNECIMENTO DE ENERGIA ELETRICA. RETENCAO 5,85 IMP FED (R$ 5.186,85). PA 0443-38.2016.6.07.8100.;974133;CEB DISTRIBUICAO S/A;;;;;;;;0,00;88.630,75;88.630,75;;;;;;;;;88.630,75;88.630,75
14107;TRIBUNAL REGIONAL ELEITORAL DO DIST. FEDERAL;070025;TRIBUNAL REGIONAL ELEITORAL DO D. FEDERAL;02122057020GP0053;20GP;JULGAMENTO DE CAUSAS E GESTAO ADMINISTRATIVA NA JUSTICA ELEI;0001;JULGAMENTO DE CAUSAS E GESTAO ADMINISTRATIVA;084782;AIEF ENERGI;ENERGIA ELETRICA;0100;RECURSOS ORDINARIOS;1;ORCAMENTO FISCAL;3;DESPESAS CORRENTES;3;OUTRAS DESPESAS CORRENTES;39;OUTROS SERVICOS DE TERCEIROS PJ - OP.INT.ORC.;339039;OUTROS SERVICOS DE TERCEIROS - PESSOA JURIDICA;33903943;SERVICOS DE ENERGIA ELETRICA;3;ESTIMATIVO;07;INEXIGIBILIDADE;CP;15/01/2018;JAN/2018;2018;070025000012018NE000057;00002173320166078100;PAGTO FATURAS DO MES DE FEVEREIRO/2018. FORNECIMENTO DE ENERGIA ELETRICA. RETENCAO 5,85 IMP FED (R$ 5.032,06). PA 0443-38.2016.6.07.8100.;974133;CEB DISTRIBUICAO S/A;;;;;;;;0,00;85.897,34;85.897,34;;;;;;;;;85.897,34;85.897,34
14107;TRIBUNAL REGIONAL ELEITORAL DO DIST. FEDERAL;070025;TRIBUNAL REGIONAL ELEITORAL DO D. FEDERAL;02122057020GP0053;20GP;JULGAMENTO DE CAUSAS E GESTAO ADMINISTRATIVA NA JUSTICA ELEI;0001;JULGAMENTO DE CAUSAS E GESTAO ADMINISTRATIVA;084782;AIEF ENERGI;ENERGIA ELETRICA;0100;RECURSOS ORDINARIOS;1;ORCAMENTO FISCAL;3;DESPESAS CORRENTES;3;OUTRAS DESPESAS CORRENTES;39;OUTROS SERVICOS DE TERCEIROS PJ - OP.INT.ORC.;339039;OUTROS SERVICOS DE TERCEIROS - PESSOA JURIDICA;33903943;SERVICOS DE ENERGIA ELETRICA;3;ESTIMATIVO;07;INEXIGIBILIDADE;CP;15/01/2018;JAN/2018;2018;070025000012018NE000057;00002173320166078100;PAGTO FATURAS DO MES DE JANEIRO/2018. FORNECIMENTO DE ENERGIA ELETRICA. RETENCAO 5,85 IMP FED (R$ 4.465,56). PA 0443-38.2016.6.07.8100.;974133;CEB DISTRIBUICAO S/A;;;;;;;;0,00;76.269,92;76.269,92;;;;;;;;;76.269,92;76.269,92
14107;TRIBUNAL REGIONAL ELEITORAL DO DIST. FEDERAL;070025;TRIBUNAL REGIONAL ELEITORAL DO D. FEDERAL;02122057020GP0053;20GP;JULGAMENTO DE CAUSAS E GESTAO ADMINISTRATIVA NA JUSTICA ELEI;0001;JULGAMENTO DE CAUSAS E GESTAO ADMINISTRATIVA;084782;AIEF ENERGI;ENERGIA ELETRICA;0100;RECURSOS ORDINARIOS;1;ORCAMENTO FISCAL;3;DESPESAS CORRENTES;3;OUTRAS DESPESAS CORRENTES;39;OUTROS SERVICOS DE TERCEIROS PJ - OP.INT.ORC.;339039;OUTROS SERVICOS DE TERCEIROS - PESSOA JURIDICA;33903943;SERVICOS DE ENERGIA ELETRICA;3;ESTIMATIVO;07;INEXIGIBILIDADE;CP;15/01/2018;JAN/2018;2018;070025000012018NE000057;00002173320166078100;PAGTO FATURAS DO MES DE MARCO/2018. FORNECIMENTO DE ENERGIA ELETRICA. RETENCAO 5,85 IMP FED (R$ 5.039,69). PA 0443-38.2016.6.07.8100.;974133;CEB DISTRIBUICAO S/A;;;;;;;;0,00;83.430,76;83.430,76;;;;;;;;;83.430,76;83.430,76
14107;TRIBUNAL REGIONAL ELEITORAL DO DIST. FEDERAL;070025;TRIBUNAL REGIONAL ELEITORAL DO D. FEDERAL;02122057020GP0053;20GP;JULGAMENTO DE CAUSAS E GESTAO ADMINISTRATIVA NA JUSTICA ELEI;0001;JULGAMENTO DE CAUSAS E GESTAO ADMINISTRATIVA;084782;AIEF ENERGI;ENERGIA ELETRICA;0100;RECURSOS ORDINARIOS;1;ORCAMENTO FISCAL;3;DESPESAS CORRENTES;3;OUTRAS DESPESAS CORRENTES;47;OBRIGACOES TRIBUTARIAS E CONTRIBUTIVAS;339047;OBRIGACOES TRIBUTARIAS E CONTRIBUTIVAS;339047-9;NAO SE APLICA;-9;NAO SE APLICA;-9;NAO SE APLICA;-9;NAO SE APLICA;NAO SE APLICA;-9;-9;-9;2018NECT - CONTRIBUICAO DE ILUMINACAO PUBLICA - CONTRATO DE ADESAO.;-9;NAO SE APLICA;;;;;(67.000,00);;;;;;;;;;;;;;;
14107;TRIBUNAL REGIONAL ELEITORAL DO DIST. FEDERAL;070025;TRIBUNAL REGIONAL ELEITORAL DO D. FEDERAL;02122057020GP0053;20GP;JULGAMENTO DE CAUSAS E GESTAO ADMINISTRATIVA NA JUSTICA ELEI;0001;JULGAMENTO DE CAUSAS E GESTAO ADMINISTRATIVA;084782;AIEF ENERGI;ENERGIA ELETRICA;0100;RECURSOS ORDINARIOS;1;ORCAMENTO FISCAL;3;DESPESAS CORRENTES;3;OUTRAS DESPESAS CORRENTES;47;OBRIGACOES TRIBUTARIAS E CONTRIBUTIVAS;339047;OBRIGACOES TRIBUTARIAS E CONTRIBUTIVAS;339047-9;NAO SE APLICA;-9;NAO SE APLICA;-9;NAO SE APLICA;-9;NAO SE APLICA;NAO SE APLICA;-9;-9;-9;2018NECT - CONTRIBUICAO DE ILUMINACAO PUBLICA PARA CENTRAL DE ATENDIMENTO AO  ELEITOR DA CEILANDIA. CONTRATO CEB Nº 230/2016 - CUSD/CCER.;-9;NAO SE APLICA;;;;;(3.000,00);;;;;;;;;;;;;;;
14107;TRIBUNAL REGIONAL ELEITORAL DO DIST. FEDERAL;070025;TRIBUNAL REGIONAL ELEITORAL DO D. FEDERAL;02122057020GP0053;20GP;JULGAMENTO DE CAUSAS E GESTAO ADMINISTRATIVA NA JUSTICA ELEI;0001;JULGAMENTO DE CAUSAS E GESTAO ADMINISTRATIVA;084782;AIEF ENERGI;ENERGIA ELETRICA;0100;RECURSOS ORDINARIOS;1;ORCAMENTO FISCAL;3;DESPESAS CORRENTES;3;OUTRAS DESPESAS CORRENTES;47;OBRIGACOES TRIBUTARIAS E CONTRIBUTIVAS;339047;OBRIGACOES TRIBUTARIAS E CONTRIBUTIVAS;339047-9;NAO SE APLICA;-9;NAO SE APLICA;-9;NAO SE APLICA;-9;NAO SE APLICA;NAO SE APLICA;-9;-9;-9;ALTERACAO P/ EMISSAO DE NE - FORNECIMENTO DE ENERGIA ELETRICA E CONTRIBUICAO  DE ILUMINACAO PUBLICA - CAE DA CEILANDIA. PAE 0000253-41.2017.6.07.8100;-9;NAO SE APLICA;3.000,00;3.000,00;;;3.000,00;;;;;;;;;;;;;;;
14107;TRIBUNAL REGIONAL ELEITORAL DO DIST. FEDERAL;070025;TRIBUNAL REGIONAL ELEITORAL DO D. FEDERAL;02122057020GP0053;20GP;JULGAMENTO DE CAUSAS E GESTAO ADMINISTRATIVA NA JUSTICA ELEI;0001;JULGAMENTO DE CAUSAS E GESTAO ADMINISTRATIVA;084782;AIEF ENERGI;ENERGIA ELETRICA;0100;RECURSOS ORDINARIOS;1;ORCAMENTO FISCAL;3;DESPESAS CORRENTES;3;OUTRAS DESPESAS CORRENTES;47;OBRIGACOES TRIBUTARIAS E CONTRIBUTIVAS;339047;OBRIGACOES TRIBUTARIAS E CONTRIBUTIVAS;339047-9;NAO SE APLICA;-9;NAO SE APLICA;-9;NAO SE APLICA;-9;NAO SE APLICA;NAO SE APLICA;-9;-9;-9;ALTERACAO PARA EMISSAO DE NE - CONTRIBUICAO DE ILUMINACAO PUBLICA.            (PA 0000217-33.2016.6.07.8100);-9;NAO SE APLICA;67.000,00;67.000,00;;;67.000,00;;;;;;;;;;;;;;;
14107;TRIBUNAL REGIONAL ELEITORAL DO DIST. FEDERAL;070025;TRIBUNAL REGIONAL ELEITORAL DO D. FEDERAL;02122057020GP0053;20GP;JULGAMENTO DE CAUSAS E GESTAO ADMINISTRATIVA NA JUSTICA ELEI;0001;JULGAMENTO DE CAUSAS E GESTAO ADMINISTRATIVA;084782;AIEF ENERGI;ENERGIA ELETRICA;0100;RECURSOS ORDINARIOS;1;ORCAMENTO FISCAL;3;DESPESAS CORRENTES;3;OUTRAS DESPESAS CORRENTES;47;OBRIGACOES TRIBUTARIAS E CONTRIBUTIVAS;339047;OBRIGACOES TRIBUTARIAS E CONTRIBUTIVAS;33904722;CONTRIBUICAO P/ CUSTEIO DE ILUMINACAO PUBLICA;3;ESTIMATIVO;06;DISPENSA DE LICITACAO;22;11/01/2018;JAN/2018;2018;070025000012018NE000054;00002534120176078100;2018NECT - CONTRIBUICAO DE ILUMINACAO PUBLICA PARA CENTRAL DE ATENDIMENTO AO  ELEITOR DA CEILANDIA. CONTRATO CEB Nº 230/2016 - CUSD/CCER.;974133;CEB DISTRIBUICAO S/A;;;;;;;;3.000,00;;;;;;;;;;;;
14107;TRIBUNAL REGIONAL ELEITORAL DO DIST. FEDERAL;070025;TRIBUNAL REGIONAL ELEITORAL DO D. FEDERAL;02122057020GP0053;20GP;JULGAMENTO DE CAUSAS E GESTAO ADMINISTRATIVA NA JUSTICA ELEI;0001;JULGAMENTO DE CAUSAS E GESTAO ADMINISTRATIVA;084782;AIEF ENERGI;ENERGIA ELETRICA;0100;RECURSOS ORDINARIOS;1;ORCAMENTO FISCAL;3;DESPESAS CORRENTES;3;OUTRAS DESPESAS CORRENTES;47;OBRIGACOES TRIBUTARIAS E CONTRIBUTIVAS;339047;OBRIGACOES TRIBUTARIAS E CONTRIBUTIVAS;33904722;CONTRIBUICAO P/ CUSTEIO DE ILUMINACAO PUBLICA;3;ESTIMATIVO;06;DISPENSA DE LICITACAO;22;11/01/2018;JAN/2018;2018;070025000012018NE000054;00002534120176078100;PAGTO FATURA DO MES DE ABRIL/2018. FORNECIMENTO DE ENERGIA ELETRICA. RETENCAO 5,85 IMP FED (R$ 82,91). PA 1682-43.2017.6.07.8100.;974133;CEB DISTRIBUICAO S/A;;;;;;;;0,00;157,54;157,54;;;;;;;;;157,54;157,54
14107;TRIBUNAL REGIONAL ELEITORAL DO DIST. FEDERAL;070025;TRIBUNAL REGIONAL ELEITORAL DO D. FEDERAL;02122057020GP0053;20GP;JULGAMENTO DE CAUSAS E GESTAO ADMINISTRATIVA NA JUSTICA ELEI;0001;JULGAMENTO DE CAUSAS E GESTAO ADMINISTRATIVA;084782;AIEF ENERGI;ENERGIA ELETRICA;0100;RECURSOS ORDINARIOS;1;ORCAMENTO FISCAL;3;DESPESAS CORRENTES;3;OUTRAS DESPESAS CORRENTES;47;OBRIGACOES TRIBUTARIAS E CONTRIBUTIVAS;339047;OBRIGACOES TRIBUTARIAS E CONTRIBUTIVAS;33904722;CONTRIBUICAO P/ CUSTEIO DE ILUMINACAO PUBLICA;3;ESTIMATIVO;06;DISPENSA DE LICITACAO;22;11/01/2018;JAN/2018;2018;070025000012018NE000054;00002534120176078100;PAGTO FATURAS DO MES DE FEVEREIRO/2018. FORNECIMENTO DE ENERGIA ELETRICA. RETENCAO 5,85 IMP FED (R$ 99,99). PA 1682-43.2017.6.07.8100.;974133;CEB DISTRIBUICAO S/A;;;;;;;;0,00;157,54;157,54;;;;;;;;;157,54;157,54
14107;TRIBUNAL REGIONAL ELEITORAL DO DIST. FEDERAL;070025;TRIBUNAL REGIONAL ELEITORAL DO D. FEDERAL;02122057020GP0053;20GP;JULGAMENTO DE CAUSAS E GESTAO ADMINISTRATIVA NA JUSTICA ELEI;0001;JULGAMENTO DE CAUSAS E GESTAO ADMINISTRATIVA;084782;AIEF ENERGI;ENERGIA ELETRICA;0100;RECURSOS ORDINARIOS;1;ORCAMENTO FISCAL;3;DESPESAS CORRENTES;3;OUTRAS DESPESAS CORRENTES;47;OBRIGACOES TRIBUTARIAS E CONTRIBUTIVAS;339047;OBRIGACOES TRIBUTARIAS E CONTRIBUTIVAS;33904722;CONTRIBUICAO P/ CUSTEIO DE ILUMINACAO PUBLICA;3;ESTIMATIVO;06;DISPENSA DE LICITACAO;22;11/01/2018;JAN/2018;2018;070025000012018NE000054;00002534120176078100;PAGTO FATURAS DO MES DE JANEIRO/2018. FORNECIMENTO DE ENERGIA ELETRICA. RETENCAO 5,85 IMP FED (R$ 62,97). PA 1682-43.2017.6.07.8100.;974133;CEB DISTRIBUICAO S/A;;;;;;;;0,00;231,75;231,75;;;;;;;;;231,75;231,75
14107;TRIBUNAL REGIONAL ELEITORAL DO DIST. FEDERAL;070025;TRIBUNAL REGIONAL ELEITORAL DO D. FEDERAL;02122057020GP0053;20GP;JULGAMENTO DE CAUSAS E GESTAO ADMINISTRATIVA NA JUSTICA ELEI;0001;JULGAMENTO DE CAUSAS E GESTAO ADMINISTRATIVA;084782;AIEF ENERGI;ENERGIA ELETRICA;0100;RECURSOS ORDINARIOS;1;ORCAMENTO FISCAL;3;DESPESAS CORRENTES;3;OUTRAS DESPESAS CORRENTES;47;OBRIGACOES TRIBUTARIAS E CONTRIBUTIVAS;339047;OBRIGACOES TRIBUTARIAS E CONTRIBUTIVAS;33904722;CONTRIBUICAO P/ CUSTEIO DE ILUMINACAO PUBLICA;3;ESTIMATIVO;06;DISPENSA DE LICITACAO;22;11/01/2018;JAN/2018;2018;070025000012018NE000054;00002534120176078100;PAGTO FATURAS DO MES DE MARCO/2018. FORNECIMENTO DE ENERGIA ELETRICA. RETENCAO 5,85 IMP FED (R$ 101,44). PA 1682-43.2017.6.07.8100.;974133;CEB DISTRIBUICAO S/A;;;;;;;;0,00;157,54;157,54;;;;;;;;;157,54;157,54
14107;TRIBUNAL REGIONAL ELEITORAL DO DIST. FEDERAL;070025;TRIBUNAL REGIONAL ELEITORAL DO D. FEDERAL;02122057020GP0053;20GP;JULGAMENTO DE CAUSAS E GESTAO ADMINISTRATIVA NA JUSTICA ELEI;0001;JULGAMENTO DE CAUSAS E GESTAO ADMINISTRATIVA;084782;AIEF ENERGI;ENERGIA ELETRICA;0100;RECURSOS ORDINARIOS;1;ORCAMENTO FISCAL;3;DESPESAS CORRENTES;3;OUTRAS DESPESAS CORRENTES;47;OBRIGACOES TRIBUTARIAS E CONTRIBUTIVAS;339047;OBRIGACOES TRIBUTARIAS E CONTRIBUTIVAS;33904722;CONTRIBUICAO P/ CUSTEIO DE ILUMINACAO PUBLICA;3;ESTIMATIVO;07;INEXIGIBILIDADE;CP;15/01/2018;JAN/2018;2018;070025000012018NE000058;00002173320166078100;2018NECT - CONTRIBUICAO DE ILUMINACAO PUBLICA - CONTRATO DE ADESAO.;974133;CEB DISTRIBUICAO S/A;;;;;;;;67.000,00;;;;;;;;;;;;
14107;TRIBUNAL REGIONAL ELEITORAL DO DIST. FEDERAL;070025;TRIBUNAL REGIONAL ELEITORAL DO D. FEDERAL;02122057020GP0053;20GP;JULGAMENTO DE CAUSAS E GESTAO ADMINISTRATIVA NA JUSTICA ELEI;0001;JULGAMENTO DE CAUSAS E GESTAO ADMINISTRATIVA;084782;AIEF ENERGI;ENERGIA ELETRICA;0100;RECURSOS ORDINARIOS;1;ORCAMENTO FISCAL;3;DESPESAS CORRENTES;3;OUTRAS DESPESAS CORRENTES;47;OBRIGACOES TRIBUTARIAS E CONTRIBUTIVAS;339047;OBRIGACOES TRIBUTARIAS E CONTRIBUTIVAS;33904722;CONTRIBUICAO P/ CUSTEIO DE ILUMINACAO PUBLICA;3;ESTIMATIVO;07;INEXIGIBILIDADE;CP;15/01/2018;JAN/2018;2018;070025000012018NE000058;00002173320166078100;PAGTO FATURAS DO MES DE ABRIL/2018. FORNECIMENTO DE ENERGIA ELETRICA. RETENCAO 5,85 IMP FED (R$ 5.186,85). PA 0443-38.2016.6.07.8100.;974133;CEB DISTRIBUICAO S/A;;;;;;;;0,00;4.496,24;4.496,24;;;;;;;;;4.496,24;4.496,24
14107;TRIBUNAL REGIONAL ELEITORAL DO DIST. FEDERAL;070025;TRIBUNAL REGIONAL ELEITORAL DO D. FEDERAL;02122057020GP0053;20GP;JULGAMENTO DE CAUSAS E GESTAO ADMINISTRATIVA NA JUSTICA ELEI;0001;JULGAMENTO DE CAUSAS E GESTAO ADMINISTRATIVA;084782;AIEF ENERGI;ENERGIA ELETRICA;0100;RECURSOS ORDINARIOS;1;ORCAMENTO FISCAL;3;DESPESAS CORRENTES;3;OUTRAS DESPESAS CORRENTES;47;OBRIGACOES TRIBUTARIAS E CONTRIBUTIVAS;339047;OBRIGACOES TRIBUTARIAS E CONTRIBUTIVAS;33904722;CONTRIBUICAO P/ CUSTEIO DE ILUMINACAO PUBLICA;3;ESTIMATIVO;07;INEXIGIBILIDADE;CP;15/01/2018;JAN/2018;2018;070025000012018NE000058;00002173320166078100;PAGTO FATURAS DO MES DE FEVEREIRO/2018. FORNECIMENTO DE ENERGIA ELETRICA. RETENCAO 5,85 IMP FED (R$ 5.032,06). PA 0443-38.2016.6.07.8100.;974133;CEB DISTRIBUICAO S/A;;;;;;;;0,00;4.496,49;4.496,49;;;;;;;;;4.496,49;4.496,49
14107;TRIBUNAL REGIONAL ELEITORAL DO DIST. FEDERAL;070025;TRIBUNAL REGIONAL ELEITORAL DO D. FEDERAL;02122057020GP0053;20GP;JULGAMENTO DE CAUSAS E GESTAO ADMINISTRATIVA NA JUSTICA ELEI;0001;JULGAMENTO DE CAUSAS E GESTAO ADMINISTRATIVA;084782;AIEF ENERGI;ENERGIA ELETRICA;0100;RECURSOS ORDINARIOS;1;ORCAMENTO FISCAL;3;DESPESAS CORRENTES;3;OUTRAS DESPESAS CORRENTES;47;OBRIGACOES TRIBUTARIAS E CONTRIBUTIVAS;339047;OBRIGACOES TRIBUTARIAS E CONTRIBUTIVAS;33904722;CONTRIBUICAO P/ CUSTEIO DE ILUMINACAO PUBLICA;3;ESTIMATIVO;07;INEXIGIBILIDADE;CP;15/01/2018;JAN/2018;2018;070025000012018NE000058;00002173320166078100;PAGTO FATURAS DO MES DE JANEIRO/2018. FORNECIMENTO DE ENERGIA ELETRICA. RETENCAO 5,85 IMP FED (R$ 4.465,56). PA 0443-38.2016.6.07.8100.;974133;CEB DISTRIBUICAO S/A;;;;;;;;0,00;4.747,68;4.747,68;;;;;;;;;4.747,68;4.747,68
14107;TRIBUNAL REGIONAL ELEITORAL DO DIST. FEDERAL;070025;TRIBUNAL REGIONAL ELEITORAL DO D. FEDERAL;02122057020GP0053;20GP;JULGAMENTO DE CAUSAS E GESTAO ADMINISTRATIVA NA JUSTICA ELEI;0001;JULGAMENTO DE CAUSAS E GESTAO ADMINISTRATIVA;084782;AIEF ENERGI;ENERGIA ELETRICA;0100;RECURSOS ORDINARIOS;1;ORCAMENTO FISCAL;3;DESPESAS CORRENTES;3;OUTRAS DESPESAS CORRENTES;47;OBRIGACOES TRIBUTARIAS E CONTRIBUTIVAS;339047;OBRIGACOES TRIBUTARIAS E CONTRIBUTIVAS;33904722;CONTRIBUICAO P/ CUSTEIO DE ILUMINACAO PUBLICA;3;ESTIMATIVO;07;INEXIGIBILIDADE;CP;15/01/2018;JAN/2018;2018;070025000012018NE000058;00002173320166078100;PAGTO FATURAS DO MES DE MARCO/2018. FORNECIMENTO DE ENERGIA ELETRICA. RETENCAO 5,85 IMP FED (R$ 5.039,69). PA 0443-38.2016.6.07.8100.;974133;CEB DISTRIBUICAO S/A;;;;;;;;0,00;4.354,13;4.354,13;;;;;;;;;4.354,13;4.354,13
14107;TRIBUNAL REGIONAL ELEITORAL DO DIST. FEDERAL;070025;TRIBUNAL REGIONAL ELEITORAL DO D. FEDERAL;02122057020GP0053;20GP;JULGAMENTO DE CAUSAS E GESTAO ADMINISTRATIVA NA JUSTICA ELEI;0001;JULGAMENTO DE CAUSAS E GESTAO ADMINISTRATIVA;084782;AIEF LIMPEZ;LIMPEZA E CONSERVACAO;0100;RECURSOS ORDINARIOS;1;ORCAMENTO FISCAL;3;DESPESAS CORRENTES;3;OUTRAS DESPESAS CORRENTES;37;LOCACAO DE MAO-DE-OBRA;339037;LOCACAO DE MAO-DE-OBRA;339037-9;NAO SE APLICA;-9;NAO SE APLICA;-9;NAO SE APLICA;-9;NAO SE APLICA;NAO SE APLICA;-9;-9;-9;17CT0010 - PRESTACAO DE SERVICOS CONTINUADOS DE LIMPEZA E CONSERVACAO.        PREGAO ELETRONICO Nº 26/2016. TERMO ADITIVO Nº 01 AO CONTRATO Nº 10/2017.;-9;NAO SE APLICA;;;;;(343.333,57);;;;;;;;;;;;;;;
14107;TRIBUNAL REGIONAL ELEITORAL DO DIST. FEDERAL;070025;TRIBUNAL REGIONAL ELEITORAL DO D. FEDERAL;02122057020GP0053;20GP;JULGAMENTO DE CAUSAS E GESTAO ADMINISTRATIVA NA JUSTICA ELEI;0001;JULGAMENTO DE CAUSAS E GESTAO ADMINISTRATIVA;084782;AIEF LIMPEZ;LIMPEZA E CONSERVACAO;0100;RECURSOS ORDINARIOS;1;ORCAMENTO FISCAL;3;DESPESAS CORRENTES;3;OUTRAS DESPESAS CORRENTES;37;LOCACAO DE MAO-DE-OBRA;339037;LOCACAO DE MAO-DE-OBRA;339037-9;NAO SE APLICA;-9;NAO SE APLICA;-9;NAO SE APLICA;-9;NAO SE APLICA;NAO SE APLICA;-9;-9;-9;17CT0010 - PRESTACAO DE SERVICOS CONTINUADOS DE LIMPEZA E CONSERVACAO.        PREGAO ELETRONICO Nº 26/2016. TERMO ADITIVO Nº 02 AO CONTRATO Nº 10/2017.;-9;NAO SE APLICA;;;;;(1.485.997,36);;;;;;;;;;;;;;;
14107;TRIBUNAL REGIONAL ELEITORAL DO DIST. FEDERAL;070025;TRIBUNAL REGIONAL ELEITORAL DO D. FEDERAL;02122057020GP0053;20GP;JULGAMENTO DE CAUSAS E GESTAO ADMINISTRATIVA NA JUSTICA ELEI;0001;JULGAMENTO DE CAUSAS E GESTAO ADMINISTRATIVA;084782;AIEF LIMPEZ;LIMPEZA E CONSERVACAO;0100;RECURSOS ORDINARIOS;1;ORCAMENTO FISCAL;3;DESPESAS CORRENTES;3;OUTRAS DESPESAS CORRENTES;37;LOCACAO DE MAO-DE-OBRA;339037;LOCACAO DE MAO-DE-OBRA;339037-9;NAO SE APLICA;-9;NAO SE APLICA;-9;NAO SE APLICA;-9;NAO SE APLICA;NAO SE APLICA;-9;-9;-9;17CT0010 - PRESTACAO DE SERVICOS CONTINUADOS DE LIMPEZA E CONSERVACAO.        PREGAO ELETRONICO Nº 26/2016. TERMO ADITIVO Nº 03 AO CONTRATO Nº 10/2017.     REFORCO.;-9;NAO SE APLICA;;;;;(46.046,22);;;;;;;;;;;;;;;
14107;TRIBUNAL REGIONAL ELEITORAL DO DIST. FEDERAL;070025;TRIBUNAL REGIONAL ELEITORAL DO D. FEDERAL;02122057020GP0053;20GP;JULGAMENTO DE CAUSAS E GESTAO ADMINISTRATIVA NA JUSTICA ELEI;0001;JULGAMENTO DE CAUSAS E GESTAO ADMINISTRATIVA;084782;AIEF LIMPEZ;LIMPEZA E CONSERVACAO;0100;RECURSOS ORDINARIOS;1;ORCAMENTO FISCAL;3;DESPESAS CORRENTES;3;OUTRAS DESPESAS CORRENTES;37;LOCACAO DE MAO-DE-OBRA;339037;LOCACAO DE MAO-DE-OBRA;339037-9;NAO SE APLICA;-9;NAO SE APLICA;-9;NAO SE APLICA;-9;NAO SE APLICA;NAO SE APLICA;-9;-9;-9;ALTERACAO PARA EMISSAO DE NE E PE. SERVICOS DE LIMPEZA E CONSERVACAO.         PAE 0001219-38.2016.6.07.8100;-9;NAO SE APLICA;1.829.330,93;1.829.330,93;;;1.829.330,93;;;;;;;;;;;;;;;
14107;TRIBUNAL REGIONAL ELEITORAL DO DIST. FEDERAL;070025;TRIBUNAL REGIONAL ELEITORAL DO D. FEDERAL;02122057020GP0053;20GP;JULGAMENTO DE CAUSAS E GESTAO ADMINISTRATIVA NA JUSTICA ELEI;0001;JULGAMENTO DE CAUSAS E GESTAO ADMINISTRATIVA;084782;AIEF LIMPEZ;LIMPEZA E CONSERVACAO;0100;RECURSOS ORDINARIOS;1;ORCAMENTO FISCAL;3;DESPESAS CORRENTES;3;OUTRAS DESPESAS CORRENTES;37;LOCACAO DE MAO-DE-OBRA;339037;LOCACAO DE MAO-DE-OBRA;339037-9;NAO SE APLICA;-9;NAO SE APLICA;-9;NAO SE APLICA;-9;NAO SE APLICA;NAO SE APLICA;-9;-9;-9;ALTERACAO PARA EMISSAO DE PE. SERVICOS DE LIMPEZA E CONSERVACAO.              PAE 0001219-38.2016.6.07.8100                                                 TERMO ADITIVO Nº 03 AO CONTRATO Nº 10/2017;-9;NAO SE APLICA;46.046,22;46.046,22;;;46.046,22;;;;;;;;;;;;;;;
14107;TRIBUNAL REGIONAL ELEITORAL DO DIST. FEDERAL;070025;TRIBUNAL REGIONAL ELEITORAL DO D. FEDERAL;02122057020GP0053;20GP;JULGAMENTO DE CAUSAS E GESTAO ADMINISTRATIVA NA JUSTICA ELEI;0001;JULGAMENTO DE CAUSAS E GESTAO ADMINISTRATIVA;084782;AIEF LIMPEZ;LIMPEZA E CONSERVACAO;0100;RECURSOS ORDINARIOS;1;ORCAMENTO FISCAL;3;DESPESAS CORRENTES;3;OUTRAS DESPESAS CORRENTES;37;LOCACAO DE MAO-DE-OBRA;339037;LOCACAO DE MAO-DE-OBRA;339037-9;NAO SE APLICA;-9;NAO SE APLICA;-9;NAO SE APLICA;-9;NAO SE APLICA;NAO SE APLICA;-9;-9;-9;ANULACAO DO PE 55 PARA EMISSAO DE NE (PA 0001219-38.2016);-9;NAO SE APLICA;;;;;46.046,22;(46.046,22);(46.046,22);;;;;;;;;;;;;
14107;TRIBUNAL REGIONAL ELEITORAL DO DIST. FEDERAL;070025;TRIBUNAL REGIONAL ELEITORAL DO D. FEDERAL;02122057020GP0053;20GP;JULGAMENTO DE CAUSAS E GESTAO ADMINISTRATIVA NA JUSTICA ELEI;0001;JULGAMENTO DE CAUSAS E GESTAO ADMINISTRATIVA;084782;AIEF LIMPEZ;LIMPEZA E CONSERVACAO;0100;RECURSOS ORDINARIOS;1;ORCAMENTO FISCAL;3;DESPESAS CORRENTES;3;OUTRAS DESPESAS CORRENTES;37;LOCACAO DE MAO-DE-OBRA;339037;LOCACAO DE MAO-DE-OBRA;339037-9;NAO SE APLICA;-9;NAO SE APLICA;-9;NAO SE APLICA;-9;NAO SE APLICA;NAO SE APLICA;-9;-9;-9;PRESTACAO DE SERVICOS CONTINUADOS DE LIMPEZA E CONSERVACAO.                   RESERVA REFERENTE A TERMO ADITIVO Nº 2. EXERCICIO 2018. CONTRATO Nº 10/2017.  PAE 0001219-38.2016.6.07.8100;-9;NAO SE APLICA;;;;;(1.485.997,36);1.485.997,36;1.485.997,36;;;;;;;;;;;;;
14107;TRIBUNAL REGIONAL ELEITORAL DO DIST. FEDERAL;070025;TRIBUNAL REGIONAL ELEITORAL DO D. FEDERAL;02122057020GP0053;20GP;JULGAMENTO DE CAUSAS E GESTAO ADMINISTRATIVA NA JUSTICA ELEI;0001;JULGAMENTO DE CAUSAS E GESTAO ADMINISTRATIVA;084782;AIEF LIMPEZ;LIMPEZA E CONSERVACAO;0100;RECURSOS ORDINARIOS;1;ORCAMENTO FISCAL;3;DESPESAS CORRENTES;3;OUTRAS DESPESAS CORRENTES;37;LOCACAO DE MAO-DE-OBRA;339037;LOCACAO DE MAO-DE-OBRA;339037-9;NAO SE APLICA;-9;NAO SE APLICA;-9;NAO SE APLICA;-9;NAO SE APLICA;NAO SE APLICA;-9;-9;-9;PRESTACAO DE SERVICOS CONTINUADOS DE LIMPEZA E CONSERVACAO.                   RESERVA REFERENTE A TERMO ADITIVO Nº 2. EXERCICIO 2018. CONTRATO Nº 10/2017.  PAE 0001219-38.2016.6.07.8100 - ANULACAO PARA REFORCO DA NE 69/2018.;-9;NAO SE APLICA;;;;;1.485.997,36;(1.485.997,36);(1.485.997,36);;;;;;;;;;;;;
14107;TRIBUNAL REGIONAL ELEITORAL DO DIST. FEDERAL;070025;TRIBUNAL REGIONAL ELEITORAL DO D. FEDERAL;02122057020GP0053;20GP;JULGAMENTO DE CAUSAS E GESTAO ADMINISTRATIVA NA JUSTICA ELEI;0001;JULGAMENTO DE CAUSAS E GESTAO ADMINISTRATIVA;084782;AIEF LIMPEZ;LIMPEZA E CONSERVACAO;0100;RECURSOS ORDINARIOS;1;ORCAMENTO FISCAL;3;DESPESAS CORRENTES;3;OUTRAS DESPESAS CORRENTES;37;LOCACAO DE MAO-DE-OBRA;339037;LOCACAO DE MAO-DE-OBRA;339037-9;NAO SE APLICA;-9;NAO SE APLICA;-9;NAO SE APLICA;-9;NAO SE APLICA;NAO SE APLICA;-9;-9;-9;PRESTACAO DE SERVICOS CONTINUADOS DE LIMPEZA E CONSERVACAO.                   RESERVA REFERENTE A TERMO ADITIVO Nº 3. EXERCICIO 2018. CONTRATO Nº 10/2017   PAE 0001219-38.2016.6.07.8100;-9;NAO SE APLICA;;;;;(46.046,22);46.046,22;46.046,22;;;;;;;;;;;;;
14107;TRIBUNAL REGIONAL ELEITORAL DO DIST. FEDERAL;070025;TRIBUNAL REGIONAL ELEITORAL DO D. FEDERAL;02122057020GP0053;20GP;JULGAMENTO DE CAUSAS E GESTAO ADMINISTRATIVA NA JUSTICA ELEI;0001;JULGAMENTO DE CAUSAS E GESTAO ADMINISTRATIVA;084782;AIEF LIMPEZ;LIMPEZA E CONSERVACAO;0100;RECURSOS ORDINARIOS;1;ORCAMENTO FISCAL;3;DESPESAS CORRENTES;3;OUTRAS DESPESAS CORRENTES;37;LOCACAO DE MAO-DE-OBRA;339037;LOCACAO DE MAO-DE-OBRA;33903702;LIMPEZA E CONSERVACAO;5;GLOBAL;12;PREGAO;-8;03/03/2017;MAR/2017;2017;070025000012017NE000182;00012193820166078100;NAO SE APLICA;24921066000182;SOLLO CONSTRUCOES E SERVICOS LTDA;;;;;;;;;;;;;25.621,92;;;;;25.621,92;;
14107;TRIBUNAL REGIONAL ELEITORAL DO DIST. FEDERAL;070025;TRIBUNAL REGIONAL ELEITORAL DO D. FEDERAL;02122057020GP0053;20GP;JULGAMENTO DE CAUSAS E GESTAO ADMINISTRATIVA NA JUSTICA ELEI;0001;JULGAMENTO DE CAUSAS E GESTAO ADMINISTRATIVA;084782;AIEF LIMPEZ;LIMPEZA E CONSERVACAO;0100;RECURSOS ORDINARIOS;1;ORCAMENTO FISCAL;3;DESPESAS CORRENTES;3;OUTRAS DESPESAS CORRENTES;37;LOCACAO DE MAO-DE-OBRA;339037;LOCACAO DE MAO-DE-OBRA;33903702;LIMPEZA E CONSERVACAO;5;GLOBAL;12;PREGAO;-8;03/03/2017;MAR/2017;2017;070025000012017NE000182;00012193820166078100;PGTO NF 212. SERVICOS DE LIMPEZA E CONSERVACAO, 26 A 31 DE DEZEMBRO/17. RETENCAO TRIBUTARIA IMP. FED. 9,45 (R$ 2.421,27), ISS 5,00 (R$ 1.281,10), INSS 11,00 (R$ 2.818,41). PA 1757-82.2017.6.07.8100;24921066000182;SOLLO CONSTRUCOES E SERVICOS LTDA;;;;;;;;;;;;;;;;25.621,91;25.621,91;(25.621,91);25.621,91;25.621,91
14107;TRIBUNAL REGIONAL ELEITORAL DO DIST. FEDERAL;070025;TRIBUNAL REGIONAL ELEITORAL DO D. FEDERAL;02122057020GP0053;20GP;JULGAMENTO DE CAUSAS E GESTAO ADMINISTRATIVA NA JUSTICA ELEI;0001;JULGAMENTO DE CAUSAS E GESTAO ADMINISTRATIVA;084782;AIEF LIMPEZ;LIMPEZA E CONSERVACAO;0100;RECURSOS ORDINARIOS;1;ORCAMENTO FISCAL;3;DESPESAS CORRENTES;3;OUTRAS DESPESAS CORRENTES;37;LOCACAO DE MAO-DE-OBRA;339037;LOCACAO DE MAO-DE-OBRA;33903702;LIMPEZA E CONSERVACAO;5;GLOBAL;12;PREGAO;-8;22/01/2018;JAN/2018;2018;070025000012018NE000069;00012193820166078100;17CT0010 - PRESTACAO DE SERVICOS CONTINUADOS DE LIMPEZA E CONSERVACAO.        PREGAO ELETRONICO Nº 26/2016. TERMO ADITIVO Nº 01 AO CONTRATO Nº 10/2017.;24921066000182;SOLLO CONSTRUCOES E SERVICOS LTDA;;;;;;;;343.333,57;;;;;;;;;;;;
14107;TRIBUNAL REGIONAL ELEITORAL DO DIST. FEDERAL;070025;TRIBUNAL REGIONAL ELEITORAL DO D. FEDERAL;02122057020GP0053;20GP;JULGAMENTO DE CAUSAS E GESTAO ADMINISTRATIVA NA JUSTICA ELEI;0001;JULGAMENTO DE CAUSAS E GESTAO ADMINISTRATIVA;084782;AIEF LIMPEZ;LIMPEZA E CONSERVACAO;0100;RECURSOS ORDINARIOS;1;ORCAMENTO FISCAL;3;DESPESAS CORRENTES;3;OUTRAS DESPESAS CORRENTES;37;LOCACAO DE MAO-DE-OBRA;339037;LOCACAO DE MAO-DE-OBRA;33903702;LIMPEZA E CONSERVACAO;5;GLOBAL;12;PREGAO;-8;22/01/2018;JAN/2018;2018;070025000012018NE000069;00012193820166078100;17CT0010 - PRESTACAO DE SERVICOS CONTINUADOS DE LIMPEZA E CONSERVACAO.        PREGAO ELETRONICO Nº 26/2016. TERMO ADITIVO Nº 02 AO CONTRATO Nº 10/2017.;24921066000182;SOLLO CONSTRUCOES E SERVICOS LTDA;;;;;;;;1.485.997,36;;;;;;;;;;;;
14107;TRIBUNAL REGIONAL ELEITORAL DO DIST. FEDERAL;070025;TRIBUNAL REGIONAL ELEITORAL DO D. FEDERAL;02122057020GP0053;20GP;JULGAMENTO DE CAUSAS E GESTAO ADMINISTRATIVA NA JUSTICA ELEI;0001;JULGAMENTO DE CAUSAS E GESTAO ADMINISTRATIVA;084782;AIEF LIMPEZ;LIMPEZA E CONSERVACAO;0100;RECURSOS ORDINARIOS;1;ORCAMENTO FISCAL;3;DESPESAS CORRENTES;3;OUTRAS DESPESAS CORRENTES;37;LOCACAO DE MAO-DE-OBRA;339037;LOCACAO DE MAO-DE-OBRA;33903702;LIMPEZA E CONSERVACAO;5;GLOBAL;12;PREGAO;-8;22/01/2018;JAN/2018;2018;070025000012018NE000069;00012193820166078100;17CT0010 - PRESTACAO DE SERVICOS CONTINUADOS DE LIMPEZA E CONSERVACAO.        PREGAO ELETRONICO Nº 26/2016. TERMO ADITIVO Nº 03 AO CONTRATO Nº 10/2017.     REFORCO.;24921066000182;SOLLO CONSTRUCOES E SERVICOS LTDA;;;;;;;;46.046,22;;;;;;;;;;;;
14107;TRIBUNAL REGIONAL ELEITORAL DO DIST. FEDERAL;070025;TRIBUNAL REGIONAL ELEITORAL DO D. FEDERAL;02122057020GP0053;20GP;JULGAMENTO DE CAUSAS E GESTAO ADMINISTRATIVA NA JUSTICA ELEI;0001;JULGAMENTO DE CAUSAS E GESTAO ADMINISTRATIVA;084782;AIEF LIMPEZ;LIMPEZA E CONSERVACAO;0100;RECURSOS ORDINARIOS;1;ORCAMENTO FISCAL;3;DESPESAS CORRENTES;3;OUTRAS DESPESAS CORRENTES;37;LOCACAO DE MAO-DE-OBRA;339037;LOCACAO DE MAO-DE-OBRA;33903702;LIMPEZA E CONSERVACAO;5;GLOBAL;12;PREGAO;-8;22/01/2018;JAN/2018;2018;070025000012018NE000069;00012193820166078100;PGTO NF 246. SERVICOS DE LIMPEZA E CONSERVACAO, JANEIRO/2018. RETENCAO TRIBUTARIA IMP. FED. 9,45 (R$ 14.527,62), ISS 5,00 (R$ 7.686,57), INSS 11,00 (R$ 16.910,46). PA 1757-82.2017.6.07.8100;24921066000182;SOLLO CONSTRUCOES E SERVICOS LTDA;;;;;;;;0,00;153.731,45;153.731,45;;;;;;;;;153.731,45;153.731,45
14107;TRIBUNAL REGIONAL ELEITORAL DO DIST. FEDERAL;070025;TRIBUNAL REGIONAL ELEITORAL DO D. FEDERAL;02122057020GP0053;20GP;JULGAMENTO DE CAUSAS E GESTAO ADMINISTRATIVA NA JUSTICA ELEI;0001;JULGAMENTO DE CAUSAS E GESTAO ADMINISTRATIVA;084782;AIEF LIMPEZ;LIMPEZA E CONSERVACAO;0100;RECURSOS ORDINARIOS;1;ORCAMENTO FISCAL;3;DESPESAS CORRENTES;3;OUTRAS DESPESAS CORRENTES;37;LOCACAO DE MAO-DE-OBRA;339037;LOCACAO DE MAO-DE-OBRA;33903702;LIMPEZA E CONSERVACAO;5;GLOBAL;12;PREGAO;-8;22/01/2018;JAN/2018;2018;070025000012018NE000069;00012193820166078100;PGTO NF 283, 288, 290. SERVICOS DE LIMPEZA E CONSERVACAO, FEVEREIRO/2018. RETENCAO TRIBUTARIA IMP. FED. 9,45 (R$ 14.527,62), ISS 5,00 (R$ 7.686,57), INSS 11,00 (R$ 16.910,46). PA 1757-82.2017.6.07.8100;24921066000182;SOLLO CONSTRUCOES E SERVICOS LTDA;;;;;;;;0,00;153.731,45;153.731,45;;;;;;;;;153.731,45;153.731,45
14107;TRIBUNAL REGIONAL ELEITORAL DO DIST. FEDERAL;070025;TRIBUNAL REGIONAL ELEITORAL DO D. FEDERAL;02122057020GP0053;20GP;JULGAMENTO DE CAUSAS E GESTAO ADMINISTRATIVA NA JUSTICA ELEI;0001;JULGAMENTO DE CAUSAS E GESTAO ADMINISTRATIVA;084782;AIEF LIMPEZ;LIMPEZA E CONSERVACAO;0100;RECURSOS ORDINARIOS;1;ORCAMENTO FISCAL;3;DESPESAS CORRENTES;3;OUTRAS DESPESAS CORRENTES;37;LOCACAO DE MAO-DE-OBRA;339037;LOCACAO DE MAO-DE-OBRA;33903702;LIMPEZA E CONSERVACAO;5;GLOBAL;12;PREGAO;-8;22/01/2018;JAN/2018;2018;070025000012018NE000069;00012193820166078100;PGTO NF 317. SERVICOS DE LIMPEZA E CONSERVACAO, MARCO/2018. RETENCAO TRIBUTARIA IMP. FED. 9,45 (R$ 14.413,04), ISS 5,00 (R$ 7.625,95), INSS 11,00 (R$ 16.777,08). PA 1757-82.2017.6.07.8100;24921066000182;SOLLO CONSTRUCOES E SERVICOS LTDA;;;;;;;;0,00;152.518,93;152.518,93;;;;;;;;;152.518,93;152.518,93
14107;TRIBUNAL REGIONAL ELEITORAL DO DIST. FEDERAL;070025;TRIBUNAL REGIONAL ELEITORAL DO D. FEDERAL;02122057020GP0053;20GP;JULGAMENTO DE CAUSAS E GESTAO ADMINISTRATIVA NA JUSTICA ELEI;0001;JULGAMENTO DE CAUSAS E GESTAO ADMINISTRATIVA;084782;AIEF LIMPEZ;LIMPEZA E CONSERVACAO;0100;RECURSOS ORDINARIOS;1;ORCAMENTO FISCAL;3;DESPESAS CORRENTES;3;OUTRAS DESPESAS CORRENTES;39;OUTROS SERVICOS DE TERCEIROS PJ - OP.INT.ORC.;339039;OUTROS SERVICOS DE TERCEIROS - PESSOA JURIDICA;339039-9;NAO SE APLICA;-9;NAO SE APLICA;-9;NAO SE APLICA;-9;NAO SE APLICA;NAO SE APLICA;-9;-9;-9;17CT0062 - SERVICOS DE CONTROLE DE VETORES E PRAGAS URBANAS, POR MEIO DA REALIZACAO DE SERVICOS DE DEDETIZACAO E DESRATIZACAO NAS AREAS INTERNAS E  EXTERNASDAS UNIDADES DO TRE-DF, CONFORME CONTRATO Nº 62/2017.;-9;NAO SE APLICA;;;;;(12.000,00);;;;;;;;;;;;;;;
14107;TRIBUNAL REGIONAL ELEITORAL DO DIST. FEDERAL;070025;TRIBUNAL REGIONAL ELEITORAL DO D. FEDERAL;02122057020GP0053;20GP;JULGAMENTO DE CAUSAS E GESTAO ADMINISTRATIVA NA JUSTICA ELEI;0001;JULGAMENTO DE CAUSAS E GESTAO ADMINISTRATIVA;084782;AIEF LIMPEZ;LIMPEZA E CONSERVACAO;0100;RECURSOS ORDINARIOS;1;ORCAMENTO FISCAL;3;DESPESAS CORRENTES;3;OUTRAS DESPESAS CORRENTES;39;OUTROS SERVICOS DE TERCEIROS PJ - OP.INT.ORC.;339039;OUTROS SERVICOS DE TERCEIROS - PESSOA JURIDICA;339039-9;NAO SE APLICA;-9;NAO SE APLICA;-9;NAO SE APLICA;-9;NAO SE APLICA;NAO SE APLICA;-9;-9;-9;ALTERACAO PARA EMISSAO DE NE. SERVICOS DE CONTROLE DE VETORES E PRAGAS URBANASPAE 0004344-77.2017.6.07.8100;-9;NAO SE APLICA;12.000,00;12.000,00;;;12.000,00;;;;;;;;;;;;;;;
14107;TRIBUNAL REGIONAL ELEITORAL DO DIST. FEDERAL;070025;TRIBUNAL REGIONAL ELEITORAL DO D. FEDERAL;02122057020GP0053;20GP;JULGAMENTO DE CAUSAS E GESTAO ADMINISTRATIVA NA JUSTICA ELEI;0001;JULGAMENTO DE CAUSAS E GESTAO ADMINISTRATIVA;084782;AIEF LIMPEZ;LIMPEZA E CONSERVACAO;0100;RECURSOS ORDINARIOS;1;ORCAMENTO FISCAL;3;DESPESAS CORRENTES;3;OUTRAS DESPESAS CORRENTES;39;OUTROS SERVICOS DE TERCEIROS PJ - OP.INT.ORC.;339039;OUTROS SERVICOS DE TERCEIROS - PESSOA JURIDICA;33903978;LIMPEZA E CONSERVACAO;5;GLOBAL;12;PREGAO;-8;15/01/2018;JAN/2018;2018;070025000012018NE000059;00043447720176078100;17CT0062 - SERVICOS DE CONTROLE DE VETORES E PRAGAS URBANAS, POR MEIO DA REALIZACAO DE SERVICOS DE DEDETIZACAO E DESRATIZACAO NAS AREAS INTERNAS E  EXTERNASDAS UNIDADES DO TRE-DF, CONFORME CONTRATO Nº 62/2017.;13498257000167;CENTRO OESTE - PRESTADORA DE SERVICO DE DESINSETIZACAO;;;;;;;;12.000,00;;;;;;;;;;;;
14107;TRIBUNAL REGIONAL ELEITORAL DO DIST. FEDERAL;070025;TRIBUNAL REGIONAL ELEITORAL DO D. FEDERAL;02122057020GP0053;20GP;JULGAMENTO DE CAUSAS E GESTAO ADMINISTRATIVA NA JUSTICA ELEI;0001;JULGAMENTO DE CAUSAS E GESTAO ADMINISTRATIVA;084782;AIEF MANPRE;MANUTENCAO PREDIAL;0100;RECURSOS ORDINARIOS;1;ORCAMENTO FISCAL;3;DESPESAS CORRENTES;3;OUTRAS DESPESAS CORRENTES;37;LOCACAO DE MAO-DE-OBRA;339037;LOCACAO DE MAO-DE-OBRA;339037-9;NAO SE APLICA;-9;NAO SE APLICA;-9;NAO SE APLICA;-9;NAO SE APLICA;NAO SE APLICA;-9;-9;-9;16CT0019 - PRESTACAO DE SERVICOS CONTINUADOS DE MANUTENCAO PREDIAL,   CONFORMECONTRATO Nº 19/2016. TERMO ADITIVO Nº 04. REFORCO.;-9;NAO SE APLICA;;;;;(142.120,16);;;;;;;;;;;;;;;
14107;TRIBUNAL REGIONAL ELEITORAL DO DIST. FEDERAL;070025;TRIBUNAL REGIONAL ELEITORAL DO D. FEDERAL;02122057020GP0053;20GP;JULGAMENTO DE CAUSAS E GESTAO ADMINISTRATIVA NA JUSTICA ELEI;0001;JULGAMENTO DE CAUSAS E GESTAO ADMINISTRATIVA;084782;AIEF MANPRE;MANUTENCAO PREDIAL;0100;RECURSOS ORDINARIOS;1;ORCAMENTO FISCAL;3;DESPESAS CORRENTES;3;OUTRAS DESPESAS CORRENTES;37;LOCACAO DE MAO-DE-OBRA;339037;LOCACAO DE MAO-DE-OBRA;339037-9;NAO SE APLICA;-9;NAO SE APLICA;-9;NAO SE APLICA;-9;NAO SE APLICA;NAO SE APLICA;-9;-9;-9;16CT0019 - PRESTACAO DE SERVICOS CONTINUADOS DE MANUTENCAO PREDIAL, CONFORME OCONTRATO Nº 19/2016. TERMO ADITIVO Nº 03.;-9;NAO SE APLICA;;;;;(527.727,20);;;;;;;;;;;;;;;
14107;TRIBUNAL REGIONAL ELEITORAL DO DIST. FEDERAL;070025;TRIBUNAL REGIONAL ELEITORAL DO D. FEDERAL;02122057020GP0053;20GP;JULGAMENTO DE CAUSAS E GESTAO ADMINISTRATIVA NA JUSTICA ELEI;0001;JULGAMENTO DE CAUSAS E GESTAO ADMINISTRATIVA;084782;AIEF MANPRE;MANUTENCAO PREDIAL;0100;RECURSOS ORDINARIOS;1;ORCAMENTO FISCAL;3;DESPESAS CORRENTES;3;OUTRAS DESPESAS CORRENTES;37;LOCACAO DE MAO-DE-OBRA;339037;LOCACAO DE MAO-DE-OBRA;339037-9;NAO SE APLICA;-9;NAO SE APLICA;-9;NAO SE APLICA;-9;NAO SE APLICA;NAO SE APLICA;-9;-9;-9;16CT0019 - PRESTACAO DE SERVICOS CONTINUADOS DE MANUTENCAO PREDIAL, CONFORME OCONTRATO Nº 19/2016. TERMO ADITIVO Nº 03. ANULACAO.;-9;NAO SE APLICA;;;;;263.863,60;;;;;;;;;;;;;;;
14107;TRIBUNAL REGIONAL ELEITORAL DO DIST. FEDERAL;070025;TRIBUNAL REGIONAL ELEITORAL DO D. FEDERAL;02122057020GP0053;20GP;JULGAMENTO DE CAUSAS E GESTAO ADMINISTRATIVA NA JUSTICA ELEI;0001;JULGAMENTO DE CAUSAS E GESTAO ADMINISTRATIVA;084782;AIEF MANPRE;MANUTENCAO PREDIAL;0100;RECURSOS ORDINARIOS;1;ORCAMENTO FISCAL;3;DESPESAS CORRENTES;3;OUTRAS DESPESAS CORRENTES;37;LOCACAO DE MAO-DE-OBRA;339037;LOCACAO DE MAO-DE-OBRA;339037-9;NAO SE APLICA;-9;NAO SE APLICA;-9;NAO SE APLICA;-9;NAO SE APLICA;NAO SE APLICA;-9;-9;-9;ALTERACAO PARA EMISSAO DE NE - PRESTACAO DE SERVICOS CONTINUADOS DE MANUTENCAOPREDIAL, CONFORME O CONTRATO Nº 19/2016. (PA 0000846-07.2016.6.07.8100);-9;NAO SE APLICA;263.863,60;263.863,60;;;263.863,60;;;;;;;;;;;;;;;
14107;TRIBUNAL REGIONAL ELEITORAL DO DIST. FEDERAL;070025;TRIBUNAL REGIONAL ELEITORAL DO D. FEDERAL;02122057020GP0053;20GP;JULGAMENTO DE CAUSAS E GESTAO ADMINISTRATIVA NA JUSTICA ELEI;0001;JULGAMENTO DE CAUSAS E GESTAO ADMINISTRATIVA;084782;AIEF MANPRE;MANUTENCAO PREDIAL;0100;RECURSOS ORDINARIOS;1;ORCAMENTO FISCAL;3;DESPESAS CORRENTES;3;OUTRAS DESPESAS CORRENTES;37;LOCACAO DE MAO-DE-OBRA;339037;LOCACAO DE MAO-DE-OBRA;339037-9;NAO SE APLICA;-9;NAO SE APLICA;-9;NAO SE APLICA;-9;NAO SE APLICA;NAO SE APLICA;-9;-9;-9;ALTERACAO PARA EMISSAO DE PE - PRESTACAO DE SERVICOS CONTINUADOS DE MANUTENCAOPREDIAL. (PA 0000846-07.2016);-9;NAO SE APLICA;131.931,80;131.931,80;;;131.931,80;;;;;;;;;;;;;;;
14107;TRIBUNAL REGIONAL ELEITORAL DO DIST. FEDERAL;070025;TRIBUNAL REGIONAL ELEITORAL DO D. FEDERAL;02122057020GP0053;20GP;JULGAMENTO DE CAUSAS E GESTAO ADMINISTRATIVA NA JUSTICA ELEI;0001;JULGAMENTO DE CAUSAS E GESTAO ADMINISTRATIVA;084782;AIEF MANPRE;MANUTENCAO PREDIAL;0100;RECURSOS ORDINARIOS;1;ORCAMENTO FISCAL;3;DESPESAS CORRENTES;3;OUTRAS DESPESAS CORRENTES;37;LOCACAO DE MAO-DE-OBRA;339037;LOCACAO DE MAO-DE-OBRA;339037-9;NAO SE APLICA;-9;NAO SE APLICA;-9;NAO SE APLICA;-9;NAO SE APLICA;NAO SE APLICA;-9;-9;-9;ALTERACAO PARA EMISSAO DE PE - SERVICOS DE MANUTENCAO PREDIAL E TECNICO EM TE LECOMUNICACOES (PA 0000846-07.2016.6.07.8100) - TERMO ADITIVO 4;-9;NAO SE APLICA;10.188,36;10.188,36;;;10.188,36;;;;;;;;;;;;;;;
14107;TRIBUNAL REGIONAL ELEITORAL DO DIST. FEDERAL;070025;TRIBUNAL REGIONAL ELEITORAL DO D. FEDERAL;02122057020GP0053;20GP;JULGAMENTO DE CAUSAS E GESTAO ADMINISTRATIVA NA JUSTICA ELEI;0001;JULGAMENTO DE CAUSAS E GESTAO ADMINISTRATIVA;084782;AIEF MANPRE;MANUTENCAO PREDIAL;0100;RECURSOS ORDINARIOS;1;ORCAMENTO FISCAL;3;DESPESAS CORRENTES;3;OUTRAS DESPESAS CORRENTES;37;LOCACAO DE MAO-DE-OBRA;339037;LOCACAO DE MAO-DE-OBRA;339037-9;NAO SE APLICA;-9;NAO SE APLICA;-9;NAO SE APLICA;-9;NAO SE APLICA;NAO SE APLICA;-9;-9;-9;ANULACAO DO PE 6 PARA AJUSTE DE DOTACAO (PA 0000846-07.2016.6.07.8100);-9;NAO SE APLICA;;;;;131.931,80;(131.931,80);(131.931,80);;;;;;;;;;;;;
14107;TRIBUNAL REGIONAL ELEITORAL DO DIST. FEDERAL;070025;TRIBUNAL REGIONAL ELEITORAL DO D. FEDERAL;02122057020GP0053;20GP;JULGAMENTO DE CAUSAS E GESTAO ADMINISTRATIVA NA JUSTICA ELEI;0001;JULGAMENTO DE CAUSAS E GESTAO ADMINISTRATIVA;084782;AIEF MANPRE;MANUTENCAO PREDIAL;0100;RECURSOS ORDINARIOS;1;ORCAMENTO FISCAL;3;DESPESAS CORRENTES;3;OUTRAS DESPESAS CORRENTES;37;LOCACAO DE MAO-DE-OBRA;339037;LOCACAO DE MAO-DE-OBRA;339037-9;NAO SE APLICA;-9;NAO SE APLICA;-9;NAO SE APLICA;-9;NAO SE APLICA;NAO SE APLICA;-9;-9;-9;PRESTACAO DE SERVICOS CONTINUADOS DE MANUTENCAO PREDIAL.                      (PA 0000846-07.2016.6.07.8100);-9;NAO SE APLICA;;;;;(131.931,80);131.931,80;131.931,80;;;;;;;;;;;;;
14107;TRIBUNAL REGIONAL ELEITORAL DO DIST. FEDERAL;070025;TRIBUNAL REGIONAL ELEITORAL DO D. FEDERAL;02122057020GP0053;20GP;JULGAMENTO DE CAUSAS E GESTAO ADMINISTRATIVA NA JUSTICA ELEI;0001;JULGAMENTO DE CAUSAS E GESTAO ADMINISTRATIVA;084782;AIEF MANPRE;MANUTENCAO PREDIAL;0100;RECURSOS ORDINARIOS;1;ORCAMENTO FISCAL;3;DESPESAS CORRENTES;3;OUTRAS DESPESAS CORRENTES;37;LOCACAO DE MAO-DE-OBRA;339037;LOCACAO DE MAO-DE-OBRA;339037-9;NAO SE APLICA;-9;NAO SE APLICA;-9;NAO SE APLICA;-9;NAO SE APLICA;NAO SE APLICA;-9;-9;-9;SERVICOS CONTINUADOS DE MANUTENCAO PREDIAL (PA 0000846-07.2016.6.07.8100);-9;NAO SE APLICA;;;;;0,00;0,00;0,00;;;;;;;;;;;;;
14107;TRIBUNAL REGIONAL ELEITORAL DO DIST. FEDERAL;070025;TRIBUNAL REGIONAL ELEITORAL DO D. FEDERAL;02122057020GP0053;20GP;JULGAMENTO DE CAUSAS E GESTAO ADMINISTRATIVA NA JUSTICA ELEI;0001;JULGAMENTO DE CAUSAS E GESTAO ADMINISTRATIVA;084782;AIEF MANPRE;MANUTENCAO PREDIAL;0100;RECURSOS ORDINARIOS;1;ORCAMENTO FISCAL;3;DESPESAS CORRENTES;3;OUTRAS DESPESAS CORRENTES;37;LOCACAO DE MAO-DE-OBRA;339037;LOCACAO DE MAO-DE-OBRA;33903704;MANUTENCAO E CONSERVACAO DE BENS IMOVEIS;3;ESTIMATIVO;12;PREGAO;-8;18/12/2017;DEZ/2017;2017;070025000012017NE000692;00008460720166078100;NAO SE APLICA;14355750000190;ATLANTICO ENGENHARIA LTDA;;;;;;;;;;;;;4.392,71;;;;;4.392,71;;
14107;TRIBUNAL REGIONAL ELEITORAL DO DIST. FEDERAL;070025;TRIBUNAL REGIONAL ELEITORAL DO D. FEDERAL;02122057020GP0053;20GP;JULGAMENTO DE CAUSAS E GESTAO ADMINISTRATIVA NA JUSTICA ELEI;0001;JULGAMENTO DE CAUSAS E GESTAO ADMINISTRATIVA;084782;AIEF MANPRE;MANUTENCAO PREDIAL;0100;RECURSOS ORDINARIOS;1;ORCAMENTO FISCAL;3;DESPESAS CORRENTES;3;OUTRAS DESPESAS CORRENTES;37;LOCACAO DE MAO-DE-OBRA;339037;LOCACAO DE MAO-DE-OBRA;33903704;MANUTENCAO E CONSERVACAO DE BENS IMOVEIS;3;ESTIMATIVO;12;PREGAO;-8;10/01/2018;JAN/2018;2018;070025000012018NE000037;00008460720166078100;16CT0019 - PRESTACAO DE SERVICOS CONTINUADOS DE MANUTENCAO PREDIAL, CONFORME OCONTRATO Nº 19/2016. TERMO ADITIVO Nº 03.;14355750000190;ATLANTICO ENGENHARIA LTDA;;;;;;;;263.863,60;;;;;;;;;;;;
14107;TRIBUNAL REGIONAL ELEITORAL DO DIST. FEDERAL;070025;TRIBUNAL REGIONAL ELEITORAL DO D. FEDERAL;02122057020GP0053;20GP;JULGAMENTO DE CAUSAS E GESTAO ADMINISTRATIVA NA JUSTICA ELEI;0001;JULGAMENTO DE CAUSAS E GESTAO ADMINISTRATIVA;084782;AIEF MANPRE;MANUTENCAO PREDIAL;0100;RECURSOS ORDINARIOS;1;ORCAMENTO FISCAL;3;DESPESAS CORRENTES;3;OUTRAS DESPESAS CORRENTES;37;LOCACAO DE MAO-DE-OBRA;339037;LOCACAO DE MAO-DE-OBRA;33903704;MANUTENCAO E CONSERVACAO DE BENS IMOVEIS;3;ESTIMATIVO;12;PREGAO;-8;10/01/2018;JAN/2018;2018;070025000012018NE000037;00008460720166078100;16CT0019 - PRESTACAO DE SERVICOS CONTINUADOS DE MANUTENCAO PREDIAL, CONFORME OCONTRATO Nº 19/2016. TERMO ADITIVO Nº 03. ANULACAO.;14355750000190;ATLANTICO ENGENHARIA LTDA;;;;;;;;(263.863,60);;;;;;;;;;;;
14107;TRIBUNAL REGIONAL ELEITORAL DO DIST. FEDERAL;070025;TRIBUNAL REGIONAL ELEITORAL DO D. FEDERAL;02122057020GP0053;20GP;JULGAMENTO DE CAUSAS E GESTAO ADMINISTRATIVA NA JUSTICA ELEI;0001;JULGAMENTO DE CAUSAS E GESTAO ADMINISTRATIVA;084782;AIEF MANPRE;MANUTENCAO PREDIAL;0100;RECURSOS ORDINARIOS;1;ORCAMENTO FISCAL;3;DESPESAS CORRENTES;3;OUTRAS DESPESAS CORRENTES;37;LOCACAO DE MAO-DE-OBRA;339037;LOCACAO DE MAO-DE-OBRA;33903704;MANUTENCAO E CONSERVACAO DE BENS IMOVEIS;5;GLOBAL;12;PREGAO;-8;17/01/2017;JAN/2017;2017;070025000012017NE000049;00008460720166078100;NAO SE APLICA;14355750000190;ATLANTICO ENGENHARIA LTDA;;;;;;;;;;;;;6.273,21;;;;;6.273,21;;
14107;TRIBUNAL REGIONAL ELEITORAL DO DIST. FEDERAL;070025;TRIBUNAL REGIONAL ELEITORAL DO D. FEDERAL;02122057020GP0053;20GP;JULGAMENTO DE CAUSAS E GESTAO ADMINISTRATIVA NA JUSTICA ELEI;0001;JULGAMENTO DE CAUSAS E GESTAO ADMINISTRATIVA;084782;AIEF MANPRE;MANUTENCAO PREDIAL;0100;RECURSOS ORDINARIOS;1;ORCAMENTO FISCAL;3;DESPESAS CORRENTES;3;OUTRAS DESPESAS CORRENTES;37;LOCACAO DE MAO-DE-OBRA;339037;LOCACAO DE MAO-DE-OBRA;33903704;MANUTENCAO E CONSERVACAO DE BENS IMOVEIS;5;GLOBAL;12;PREGAO;-8;17/01/2017;JAN/2017;2017;070025000012017NE000049;00008460720166078100;PAGTO NFS 2279 E 2353. SERVICOS DE MANUTENCAO PREDIAL, 26 A 31 DEZ/17 E JAN/18. RETENCAO 5,85 IMP FED (R$ 2.171,48), 1,00 ISS (R$ 371,19) E 3,50 INSS (R$ 1.299,18). PA 7996-39.2016;14355750000190;ATLANTICO ENGENHARIA LTDA;;;;;;;;;;;;;;;;4.136,43;4.136,43;(4.136,43);4.136,43;4.136,43
14107;TRIBUNAL REGIONAL ELEITORAL DO DIST. FEDERAL;070025;TRIBUNAL REGIONAL ELEITORAL DO D. FEDERAL;02122057020GP0053;20GP;JULGAMENTO DE CAUSAS E GESTAO ADMINISTRATIVA NA JUSTICA ELEI;0001;JULGAMENTO DE CAUSAS E GESTAO ADMINISTRATIVA;084782;AIEF MANPRE;MANUTENCAO PREDIAL;0100;RECURSOS ORDINARIOS;1;ORCAMENTO FISCAL;3;DESPESAS CORRENTES;3;OUTRAS DESPESAS CORRENTES;37;LOCACAO DE MAO-DE-OBRA;339037;LOCACAO DE MAO-DE-OBRA;33903704;MANUTENCAO E CONSERVACAO DE BENS IMOVEIS;5;GLOBAL;12;PREGAO;-8;11/01/2018;JAN/2018;2018;070025000012018NE000046;00008460720166078100;16CT0019 - PRESTACAO DE SERVICOS CONTINUADOS DE MANUTENCAO PREDIAL,   CONFORMECONTRATO Nº 19/2016. TERMO ADITIVO Nº 04. REFORCO.;14355750000190;ATLANTICO ENGENHARIA LTDA;;;;;;;;142.120,16;;;;;;;;;;;;
14107;TRIBUNAL REGIONAL ELEITORAL DO DIST. FEDERAL;070025;TRIBUNAL REGIONAL ELEITORAL DO D. FEDERAL;02122057020GP0053;20GP;JULGAMENTO DE CAUSAS E GESTAO ADMINISTRATIVA NA JUSTICA ELEI;0001;JULGAMENTO DE CAUSAS E GESTAO ADMINISTRATIVA;084782;AIEF MANPRE;MANUTENCAO PREDIAL;0100;RECURSOS ORDINARIOS;1;ORCAMENTO FISCAL;3;DESPESAS CORRENTES;3;OUTRAS DESPESAS CORRENTES;37;LOCACAO DE MAO-DE-OBRA;339037;LOCACAO DE MAO-DE-OBRA;33903704;MANUTENCAO E CONSERVACAO DE BENS IMOVEIS;5;GLOBAL;12;PREGAO;-8;11/01/2018;JAN/2018;2018;070025000012018NE000046;00008460720166078100;16CT0019 - PRESTACAO DE SERVICOS CONTINUADOS DE MANUTENCAO PREDIAL, CONFORME OCONTRATO Nº 19/2016. TERMO ADITIVO Nº 03.;14355750000190;ATLANTICO ENGENHARIA LTDA;;;;;;;;263.863,60;;;;;;;;;;;;
14107;TRIBUNAL REGIONAL ELEITORAL DO DIST. FEDERAL;070025;TRIBUNAL REGIONAL ELEITORAL DO D. FEDERAL;02122057020GP0053;20GP;JULGAMENTO DE CAUSAS E GESTAO ADMINISTRATIVA NA JUSTICA ELEI;0001;JULGAMENTO DE CAUSAS E GESTAO ADMINISTRATIVA;084782;AIEF MANPRE;MANUTENCAO PREDIAL;0100;RECURSOS ORDINARIOS;1;ORCAMENTO FISCAL;3;DESPESAS CORRENTES;3;OUTRAS DESPESAS CORRENTES;37;LOCACAO DE MAO-DE-OBRA;339037;LOCACAO DE MAO-DE-OBRA;33903704;MANUTENCAO E CONSERVACAO DE BENS IMOVEIS;5;GLOBAL;12;PREGAO;-8;11/01/2018;JAN/2018;2018;070025000012018NE000046;00008460720166078100;PAGTO NF 2400. SERVICOS DE MANUTENCAO PREDIAL, FEV/18. RETENCAO 5,85 IMP FED (R$ 1.929,50), 1,00 ISS (R$ 329,83) E 3,50 INSS (R$ 1.154,40). PA 7996-39.2016;14355750000190;ATLANTICO ENGENHARIA LTDA;;;;;;;;0,00;0,00;32.982,95;;;;;;;;;0,00;32.982,95
14107;TRIBUNAL REGIONAL ELEITORAL DO DIST. FEDERAL;070025;TRIBUNAL REGIONAL ELEITORAL DO D. FEDERAL;02122057020GP0053;20GP;JULGAMENTO DE CAUSAS E GESTAO ADMINISTRATIVA NA JUSTICA ELEI;0001;JULGAMENTO DE CAUSAS E GESTAO ADMINISTRATIVA;084782;AIEF MANPRE;MANUTENCAO PREDIAL;0100;RECURSOS ORDINARIOS;1;ORCAMENTO FISCAL;3;DESPESAS CORRENTES;3;OUTRAS DESPESAS CORRENTES;37;LOCACAO DE MAO-DE-OBRA;339037;LOCACAO DE MAO-DE-OBRA;33903704;MANUTENCAO E CONSERVACAO DE BENS IMOVEIS;5;GLOBAL;12;PREGAO;-8;11/01/2018;JAN/2018;2018;070025000012018NE000046;00008460720166078100;PAGTO NF 2400. SERVICOS DE MANUTENCAO PREDIAL, FEV/18. RETENCAO 5,85 IMP FED (R$1.929,50), 1,00 ISS (R$ 329,83) E 3,50 INSS (R$ 1.154,40). PA 7996-39.2016;14355750000190;ATLANTICO ENGENHARIA LTDA;;;;;;;;0,00;32.982,95;;;;;;;;;;32.982,95;
14107;TRIBUNAL REGIONAL ELEITORAL DO DIST. FEDERAL;070025;TRIBUNAL REGIONAL ELEITORAL DO D. FEDERAL;02122057020GP0053;20GP;JULGAMENTO DE CAUSAS E GESTAO ADMINISTRATIVA NA JUSTICA ELEI;0001;JULGAMENTO DE CAUSAS E GESTAO ADMINISTRATIVA;084782;AIEF MANPRE;MANUTENCAO PREDIAL;0100;RECURSOS ORDINARIOS;1;ORCAMENTO FISCAL;3;DESPESAS CORRENTES;3;OUTRAS DESPESAS CORRENTES;37;LOCACAO DE MAO-DE-OBRA;339037;LOCACAO DE MAO-DE-OBRA;33903704;MANUTENCAO E CONSERVACAO DE BENS IMOVEIS;5;GLOBAL;12;PREGAO;-8;11/01/2018;JAN/2018;2018;070025000012018NE000046;00008460720166078100;PAGTO NF 2433. SERVICOS DE MANUTENCAO PREDIAL, MAR/18. RETENCAO 5,85 IMP FED (R$ 1.929,50), 1,00 ISS (R$ 329,83) E 3,50 INSS (R$ 1.154,40). PA 7996-39.2016;14355750000190;ATLANTICO ENGENHARIA LTDA;;;;;;;;0,00;32.982,95;32.982,95;;;;;;;;;32.982,95;32.982,95
14107;TRIBUNAL REGIONAL ELEITORAL DO DIST. FEDERAL;070025;TRIBUNAL REGIONAL ELEITORAL DO D. FEDERAL;02122057020GP0053;20GP;JULGAMENTO DE CAUSAS E GESTAO ADMINISTRATIVA NA JUSTICA ELEI;0001;JULGAMENTO DE CAUSAS E GESTAO ADMINISTRATIVA;084782;AIEF MANPRE;MANUTENCAO PREDIAL;0100;RECURSOS ORDINARIOS;1;ORCAMENTO FISCAL;3;DESPESAS CORRENTES;3;OUTRAS DESPESAS CORRENTES;37;LOCACAO DE MAO-DE-OBRA;339037;LOCACAO DE MAO-DE-OBRA;33903704;MANUTENCAO E CONSERVACAO DE BENS IMOVEIS;5;GLOBAL;12;PREGAO;-8;11/01/2018;JAN/2018;2018;070025000012018NE000046;00008460720166078100;PAGTO NFS 2279 E 2353. SERVICOS DE MANUTENCAO PREDIAL, 26 A 31 DEZ/17 E JAN/18. RETENCAO 5,85 IMP FED (R$ 2.171,48), 1,00 ISS (R$ 371,19) E 3,50 INSS (R$ 1.299,18). PA 7996-39.2016;14355750000190;ATLANTICO ENGENHARIA LTDA;;;;;;;;0,00;32.982,95;32.982,95;;;;;;;;;32.982,95;32.982,95
14107;TRIBUNAL REGIONAL ELEITORAL DO DIST. FEDERAL;070025;TRIBUNAL REGIONAL ELEITORAL DO D. FEDERAL;02122057020GP0053;20GP;JULGAMENTO DE CAUSAS E GESTAO ADMINISTRATIVA NA JUSTICA ELEI;0001;JULGAMENTO DE CAUSAS E GESTAO ADMINISTRATIVA;084782;AIEF MANPRE;MANUTENCAO PREDIAL;0100;RECURSOS ORDINARIOS;1;ORCAMENTO FISCAL;3;DESPESAS CORRENTES;3;OUTRAS DESPESAS CORRENTES;39;OUTROS SERVICOS DE TERCEIROS PJ - OP.INT.ORC.;339039;OUTROS SERVICOS DE TERCEIROS - PESSOA JURIDICA;339039-9;NAO SE APLICA;-9;NAO SE APLICA;-9;NAO SE APLICA;-9;NAO SE APLICA;NAO SE APLICA;-9;-9;-9;13CT0009 - PRESTACAO DE SERVICOS DE MANUTENCAO DE APARELHOS DE AR CONDICIONADOCONTRATO N¤ 09/13 - TERMO ADITIVO N¤ 06 E APOSTILAMENTO N¤02.;-9;NAO SE APLICA;;;;;(51.431,54);;;;;;;;;;;;;;;
14107;TRIBUNAL REGIONAL ELEITORAL DO DIST. FEDERAL;070025;TRIBUNAL REGIONAL ELEITORAL DO D. FEDERAL;02122057020GP0053;20GP;JULGAMENTO DE CAUSAS E GESTAO ADMINISTRATIVA NA JUSTICA ELEI;0001;JULGAMENTO DE CAUSAS E GESTAO ADMINISTRATIVA;084782;AIEF MANPRE;MANUTENCAO PREDIAL;0100;RECURSOS ORDINARIOS;1;ORCAMENTO FISCAL;3;DESPESAS CORRENTES;3;OUTRAS DESPESAS CORRENTES;39;OUTROS SERVICOS DE TERCEIROS PJ - OP.INT.ORC.;339039;OUTROS SERVICOS DE TERCEIROS - PESSOA JURIDICA;339039-9;NAO SE APLICA;-9;NAO SE APLICA;-9;NAO SE APLICA;-9;NAO SE APLICA;NAO SE APLICA;-9;-9;-9;13CT0009 - PRESTACAO DE SERVICOS DE MANUTENCAO DE APARELHOS DE AR CONDICIONADOCONTRATO N¤ 09/13 - TERMO ADITIVO N¤ 06 E APOSTILAMENTO N¤02.                 REFORCO.;-9;NAO SE APLICA;;;;;(51.431,54);;;;;;;;;;;;;;;
14107;TRIBUNAL REGIONAL ELEITORAL DO DIST. FEDERAL;070025;TRIBUNAL REGIONAL ELEITORAL DO D. FEDERAL;02122057020GP0053;20GP;JULGAMENTO DE CAUSAS E GESTAO ADMINISTRATIVA NA JUSTICA ELEI;0001;JULGAMENTO DE CAUSAS E GESTAO ADMINISTRATIVA;084782;AIEF MANPRE;MANUTENCAO PREDIAL;0100;RECURSOS ORDINARIOS;1;ORCAMENTO FISCAL;3;DESPESAS CORRENTES;3;OUTRAS DESPESAS CORRENTES;39;OUTROS SERVICOS DE TERCEIROS PJ - OP.INT.ORC.;339039;OUTROS SERVICOS DE TERCEIROS - PESSOA JURIDICA;339039-9;NAO SE APLICA;-9;NAO SE APLICA;-9;NAO SE APLICA;-9;NAO SE APLICA;NAO SE APLICA;-9;-9;-9;13CT0009 - PRESTACAO DE SERVICOS DE MANUTENCAO DE APARELHOS DE AR CONDICIONADOCONTRATO N¤ 09/13 - TERMO ADITIVO N¤ 06 E APOSTILAMENTO N¤02. ANULACAO.;-9;NAO SE APLICA;;;;;51.431,54;;;;;;;;;;;;;;;
14107;TRIBUNAL REGIONAL ELEITORAL DO DIST. FEDERAL;070025;TRIBUNAL REGIONAL ELEITORAL DO D. FEDERAL;02122057020GP0053;20GP;JULGAMENTO DE CAUSAS E GESTAO ADMINISTRATIVA NA JUSTICA ELEI;0001;JULGAMENTO DE CAUSAS E GESTAO ADMINISTRATIVA;084782;AIEF MANPRE;MANUTENCAO PREDIAL;0100;RECURSOS ORDINARIOS;1;ORCAMENTO FISCAL;3;DESPESAS CORRENTES;3;OUTRAS DESPESAS CORRENTES;39;OUTROS SERVICOS DE TERCEIROS PJ - OP.INT.ORC.;339039;OUTROS SERVICOS DE TERCEIROS - PESSOA JURIDICA;339039-9;NAO SE APLICA;-9;NAO SE APLICA;-9;NAO SE APLICA;-9;NAO SE APLICA;NAO SE APLICA;-9;-9;-9;17CT0005 - PRESTACAO DE SERVICOS DE JARDINAGEM E FORNECIMENTO DE PLANTAS NAS  INSTALACOES DO TRIBUNAL REGIONAL ELEITORAL DO DISTRITO FEDERAL, DE ACORDO COM O CONTRATO N¤ 05/2017 (SERVICOS). TERMO ADITIVO Nº 01.;-9;NAO SE APLICA;;;;;(158.240,16);;;;;;;;;;;;;;;
14107;TRIBUNAL REGIONAL ELEITORAL DO DIST. FEDERAL;070025;TRIBUNAL REGIONAL ELEITORAL DO D. FEDERAL;02122057020GP0053;20GP;JULGAMENTO DE CAUSAS E GESTAO ADMINISTRATIVA NA JUSTICA ELEI;0001;JULGAMENTO DE CAUSAS E GESTAO ADMINISTRATIVA;084782;AIEF MANPRE;MANUTENCAO PREDIAL;0100;RECURSOS ORDINARIOS;1;ORCAMENTO FISCAL;3;DESPESAS CORRENTES;3;OUTRAS DESPESAS CORRENTES;39;OUTROS SERVICOS DE TERCEIROS PJ - OP.INT.ORC.;339039;OUTROS SERVICOS DE TERCEIROS - PESSOA JURIDICA;339039-9;NAO SE APLICA;-9;NAO SE APLICA;-9;NAO SE APLICA;-9;NAO SE APLICA;NAO SE APLICA;-9;-9;-9;17CT0015 - PRESTACAO DE SERVICOS DE MANUTENCAO PREVENTIVA E CORRETIVA NOS  ELEVADORES DO ED.SEDE DO TREDF,CONFORME CONTRATO Nº 15/17 E TERMO ADITIVO Nº 01.;-9;NAO SE APLICA;;;;;(8.791,50);;;;;;;;;;;;;;;
14107;TRIBUNAL REGIONAL ELEITORAL DO DIST. FEDERAL;070025;TRIBUNAL REGIONAL ELEITORAL DO D. FEDERAL;02122057020GP0053;20GP;JULGAMENTO DE CAUSAS E GESTAO ADMINISTRATIVA NA JUSTICA ELEI;0001;JULGAMENTO DE CAUSAS E GESTAO ADMINISTRATIVA;084782;AIEF MANPRE;MANUTENCAO PREDIAL;0100;RECURSOS ORDINARIOS;1;ORCAMENTO FISCAL;3;DESPESAS CORRENTES;3;OUTRAS DESPESAS CORRENTES;39;OUTROS SERVICOS DE TERCEIROS PJ - OP.INT.ORC.;339039;OUTROS SERVICOS DE TERCEIROS - PESSOA JURIDICA;339039-9;NAO SE APLICA;-9;NAO SE APLICA;-9;NAO SE APLICA;-9;NAO SE APLICA;NAO SE APLICA;-9;-9;-9;17CT0015 - PRESTACAO DE SERVICOS DE MANUTENCAO PREVENTIVA E CORRETIVA NOS  ELEVADORES DO ED.SEDE DO TREDF,CONFORME CONTRATO Nº 15/17 E TERMO ADITIVO Nº 02.;-9;NAO SE APLICA;;;;;(26.374,50);;;;;;;;;;;;;;;
14107;TRIBUNAL REGIONAL ELEITORAL DO DIST. FEDERAL;070025;TRIBUNAL REGIONAL ELEITORAL DO D. FEDERAL;02122057020GP0053;20GP;JULGAMENTO DE CAUSAS E GESTAO ADMINISTRATIVA NA JUSTICA ELEI;0001;JULGAMENTO DE CAUSAS E GESTAO ADMINISTRATIVA;084782;AIEF MANPRE;MANUTENCAO PREDIAL;0100;RECURSOS ORDINARIOS;1;ORCAMENTO FISCAL;3;DESPESAS CORRENTES;3;OUTRAS DESPESAS CORRENTES;39;OUTROS SERVICOS DE TERCEIROS PJ - OP.INT.ORC.;339039;OUTROS SERVICOS DE TERCEIROS - PESSOA JURIDICA;339039-9;NAO SE APLICA;-9;NAO SE APLICA;-9;NAO SE APLICA;-9;NAO SE APLICA;NAO SE APLICA;-9;-9;-9;17CT0016 - PRESTACAO DE SERVICOS DE MANUTENCAO PREVENTIVA E CORRETIVA DO SISTEMA DE AR-CONDICIONADO TIPO VRF- FLUXO DE REFRIGERANTE VARIAVEL DO EDIFICIO ANEXO DO TRE-DF. CONTRATO Nº 16/2017.;-9;NAO SE APLICA;;;;;(21.441,29);;;;;;;;;;;;;;;
14107;TRIBUNAL REGIONAL ELEITORAL DO DIST. FEDERAL;070025;TRIBUNAL REGIONAL ELEITORAL DO D. FEDERAL;02122057020GP0053;20GP;JULGAMENTO DE CAUSAS E GESTAO ADMINISTRATIVA NA JUSTICA ELEI;0001;JULGAMENTO DE CAUSAS E GESTAO ADMINISTRATIVA;084782;AIEF MANPRE;MANUTENCAO PREDIAL;0100;RECURSOS ORDINARIOS;1;ORCAMENTO FISCAL;3;DESPESAS CORRENTES;3;OUTRAS DESPESAS CORRENTES;39;OUTROS SERVICOS DE TERCEIROS PJ - OP.INT.ORC.;339039;OUTROS SERVICOS DE TERCEIROS - PESSOA JURIDICA;339039-9;NAO SE APLICA;-9;NAO SE APLICA;-9;NAO SE APLICA;-9;NAO SE APLICA;NAO SE APLICA;-9;-9;-9;17CT0016 - PRESTACAO DE SERVICOS DE MANUTENCAO PREVENTIVA E CORRETIVA DO SISTEMA DE AR-CONDICIONADO TIPO VRF- FLUXO DE REFRIGERANTE VARIAVEL DO EDIFICIO ANEXO DO TRE-DF. CONTRATO Nº 16/2017. REFORCO.;-9;NAO SE APLICA;;;;;(40.807,63);;;;;;;;;;;;;;;
14107;TRIBUNAL REGIONAL ELEITORAL DO DIST. FEDERAL;070025;TRIBUNAL REGIONAL ELEITORAL DO D. FEDERAL;02122057020GP0053;20GP;JULGAMENTO DE CAUSAS E GESTAO ADMINISTRATIVA NA JUSTICA ELEI;0001;JULGAMENTO DE CAUSAS E GESTAO ADMINISTRATIVA;084782;AIEF MANPRE;MANUTENCAO PREDIAL;0100;RECURSOS ORDINARIOS;1;ORCAMENTO FISCAL;3;DESPESAS CORRENTES;3;OUTRAS DESPESAS CORRENTES;39;OUTROS SERVICOS DE TERCEIROS PJ - OP.INT.ORC.;339039;OUTROS SERVICOS DE TERCEIROS - PESSOA JURIDICA;339039-9;NAO SE APLICA;-9;NAO SE APLICA;-9;NAO SE APLICA;-9;NAO SE APLICA;NAO SE APLICA;-9;-9;-9;17CT0016 - SERVICOS DE MANUTENCAO PREVENTIVA E CORRETIVA DO SISTEMA DE AR CON-DICIONADO TIPO VRF-FLUXO DE REFRIGERANTE VARIAVEL DO EDIF. ANEXO DO TRE-DF.   CONTRATO Nº 16/2017. TERMO ADITIVO Nº 01. APOSTILAMENTO Nº 01. REFORCO.;-9;NAO SE APLICA;;;;;(1.255,81);;;;;;;;;;;;;;;
14107;TRIBUNAL REGIONAL ELEITORAL DO DIST. FEDERAL;070025;TRIBUNAL REGIONAL ELEITORAL DO D. FEDERAL;02122057020GP0053;20GP;JULGAMENTO DE CAUSAS E GESTAO ADMINISTRATIVA NA JUSTICA ELEI;0001;JULGAMENTO DE CAUSAS E GESTAO ADMINISTRATIVA;084782;AIEF MANPRE;MANUTENCAO PREDIAL;0100;RECURSOS ORDINARIOS;1;ORCAMENTO FISCAL;3;DESPESAS CORRENTES;3;OUTRAS DESPESAS CORRENTES;39;OUTROS SERVICOS DE TERCEIROS PJ - OP.INT.ORC.;339039;OUTROS SERVICOS DE TERCEIROS - PESSOA JURIDICA;339039-9;NAO SE APLICA;-9;NAO SE APLICA;-9;NAO SE APLICA;-9;NAO SE APLICA;NAO SE APLICA;-9;-9;-9;17CT0039 - SERVICOS DE MANUTENCAO CORRETIVA PARA OS PORTOES ELETRONICOS DE CORRER, BASCULANTES E CANCELAS DO TRE/DF (SEDE) E SUAS UNIDADES  ADMINISTRATIVAS.CONTRATO Nº 39/2017.;-9;NAO SE APLICA;;;;;(8.000,00);;;;;;;;;;;;;;;
14107;TRIBUNAL REGIONAL ELEITORAL DO DIST. FEDERAL;070025;TRIBUNAL REGIONAL ELEITORAL DO D. FEDERAL;02122057020GP0053;20GP;JULGAMENTO DE CAUSAS E GESTAO ADMINISTRATIVA NA JUSTICA ELEI;0001;JULGAMENTO DE CAUSAS E GESTAO ADMINISTRATIVA;084782;AIEF MANPRE;MANUTENCAO PREDIAL;0100;RECURSOS ORDINARIOS;1;ORCAMENTO FISCAL;3;DESPESAS CORRENTES;3;OUTRAS DESPESAS CORRENTES;39;OUTROS SERVICOS DE TERCEIROS PJ - OP.INT.ORC.;339039;OUTROS SERVICOS DE TERCEIROS - PESSOA JURIDICA;339039-9;NAO SE APLICA;-9;NAO SE APLICA;-9;NAO SE APLICA;-9;NAO SE APLICA;NAO SE APLICA;-9;-9;-9;17CT0042 - PRESTACAO DE SERVICOS DE MANUTENCAO PREDITIVA, PREVENTIVA E CORRETIVA DE GRUPOS GERADORES, CHAVES ATS E QTA'S DO ED. SEDE E ANEXO DO TRE-DF,  CONFORME CONTRATO Nº 42/2017.;-9;NAO SE APLICA;;;;;(39.577,55);;;;;;;;;;;;;;;
14107;TRIBUNAL REGIONAL ELEITORAL DO DIST. FEDERAL;070025;TRIBUNAL REGIONAL ELEITORAL DO D. FEDERAL;02122057020GP0053;20GP;JULGAMENTO DE CAUSAS E GESTAO ADMINISTRATIVA NA JUSTICA ELEI;0001;JULGAMENTO DE CAUSAS E GESTAO ADMINISTRATIVA;084782;AIEF MANPRE;MANUTENCAO PREDIAL;0100;RECURSOS ORDINARIOS;1;ORCAMENTO FISCAL;3;DESPESAS CORRENTES;3;OUTRAS DESPESAS CORRENTES;39;OUTROS SERVICOS DE TERCEIROS PJ - OP.INT.ORC.;339039;OUTROS SERVICOS DE TERCEIROS - PESSOA JURIDICA;339039-9;NAO SE APLICA;-9;NAO SE APLICA;-9;NAO SE APLICA;-9;NAO SE APLICA;NAO SE APLICA;-9;-9;-9;2018NECT - SUPRIMENTO DE FUNDOS - SERVICOS.;-9;NAO SE APLICA;;;;;(20.000,00);;;;;;;;;;;;;;;
14107;TRIBUNAL REGIONAL ELEITORAL DO DIST. FEDERAL;070025;TRIBUNAL REGIONAL ELEITORAL DO D. FEDERAL;02122057020GP0053;20GP;JULGAMENTO DE CAUSAS E GESTAO ADMINISTRATIVA NA JUSTICA ELEI;0001;JULGAMENTO DE CAUSAS E GESTAO ADMINISTRATIVA;084782;AIEF MANPRE;MANUTENCAO PREDIAL;0100;RECURSOS ORDINARIOS;1;ORCAMENTO FISCAL;3;DESPESAS CORRENTES;3;OUTRAS DESPESAS CORRENTES;39;OUTROS SERVICOS DE TERCEIROS PJ - OP.INT.ORC.;339039;OUTROS SERVICOS DE TERCEIROS - PESSOA JURIDICA;339039-9;NAO SE APLICA;-9;NAO SE APLICA;-9;NAO SE APLICA;-9;NAO SE APLICA;NAO SE APLICA;-9;-9;-9;ALTERACAO P/ EMISSAO DE NE - PRESTACAO DE SERVICOS DE MANUTENCAO DE APARELHOS DE AR CONDICIONADO, CONTRATO Nº 09/13. (PA 0002805-13.2016.6.07.8100);-9;NAO SE APLICA;51.431,54;51.431,54;;;51.431,54;;;;;;;;;;;;;;;
14107;TRIBUNAL REGIONAL ELEITORAL DO DIST. FEDERAL;070025;TRIBUNAL REGIONAL ELEITORAL DO D. FEDERAL;02122057020GP0053;20GP;JULGAMENTO DE CAUSAS E GESTAO ADMINISTRATIVA NA JUSTICA ELEI;0001;JULGAMENTO DE CAUSAS E GESTAO ADMINISTRATIVA;084782;AIEF MANPRE;MANUTENCAO PREDIAL;0100;RECURSOS ORDINARIOS;1;ORCAMENTO FISCAL;3;DESPESAS CORRENTES;3;OUTRAS DESPESAS CORRENTES;39;OUTROS SERVICOS DE TERCEIROS PJ - OP.INT.ORC.;339039;OUTROS SERVICOS DE TERCEIROS - PESSOA JURIDICA;339039-9;NAO SE APLICA;-9;NAO SE APLICA;-9;NAO SE APLICA;-9;NAO SE APLICA;NAO SE APLICA;-9;-9;-9;ALTERACAO PARA EMISSAO DE NE - PRESTACAO DE SERVICOS DE MANUTENCAO PREVENTIVA E CORRETIVA DO SISTEMA DE AR CONDICIONADO TIPO VRF. CONTRATO Nº 16/2017.      (PA 0000060-26.2017.6.07.8100);-9;NAO SE APLICA;21.441,29;21.441,29;;;21.441,29;;;;;;;;;;;;;;;
14107;TRIBUNAL REGIONAL ELEITORAL DO DIST. FEDERAL;070025;TRIBUNAL REGIONAL ELEITORAL DO D. FEDERAL;02122057020GP0053;20GP;JULGAMENTO DE CAUSAS E GESTAO ADMINISTRATIVA NA JUSTICA ELEI;0001;JULGAMENTO DE CAUSAS E GESTAO ADMINISTRATIVA;084782;AIEF MANPRE;MANUTENCAO PREDIAL;0100;RECURSOS ORDINARIOS;1;ORCAMENTO FISCAL;3;DESPESAS CORRENTES;3;OUTRAS DESPESAS CORRENTES;39;OUTROS SERVICOS DE TERCEIROS PJ - OP.INT.ORC.;339039;OUTROS SERVICOS DE TERCEIROS - PESSOA JURIDICA;339039-9;NAO SE APLICA;-9;NAO SE APLICA;-9;NAO SE APLICA;-9;NAO SE APLICA;NAO SE APLICA;-9;-9;-9;ALTERACAO PARA EMISSAO DE NE - SERVICOS DE MANUTENCAO CORRETIVA PARA PORTOES  ELETRONICOS, BASCULANTES E CANCELAS.                                          (PA 0002931-29.2017.6.07.8100);-9;NAO SE APLICA;8.000,00;8.000,00;;;8.000,00;;;;;;;;;;;;;;;
14107;TRIBUNAL REGIONAL ELEITORAL DO DIST. FEDERAL;070025;TRIBUNAL REGIONAL ELEITORAL DO D. FEDERAL;02122057020GP0053;20GP;JULGAMENTO DE CAUSAS E GESTAO ADMINISTRATIVA NA JUSTICA ELEI;0001;JULGAMENTO DE CAUSAS E GESTAO ADMINISTRATIVA;084782;AIEF MANPRE;MANUTENCAO PREDIAL;0100;RECURSOS ORDINARIOS;1;ORCAMENTO FISCAL;3;DESPESAS CORRENTES;3;OUTRAS DESPESAS CORRENTES;39;OUTROS SERVICOS DE TERCEIROS PJ - OP.INT.ORC.;339039;OUTROS SERVICOS DE TERCEIROS - PESSOA JURIDICA;339039-9;NAO SE APLICA;-9;NAO SE APLICA;-9;NAO SE APLICA;-9;NAO SE APLICA;NAO SE APLICA;-9;-9;-9;ALTERACAO PARA EMISSAO DE NE - SUPRIMENTO DE FUNDOS;-9;NAO SE APLICA;20.000,00;20.000,00;;;20.000,00;;;;;;;;;;;;;;;
14107;TRIBUNAL REGIONAL ELEITORAL DO DIST. FEDERAL;070025;TRIBUNAL REGIONAL ELEITORAL DO D. FEDERAL;02122057020GP0053;20GP;JULGAMENTO DE CAUSAS E GESTAO ADMINISTRATIVA NA JUSTICA ELEI;0001;JULGAMENTO DE CAUSAS E GESTAO ADMINISTRATIVA;084782;AIEF MANPRE;MANUTENCAO PREDIAL;0100;RECURSOS ORDINARIOS;1;ORCAMENTO FISCAL;3;DESPESAS CORRENTES;3;OUTRAS DESPESAS CORRENTES;39;OUTROS SERVICOS DE TERCEIROS PJ - OP.INT.ORC.;339039;OUTROS SERVICOS DE TERCEIROS - PESSOA JURIDICA;339039-9;NAO SE APLICA;-9;NAO SE APLICA;-9;NAO SE APLICA;-9;NAO SE APLICA;NAO SE APLICA;-9;-9;-9;ALTERACAO PARA EMISSAO DE NE (R$ 8.791,50 - PERIODO DE JANEIRO A MARCO) E DE  PE (R$ 26.374,50 - TERMO ADITIVO Nº 02) - PA 0000055-04.2017.6.07.8100);-9;NAO SE APLICA;35.166,00;35.166,00;;;35.166,00;;;;;;;;;;;;;;;
14107;TRIBUNAL REGIONAL ELEITORAL DO DIST. FEDERAL;070025;TRIBUNAL REGIONAL ELEITORAL DO D. FEDERAL;02122057020GP0053;20GP;JULGAMENTO DE CAUSAS E GESTAO ADMINISTRATIVA NA JUSTICA ELEI;0001;JULGAMENTO DE CAUSAS E GESTAO ADMINISTRATIVA;084782;AIEF MANPRE;MANUTENCAO PREDIAL;0100;RECURSOS ORDINARIOS;1;ORCAMENTO FISCAL;3;DESPESAS CORRENTES;3;OUTRAS DESPESAS CORRENTES;39;OUTROS SERVICOS DE TERCEIROS PJ - OP.INT.ORC.;339039;OUTROS SERVICOS DE TERCEIROS - PESSOA JURIDICA;339039-9;NAO SE APLICA;-9;NAO SE APLICA;-9;NAO SE APLICA;-9;NAO SE APLICA;NAO SE APLICA;-9;-9;-9;ALTERACAO PARA EMISSAO DE NE. SERVICOS DE JARDINAGEM E FORNECIMENTO DE PLANTASPAE 0006424-48.2016.6.07.8100;-9;NAO SE APLICA;158.240,16;158.240,16;;;158.240,16;;;;;;;;;;;;;;;
14107;TRIBUNAL REGIONAL ELEITORAL DO DIST. FEDERAL;070025;TRIBUNAL REGIONAL ELEITORAL DO D. FEDERAL;02122057020GP0053;20GP;JULGAMENTO DE CAUSAS E GESTAO ADMINISTRATIVA NA JUSTICA ELEI;0001;JULGAMENTO DE CAUSAS E GESTAO ADMINISTRATIVA;084782;AIEF MANPRE;MANUTENCAO PREDIAL;0100;RECURSOS ORDINARIOS;1;ORCAMENTO FISCAL;3;DESPESAS CORRENTES;3;OUTRAS DESPESAS CORRENTES;39;OUTROS SERVICOS DE TERCEIROS PJ - OP.INT.ORC.;339039;OUTROS SERVICOS DE TERCEIROS - PESSOA JURIDICA;339039-9;NAO SE APLICA;-9;NAO SE APLICA;-9;NAO SE APLICA;-9;NAO SE APLICA;NAO SE APLICA;-9;-9;-9;ALTERACAO PARA EMISSAO DE NOTAS DE EMPENHO.                                   PAE Nº 0002845-58.2017.6.07.8100;-9;NAO SE APLICA;39.577,55;39.577,55;;;39.577,55;;;;;;;;;;;;;;;
14107;TRIBUNAL REGIONAL ELEITORAL DO DIST. FEDERAL;070025;TRIBUNAL REGIONAL ELEITORAL DO D. FEDERAL;02122057020GP0053;20GP;JULGAMENTO DE CAUSAS E GESTAO ADMINISTRATIVA NA JUSTICA ELEI;0001;JULGAMENTO DE CAUSAS E GESTAO ADMINISTRATIVA;084782;AIEF MANPRE;MANUTENCAO PREDIAL;0100;RECURSOS ORDINARIOS;1;ORCAMENTO FISCAL;3;DESPESAS CORRENTES;3;OUTRAS DESPESAS CORRENTES;39;OUTROS SERVICOS DE TERCEIROS PJ - OP.INT.ORC.;339039;OUTROS SERVICOS DE TERCEIROS - PESSOA JURIDICA;339039-9;NAO SE APLICA;-9;NAO SE APLICA;-9;NAO SE APLICA;-9;NAO SE APLICA;NAO SE APLICA;-9;-9;-9;ALTERACAO PARA EMISSAO DE PE - PRESTACAO DE SERVICOS DE MANUTENCAO PREDITIVA, PREVENTIVA E CORRETIVA DE GRUPOS GERADORES, CHAVES ATS E QTA'S DO ED. SEDE E  ANEXO DO TRE-DF. (PA 0002845-58.2017);-9;NAO SE APLICA;11.490,25;11.490,25;;;11.490,25;;;;;;;;;;;;;;;
14107;TRIBUNAL REGIONAL ELEITORAL DO DIST. FEDERAL;070025;TRIBUNAL REGIONAL ELEITORAL DO D. FEDERAL;02122057020GP0053;20GP;JULGAMENTO DE CAUSAS E GESTAO ADMINISTRATIVA NA JUSTICA ELEI;0001;JULGAMENTO DE CAUSAS E GESTAO ADMINISTRATIVA;084782;AIEF MANPRE;MANUTENCAO PREDIAL;0100;RECURSOS ORDINARIOS;1;ORCAMENTO FISCAL;3;DESPESAS CORRENTES;3;OUTRAS DESPESAS CORRENTES;39;OUTROS SERVICOS DE TERCEIROS PJ - OP.INT.ORC.;339039;OUTROS SERVICOS DE TERCEIROS - PESSOA JURIDICA;339039-9;NAO SE APLICA;-9;NAO SE APLICA;-9;NAO SE APLICA;-9;NAO SE APLICA;NAO SE APLICA;-9;-9;-9;ALTERACAO PARA EMISSAO DE PE - PRESTACAO DE SERVICOS DE MANUTENCAO PREVENTIVA E CORRETIVA DO SISTEMA DE AR-CONDICIONADO TIPO VRF.                           (PA 0000060-26.2017);-9;NAO SE APLICA;40.807,67;40.807,67;;;40.807,67;;;;;;;;;;;;;;;
14107;TRIBUNAL REGIONAL ELEITORAL DO DIST. FEDERAL;070025;TRIBUNAL REGIONAL ELEITORAL DO D. FEDERAL;02122057020GP0053;20GP;JULGAMENTO DE CAUSAS E GESTAO ADMINISTRATIVA NA JUSTICA ELEI;0001;JULGAMENTO DE CAUSAS E GESTAO ADMINISTRATIVA;084782;AIEF MANPRE;MANUTENCAO PREDIAL;0100;RECURSOS ORDINARIOS;1;ORCAMENTO FISCAL;3;DESPESAS CORRENTES;3;OUTRAS DESPESAS CORRENTES;39;OUTROS SERVICOS DE TERCEIROS PJ - OP.INT.ORC.;339039;OUTROS SERVICOS DE TERCEIROS - PESSOA JURIDICA;339039-9;NAO SE APLICA;-9;NAO SE APLICA;-9;NAO SE APLICA;-9;NAO SE APLICA;NAO SE APLICA;-9;-9;-9;ALTERACAO PARA EMISSAO DE PE -SERVICOS DE MANUTENCAO CORRETIVA PARA OS PORTOESELETRONICOS DE CORRER, BASCULANTES E CANCELAS DO TRE/DF (SEDE) E SUAS UNIDADESADMINISTRATIVAS. (PA 0002931-29.2017);-9;NAO SE APLICA;2.669,86;2.669,86;;;2.669,86;;;;;;;;;;;;;;;
14107;TRIBUNAL REGIONAL ELEITORAL DO DIST. FEDERAL;070025;TRIBUNAL REGIONAL ELEITORAL DO D. FEDERAL;02122057020GP0053;20GP;JULGAMENTO DE CAUSAS E GESTAO ADMINISTRATIVA NA JUSTICA ELEI;0001;JULGAMENTO DE CAUSAS E GESTAO ADMINISTRATIVA;084782;AIEF MANPRE;MANUTENCAO PREDIAL;0100;RECURSOS ORDINARIOS;1;ORCAMENTO FISCAL;3;DESPESAS CORRENTES;3;OUTRAS DESPESAS CORRENTES;39;OUTROS SERVICOS DE TERCEIROS PJ - OP.INT.ORC.;339039;OUTROS SERVICOS DE TERCEIROS - PESSOA JURIDICA;339039-9;NAO SE APLICA;-9;NAO SE APLICA;-9;NAO SE APLICA;-9;NAO SE APLICA;NAO SE APLICA;-9;-9;-9;ALTERACAO PARA EMISSAO DE PE. MANUTENCAO DE AR CONDICIONADO.                  PAE 0000060-26.2017.6.07.8100;-9;NAO SE APLICA;40.807,63;40.807,63;;;40.807,63;;;;;;;;;;;;;;;
14107;TRIBUNAL REGIONAL ELEITORAL DO DIST. FEDERAL;070025;TRIBUNAL REGIONAL ELEITORAL DO D. FEDERAL;02122057020GP0053;20GP;JULGAMENTO DE CAUSAS E GESTAO ADMINISTRATIVA NA JUSTICA ELEI;0001;JULGAMENTO DE CAUSAS E GESTAO ADMINISTRATIVA;084782;AIEF MANPRE;MANUTENCAO PREDIAL;0100;RECURSOS ORDINARIOS;1;ORCAMENTO FISCAL;3;DESPESAS CORRENTES;3;OUTRAS DESPESAS CORRENTES;39;OUTROS SERVICOS DE TERCEIROS PJ - OP.INT.ORC.;339039;OUTROS SERVICOS DE TERCEIROS - PESSOA JURIDICA;339039-9;NAO SE APLICA;-9;NAO SE APLICA;-9;NAO SE APLICA;-9;NAO SE APLICA;NAO SE APLICA;-9;-9;-9;ALTERCAO PARA EMISSAO DE NE -PRESTACAO DE SERVICO DE ENGENHARIA PARA O FORNECIMENTO E INSTALACAO DE PINGADEIRAS EM MARMORE E PEDRAS DE PROTECAO NAS  ESCADASDE GRANITO. (PA 0005051-45.2017.6.07.8100);-9;NAO SE APLICA;76.081,16;76.081,16;;;76.081,16;;;;;;;;;;;;;;;
14107;TRIBUNAL REGIONAL ELEITORAL DO DIST. FEDERAL;070025;TRIBUNAL REGIONAL ELEITORAL DO D. FEDERAL;02122057020GP0053;20GP;JULGAMENTO DE CAUSAS E GESTAO ADMINISTRATIVA NA JUSTICA ELEI;0001;JULGAMENTO DE CAUSAS E GESTAO ADMINISTRATIVA;084782;AIEF MANPRE;MANUTENCAO PREDIAL;0100;RECURSOS ORDINARIOS;1;ORCAMENTO FISCAL;3;DESPESAS CORRENTES;3;OUTRAS DESPESAS CORRENTES;39;OUTROS SERVICOS DE TERCEIROS PJ - OP.INT.ORC.;339039;OUTROS SERVICOS DE TERCEIROS - PESSOA JURIDICA;339039-9;NAO SE APLICA;-9;NAO SE APLICA;-9;NAO SE APLICA;-9;NAO SE APLICA;NAO SE APLICA;-9;-9;-9;ALTERCAO PARA EMISSAO DE PE - PRESTACAO DE SERVICOS DE MANUTENCAO PREVENTIVA ECORRETIVA DO SISTEMA DE AR-CONDICIONADO. (PA 0000060-26.2017.6.07.8100);-9;NAO SE APLICA;1.255,81;1.255,81;;;1.255,81;;;;;;;;;;;;;;;
14107;TRIBUNAL REGIONAL ELEITORAL DO DIST. FEDERAL;070025;TRIBUNAL REGIONAL ELEITORAL DO D. FEDERAL;02122057020GP0053;20GP;JULGAMENTO DE CAUSAS E GESTAO ADMINISTRATIVA NA JUSTICA ELEI;0001;JULGAMENTO DE CAUSAS E GESTAO ADMINISTRATIVA;084782;AIEF MANPRE;MANUTENCAO PREDIAL;0100;RECURSOS ORDINARIOS;1;ORCAMENTO FISCAL;3;DESPESAS CORRENTES;3;OUTRAS DESPESAS CORRENTES;39;OUTROS SERVICOS DE TERCEIROS PJ - OP.INT.ORC.;339039;OUTROS SERVICOS DE TERCEIROS - PESSOA JURIDICA;339039-9;NAO SE APLICA;-9;NAO SE APLICA;-9;NAO SE APLICA;-9;NAO SE APLICA;NAO SE APLICA;-9;-9;-9;ALTERCAO PARA EMISSAO DE PE - PRESTACAO DE SERVICOS DE MANUTENCAO PREVENTIVA ECORRETIVA NOS  ELEVADORES DO ED.SEDE DO TREDF. (PA 0000055-04.2017.6.07.8100);-9;NAO SE APLICA;848,95;848,95;;;848,95;;;;;;;;;;;;;;;
14107;TRIBUNAL REGIONAL ELEITORAL DO DIST. FEDERAL;070025;TRIBUNAL REGIONAL ELEITORAL DO D. FEDERAL;02122057020GP0053;20GP;JULGAMENTO DE CAUSAS E GESTAO ADMINISTRATIVA NA JUSTICA ELEI;0001;JULGAMENTO DE CAUSAS E GESTAO ADMINISTRATIVA;084782;AIEF MANPRE;MANUTENCAO PREDIAL;0100;RECURSOS ORDINARIOS;1;ORCAMENTO FISCAL;3;DESPESAS CORRENTES;3;OUTRAS DESPESAS CORRENTES;39;OUTROS SERVICOS DE TERCEIROS PJ - OP.INT.ORC.;339039;OUTROS SERVICOS DE TERCEIROS - PESSOA JURIDICA;339039-9;NAO SE APLICA;-9;NAO SE APLICA;-9;NAO SE APLICA;-9;NAO SE APLICA;NAO SE APLICA;-9;-9;-9;CONTRATACAO DE EMPRESA ESPECIALIZADA PARA PRESTACAO DE SERVICO  DE  ENGENHARIAPARA O FORNECIMENTO E INSTALACAO DE PINGADEIRAS EM MARMORE E PEDRAS  DE  PROTECAO NAS ESCADAS EM GRANITO. (PA 0005051-45.2017.6.07.8100);-9;NAO SE APLICA;;;;;(76.081,16);76.081,16;76.081,16;;;;;;;;;;;;;
14107;TRIBUNAL REGIONAL ELEITORAL DO DIST. FEDERAL;070025;TRIBUNAL REGIONAL ELEITORAL DO D. FEDERAL;02122057020GP0053;20GP;JULGAMENTO DE CAUSAS E GESTAO ADMINISTRATIVA NA JUSTICA ELEI;0001;JULGAMENTO DE CAUSAS E GESTAO ADMINISTRATIVA;084782;AIEF MANPRE;MANUTENCAO PREDIAL;0100;RECURSOS ORDINARIOS;1;ORCAMENTO FISCAL;3;DESPESAS CORRENTES;3;OUTRAS DESPESAS CORRENTES;39;OUTROS SERVICOS DE TERCEIROS PJ - OP.INT.ORC.;339039;OUTROS SERVICOS DE TERCEIROS - PESSOA JURIDICA;339039-9;NAO SE APLICA;-9;NAO SE APLICA;-9;NAO SE APLICA;-9;NAO SE APLICA;NAO SE APLICA;-9;-9;-9;FORNECIMENTO E INSTALACAO DE PINGADEIRAS EM MARMORE E PEDRAS DE PROTECAO NAS  ESCADAS EM GRANITO.;-9;NAO SE APLICA;;;;;0,07;(0,07);(0,07);;;;;;;;;;;;;
14107;TRIBUNAL REGIONAL ELEITORAL DO DIST. FEDERAL;070025;TRIBUNAL REGIONAL ELEITORAL DO D. FEDERAL;02122057020GP0053;20GP;JULGAMENTO DE CAUSAS E GESTAO ADMINISTRATIVA NA JUSTICA ELEI;0001;JULGAMENTO DE CAUSAS E GESTAO ADMINISTRATIVA;084782;AIEF MANPRE;MANUTENCAO PREDIAL;0100;RECURSOS ORDINARIOS;1;ORCAMENTO FISCAL;3;DESPESAS CORRENTES;3;OUTRAS DESPESAS CORRENTES;39;OUTROS SERVICOS DE TERCEIROS PJ - OP.INT.ORC.;339039;OUTROS SERVICOS DE TERCEIROS - PESSOA JURIDICA;339039-9;NAO SE APLICA;-9;NAO SE APLICA;-9;NAO SE APLICA;-9;NAO SE APLICA;NAO SE APLICA;-9;-9;-9;PRESTACAO DE SERVICOS DE MANUTENCAO PREDITIVA,PREVENTIVA E CORRETIVA DE GRUPOSGERADORES, CHAVES ATS E QTA'S DO ED. SEDE E ANEXO DO TRE-DF.                  (PA 0002845-58.2017.6.07.8100);-9;NAO SE APLICA;;;;;(11.490,25);11.490,25;11.490,25;;;;;;;;;;;;;
14107;TRIBUNAL REGIONAL ELEITORAL DO DIST. FEDERAL;070025;TRIBUNAL REGIONAL ELEITORAL DO D. FEDERAL;02122057020GP0053;20GP;JULGAMENTO DE CAUSAS E GESTAO ADMINISTRATIVA NA JUSTICA ELEI;0001;JULGAMENTO DE CAUSAS E GESTAO ADMINISTRATIVA;084782;AIEF MANPRE;MANUTENCAO PREDIAL;0100;RECURSOS ORDINARIOS;1;ORCAMENTO FISCAL;3;DESPESAS CORRENTES;3;OUTRAS DESPESAS CORRENTES;39;OUTROS SERVICOS DE TERCEIROS PJ - OP.INT.ORC.;339039;OUTROS SERVICOS DE TERCEIROS - PESSOA JURIDICA;339039-9;NAO SE APLICA;-9;NAO SE APLICA;-9;NAO SE APLICA;-9;NAO SE APLICA;NAO SE APLICA;-9;-9;-9;PRESTACAO DE SERVICOS DE MANUTENCAO PREVENTIVA E CORRETIVA DO SISTEMA DE AR-  CONDICIONADO TIPO VRF - FLUXO DE REFRIGERANTE VARIAVEL DO EDIFICIO ANEXO DO   TRE-DF. (PA 0000060-26.2017.6.07.8100);-9;NAO SE APLICA;;;;;0,00;0,00;0,00;;;;;;;;;;;;;
14107;TRIBUNAL REGIONAL ELEITORAL DO DIST. FEDERAL;070025;TRIBUNAL REGIONAL ELEITORAL DO D. FEDERAL;02122057020GP0053;20GP;JULGAMENTO DE CAUSAS E GESTAO ADMINISTRATIVA NA JUSTICA ELEI;0001;JULGAMENTO DE CAUSAS E GESTAO ADMINISTRATIVA;084782;AIEF MANPRE;MANUTENCAO PREDIAL;0100;RECURSOS ORDINARIOS;1;ORCAMENTO FISCAL;3;DESPESAS CORRENTES;3;OUTRAS DESPESAS CORRENTES;39;OUTROS SERVICOS DE TERCEIROS PJ - OP.INT.ORC.;339039;OUTROS SERVICOS DE TERCEIROS - PESSOA JURIDICA;339039-9;NAO SE APLICA;-9;NAO SE APLICA;-9;NAO SE APLICA;-9;NAO SE APLICA;NAO SE APLICA;-9;-9;-9;PRESTACAO DE SERVICOS DE MANUTENCAO PREVENTIVA E CORRETIVA NOS  ELEVADORES DO ED.SEDE DO TREDF. (PA 0000055-04.2017.6.07.8100);-9;NAO SE APLICA;;;;;(848,95);848,95;848,95;;;;;;;;;;;;;
14107;TRIBUNAL REGIONAL ELEITORAL DO DIST. FEDERAL;070025;TRIBUNAL REGIONAL ELEITORAL DO D. FEDERAL;02122057020GP0053;20GP;JULGAMENTO DE CAUSAS E GESTAO ADMINISTRATIVA NA JUSTICA ELEI;0001;JULGAMENTO DE CAUSAS E GESTAO ADMINISTRATIVA;084782;AIEF MANPRE;MANUTENCAO PREDIAL;0100;RECURSOS ORDINARIOS;1;ORCAMENTO FISCAL;3;DESPESAS CORRENTES;3;OUTRAS DESPESAS CORRENTES;39;OUTROS SERVICOS DE TERCEIROS PJ - OP.INT.ORC.;339039;OUTROS SERVICOS DE TERCEIROS - PESSOA JURIDICA;339039-9;NAO SE APLICA;-9;NAO SE APLICA;-9;NAO SE APLICA;-9;NAO SE APLICA;NAO SE APLICA;-9;-9;-9;PRESTACO DE SERVICOS DE MANUTENCAO PREVENTIVA E CORRETIVA DO SISTEMA DE AR-CONDICIONADO TIPO VRF. (PA 0000060-26.2017.6.07.8100);-9;NAO SE APLICA;;;;;(40.807,67);40.807,67;40.807,67;;;;;;;;;;;;;
14107;TRIBUNAL REGIONAL ELEITORAL DO DIST. FEDERAL;070025;TRIBUNAL REGIONAL ELEITORAL DO D. FEDERAL;02122057020GP0053;20GP;JULGAMENTO DE CAUSAS E GESTAO ADMINISTRATIVA NA JUSTICA ELEI;0001;JULGAMENTO DE CAUSAS E GESTAO ADMINISTRATIVA;084782;AIEF MANPRE;MANUTENCAO PREDIAL;0100;RECURSOS ORDINARIOS;1;ORCAMENTO FISCAL;3;DESPESAS CORRENTES;3;OUTRAS DESPESAS CORRENTES;39;OUTROS SERVICOS DE TERCEIROS PJ - OP.INT.ORC.;339039;OUTROS SERVICOS DE TERCEIROS - PESSOA JURIDICA;339039-9;NAO SE APLICA;-9;NAO SE APLICA;-9;NAO SE APLICA;-9;NAO SE APLICA;NAO SE APLICA;-9;-9;-9;PRESTACO DE SERVICOS DE MANUTENCAO PREVENTIVA E CORRETIVA DO SISTEMA DE AR-CONDICIONADO TIPO VRF. (PA 0000060-26.2017.6.07.8100)                            ANULACAO.;-9;NAO SE APLICA;;;;;40.807,67;(40.807,67);(40.807,67);;;;;;;;;;;;;
14107;TRIBUNAL REGIONAL ELEITORAL DO DIST. FEDERAL;070025;TRIBUNAL REGIONAL ELEITORAL DO D. FEDERAL;02122057020GP0053;20GP;JULGAMENTO DE CAUSAS E GESTAO ADMINISTRATIVA NA JUSTICA ELEI;0001;JULGAMENTO DE CAUSAS E GESTAO ADMINISTRATIVA;084782;AIEF MANPRE;MANUTENCAO PREDIAL;0100;RECURSOS ORDINARIOS;1;ORCAMENTO FISCAL;3;DESPESAS CORRENTES;3;OUTRAS DESPESAS CORRENTES;39;OUTROS SERVICOS DE TERCEIROS PJ - OP.INT.ORC.;339039;OUTROS SERVICOS DE TERCEIROS - PESSOA JURIDICA;339039-9;NAO SE APLICA;-9;NAO SE APLICA;-9;NAO SE APLICA;-9;NAO SE APLICA;NAO SE APLICA;-9;-9;-9;RESERVA PARA FAZER FACE AO TERMO ADITIVO Nº 1 AO CONTRATO Nº 16/2017.         PAE 0000060-26.2017.6.07.8100 - MANUTENCAO DE SISTEMA DE AR CONDICIONADO.;-9;NAO SE APLICA;;;;;(40.807,63);40.807,63;40.807,63;;;;;;;;;;;;;
14107;TRIBUNAL REGIONAL ELEITORAL DO DIST. FEDERAL;070025;TRIBUNAL REGIONAL ELEITORAL DO D. FEDERAL;02122057020GP0053;20GP;JULGAMENTO DE CAUSAS E GESTAO ADMINISTRATIVA NA JUSTICA ELEI;0001;JULGAMENTO DE CAUSAS E GESTAO ADMINISTRATIVA;084782;AIEF MANPRE;MANUTENCAO PREDIAL;0100;RECURSOS ORDINARIOS;1;ORCAMENTO FISCAL;3;DESPESAS CORRENTES;3;OUTRAS DESPESAS CORRENTES;39;OUTROS SERVICOS DE TERCEIROS PJ - OP.INT.ORC.;339039;OUTROS SERVICOS DE TERCEIROS - PESSOA JURIDICA;339039-9;NAO SE APLICA;-9;NAO SE APLICA;-9;NAO SE APLICA;-9;NAO SE APLICA;NAO SE APLICA;-9;-9;-9;RESERVA PARA FAZER FACE AO TERMO ADITIVO Nº 1 AO CONTRATO Nº 16/2017.         PAE 0000060-26.2017.6.07.8100 - MANUTENCAO DE SISTEMA DE AR CONDICIONADO.     ANULACAO PARA EMISSAO DE EMPENHO;-9;NAO SE APLICA;;;;;40.807,63;(40.807,63);(40.807,63);;;;;;;;;;;;;
14107;TRIBUNAL REGIONAL ELEITORAL DO DIST. FEDERAL;070025;TRIBUNAL REGIONAL ELEITORAL DO D. FEDERAL;02122057020GP0053;20GP;JULGAMENTO DE CAUSAS E GESTAO ADMINISTRATIVA NA JUSTICA ELEI;0001;JULGAMENTO DE CAUSAS E GESTAO ADMINISTRATIVA;084782;AIEF MANPRE;MANUTENCAO PREDIAL;0100;RECURSOS ORDINARIOS;1;ORCAMENTO FISCAL;3;DESPESAS CORRENTES;3;OUTRAS DESPESAS CORRENTES;39;OUTROS SERVICOS DE TERCEIROS PJ - OP.INT.ORC.;339039;OUTROS SERVICOS DE TERCEIROS - PESSOA JURIDICA;339039-9;NAO SE APLICA;-9;NAO SE APLICA;-9;NAO SE APLICA;-9;NAO SE APLICA;NAO SE APLICA;-9;-9;-9;RETORNO AO DISPONIVEL.;-9;NAO SE APLICA;(0,07);(0,07);;;(0,07);;;;;;;;;;;;;;;
14107;TRIBUNAL REGIONAL ELEITORAL DO DIST. FEDERAL;070025;TRIBUNAL REGIONAL ELEITORAL DO D. FEDERAL;02122057020GP0053;20GP;JULGAMENTO DE CAUSAS E GESTAO ADMINISTRATIVA NA JUSTICA ELEI;0001;JULGAMENTO DE CAUSAS E GESTAO ADMINISTRATIVA;084782;AIEF MANPRE;MANUTENCAO PREDIAL;0100;RECURSOS ORDINARIOS;1;ORCAMENTO FISCAL;3;DESPESAS CORRENTES;3;OUTRAS DESPESAS CORRENTES;39;OUTROS SERVICOS DE TERCEIROS PJ - OP.INT.ORC.;339039;OUTROS SERVICOS DE TERCEIROS - PESSOA JURIDICA;339039-9;NAO SE APLICA;-9;NAO SE APLICA;-9;NAO SE APLICA;-9;NAO SE APLICA;NAO SE APLICA;-9;-9;-9;RETORNO AO DISPONIVEL. PRESTACAO DE SERVICOS DE MANUTENCAO PREVENTIVA E CORRE-TIVA DO SISTEMA DE AR-CONDICIONADO TIPO VRF.                                  (PA 0000060-26.2017) - ANULACAO DO PE 3 PELO PE 52.;-9;NAO SE APLICA;(40.807,67);(40.807,67);;;(40.807,67);;;;;;;;;;;;;;;
14107;TRIBUNAL REGIONAL ELEITORAL DO DIST. FEDERAL;070025;TRIBUNAL REGIONAL ELEITORAL DO D. FEDERAL;02122057020GP0053;20GP;JULGAMENTO DE CAUSAS E GESTAO ADMINISTRATIVA NA JUSTICA ELEI;0001;JULGAMENTO DE CAUSAS E GESTAO ADMINISTRATIVA;084782;AIEF MANPRE;MANUTENCAO PREDIAL;0100;RECURSOS ORDINARIOS;1;ORCAMENTO FISCAL;3;DESPESAS CORRENTES;3;OUTRAS DESPESAS CORRENTES;39;OUTROS SERVICOS DE TERCEIROS PJ - OP.INT.ORC.;339039;OUTROS SERVICOS DE TERCEIROS - PESSOA JURIDICA;339039-9;NAO SE APLICA;-9;NAO SE APLICA;-9;NAO SE APLICA;-9;NAO SE APLICA;NAO SE APLICA;-9;-9;-9;SERVICOS DE MANUTENCAO CORRETIVA PARA OS PORTOES ELETRONICOS DE CORRER, BASCU LANTES E CANCELAS DO TRE/DF (SEDE) E SUAS UNIDADES  ADMINISTRATIVAS.          (PA 0002931-29.2017.6.07.8100);-9;NAO SE APLICA;;;;;(2.669,86);2.669,86;2.669,86;;;;;;;;;;;;;
14107;TRIBUNAL REGIONAL ELEITORAL DO DIST. FEDERAL;070025;TRIBUNAL REGIONAL ELEITORAL DO D. FEDERAL;02122057020GP0053;20GP;JULGAMENTO DE CAUSAS E GESTAO ADMINISTRATIVA NA JUSTICA ELEI;0001;JULGAMENTO DE CAUSAS E GESTAO ADMINISTRATIVA;084782;AIEF MANPRE;MANUTENCAO PREDIAL;0100;RECURSOS ORDINARIOS;1;ORCAMENTO FISCAL;3;DESPESAS CORRENTES;3;OUTRAS DESPESAS CORRENTES;39;OUTROS SERVICOS DE TERCEIROS PJ - OP.INT.ORC.;339039;OUTROS SERVICOS DE TERCEIROS - PESSOA JURIDICA;339039-9;NAO SE APLICA;-9;NAO SE APLICA;-9;NAO SE APLICA;-9;NAO SE APLICA;NAO SE APLICA;-9;-9;-9;SERVICOS DE MANUTENCAO PREVENTIVA E CORRETIVA NOS ELEVADORES- TERMO ADITIVO 1 (PA 0000055-04.2017.6.07.8100);-9;NAO SE APLICA;;;;;(26.374,50);26.374,50;26.374,50;;;;;;;;;;;;;
14107;TRIBUNAL REGIONAL ELEITORAL DO DIST. FEDERAL;070025;TRIBUNAL REGIONAL ELEITORAL DO D. FEDERAL;02122057020GP0053;20GP;JULGAMENTO DE CAUSAS E GESTAO ADMINISTRATIVA NA JUSTICA ELEI;0001;JULGAMENTO DE CAUSAS E GESTAO ADMINISTRATIVA;084782;AIEF MANPRE;MANUTENCAO PREDIAL;0100;RECURSOS ORDINARIOS;1;ORCAMENTO FISCAL;3;DESPESAS CORRENTES;3;OUTRAS DESPESAS CORRENTES;39;OUTROS SERVICOS DE TERCEIROS PJ - OP.INT.ORC.;339039;OUTROS SERVICOS DE TERCEIROS - PESSOA JURIDICA;339039-9;NAO SE APLICA;-9;NAO SE APLICA;-9;NAO SE APLICA;-9;NAO SE APLICA;NAO SE APLICA;-9;-9;-9;SERVICOS DE MANUTENCAO PREVENTIVA E CORRETIVA NOS ELEVADORES- TERMO ADITIVO 2 (PA 0000055-04.2017.6.07.8100)                                                ANULACAO PARA REFORCO DE EMPENHO;-9;NAO SE APLICA;;;;;26.374,50;(26.374,50);(26.374,50);;;;;;;;;;;;;
14107;TRIBUNAL REGIONAL ELEITORAL DO DIST. FEDERAL;070025;TRIBUNAL REGIONAL ELEITORAL DO D. FEDERAL;02122057020GP0053;20GP;JULGAMENTO DE CAUSAS E GESTAO ADMINISTRATIVA NA JUSTICA ELEI;0001;JULGAMENTO DE CAUSAS E GESTAO ADMINISTRATIVA;084782;AIEF MANPRE;MANUTENCAO PREDIAL;0100;RECURSOS ORDINARIOS;1;ORCAMENTO FISCAL;3;DESPESAS CORRENTES;3;OUTRAS DESPESAS CORRENTES;39;OUTROS SERVICOS DE TERCEIROS PJ - OP.INT.ORC.;339039;OUTROS SERVICOS DE TERCEIROS - PESSOA JURIDICA;33903916;MANUTENCAO E CONSERV. DE BENS IMOVEIS;3;ESTIMATIVO;12;PREGAO;-8;12/01/2018;JAN/2018;2018;070025000012018NE000056;00029312920176078100;17CT0039 - SERVICOS DE MANUTENCAO CORRETIVA PARA OS PORTOES ELETRONICOS DE CORRER, BASCULANTES E CANCELAS DO TRE/DF (SEDE) E SUAS UNIDADES  ADMINISTRATIVAS.CONTRATO Nº 39/2017.;20838277000103;3R COMERCIO E SERVICOS DE MAQUINAS LTDA - ME;;;;;;;;8.000,00;;;;;;;;;;;;
14107;TRIBUNAL REGIONAL ELEITORAL DO DIST. FEDERAL;070025;TRIBUNAL REGIONAL ELEITORAL DO D. FEDERAL;02122057020GP0053;20GP;JULGAMENTO DE CAUSAS E GESTAO ADMINISTRATIVA NA JUSTICA ELEI;0001;JULGAMENTO DE CAUSAS E GESTAO ADMINISTRATIVA;084782;AIEF MANPRE;MANUTENCAO PREDIAL;0100;RECURSOS ORDINARIOS;1;ORCAMENTO FISCAL;3;DESPESAS CORRENTES;3;OUTRAS DESPESAS CORRENTES;39;OUTROS SERVICOS DE TERCEIROS PJ - OP.INT.ORC.;339039;OUTROS SERVICOS DE TERCEIROS - PESSOA JURIDICA;33903916;MANUTENCAO E CONSERV. DE BENS IMOVEIS;5;GLOBAL;12;PREGAO;-8;23/10/2015;OUT/2015;2015;070025000012015NE000549;22238/15;NAO SE APLICA;12941023000180;MM LOCACOES E CONSTRUCAO EIRELI - EPP;;;;;;;;;;;;;;14.941,77;;;;14.941,77;;
14107;TRIBUNAL REGIONAL ELEITORAL DO DIST. FEDERAL;070025;TRIBUNAL REGIONAL ELEITORAL DO D. FEDERAL;02122057020GP0053;20GP;JULGAMENTO DE CAUSAS E GESTAO ADMINISTRATIVA NA JUSTICA ELEI;0001;JULGAMENTO DE CAUSAS E GESTAO ADMINISTRATIVA;084782;AIEF MANPRE;MANUTENCAO PREDIAL;0100;RECURSOS ORDINARIOS;1;ORCAMENTO FISCAL;3;DESPESAS CORRENTES;3;OUTRAS DESPESAS CORRENTES;39;OUTROS SERVICOS DE TERCEIROS PJ - OP.INT.ORC.;339039;OUTROS SERVICOS DE TERCEIROS - PESSOA JURIDICA;33903916;MANUTENCAO E CONSERV. DE BENS IMOVEIS;5;GLOBAL;12;PREGAO;-8;03/01/2017;JAN/2017;2017;070025000012017NE000016;00009708720166078100;NAO SE APLICA;15531531000188;VIX AR CONDICIONADOS LTDA  - ME;;;;;;;;;;;;;12.138,31;;;;;12.138,31;;
14107;TRIBUNAL REGIONAL ELEITORAL DO DIST. FEDERAL;070025;TRIBUNAL REGIONAL ELEITORAL DO D. FEDERAL;02122057020GP0053;20GP;JULGAMENTO DE CAUSAS E GESTAO ADMINISTRATIVA NA JUSTICA ELEI;0001;JULGAMENTO DE CAUSAS E GESTAO ADMINISTRATIVA;084782;AIEF MANPRE;MANUTENCAO PREDIAL;0100;RECURSOS ORDINARIOS;1;ORCAMENTO FISCAL;3;DESPESAS CORRENTES;3;OUTRAS DESPESAS CORRENTES;39;OUTROS SERVICOS DE TERCEIROS PJ - OP.INT.ORC.;339039;OUTROS SERVICOS DE TERCEIROS - PESSOA JURIDICA;33903916;MANUTENCAO E CONSERV. DE BENS IMOVEIS;5;GLOBAL;12;PREGAO;-8;10/01/2018;JAN/2018;2018;070025000012018NE000032;00028051320166078100;13CT0009 - PRESTACAO DE SERVICOS DE MANUTENCAO DE APARELHOS DE AR CONDICIONADOCONTRATO N¤ 09/13 - TERMO ADITIVO N¤ 06 E APOSTILAMENTO N¤02.                 REFORCO.;00616789000100;REIMAQ ASSISTENCIA TECNICA DE DUPLICADORES EIRELI - EPP;;;;;;;;51.431,54;;;;;;;;;;;;
14107;TRIBUNAL REGIONAL ELEITORAL DO DIST. FEDERAL;070025;TRIBUNAL REGIONAL ELEITORAL DO D. FEDERAL;02122057020GP0053;20GP;JULGAMENTO DE CAUSAS E GESTAO ADMINISTRATIVA NA JUSTICA ELEI;0001;JULGAMENTO DE CAUSAS E GESTAO ADMINISTRATIVA;084782;AIEF MANPRE;MANUTENCAO PREDIAL;0100;RECURSOS ORDINARIOS;1;ORCAMENTO FISCAL;3;DESPESAS CORRENTES;3;OUTRAS DESPESAS CORRENTES;39;OUTROS SERVICOS DE TERCEIROS PJ - OP.INT.ORC.;339039;OUTROS SERVICOS DE TERCEIROS - PESSOA JURIDICA;33903916;MANUTENCAO E CONSERV. DE BENS IMOVEIS;5;GLOBAL;12;PREGAO;-8;10/01/2018;JAN/2018;2018;070025000012018NE000032;00028051320166078100;13CT0009 - PRESTACAO DE SERVICOS DE MANUTENCAO DE APARELHOS DE AR CONDICIONADOCONTRATO N¤ 09/13 - TERMO ADITIVO N¤ 06 E APOSTILAMENTO N¤02. ANULACAO.;00616789000100;REIMAQ ASSISTENCIA TECNICA DE DUPLICADORES EIRELI - EPP;;;;;;;;(51.431,54);;;;;;;;;;;;
14107;TRIBUNAL REGIONAL ELEITORAL DO DIST. FEDERAL;070025;TRIBUNAL REGIONAL ELEITORAL DO D. FEDERAL;02122057020GP0053;20GP;JULGAMENTO DE CAUSAS E GESTAO ADMINISTRATIVA NA JUSTICA ELEI;0001;JULGAMENTO DE CAUSAS E GESTAO ADMINISTRATIVA;084782;AIEF MANPRE;MANUTENCAO PREDIAL;0100;RECURSOS ORDINARIOS;1;ORCAMENTO FISCAL;3;DESPESAS CORRENTES;3;OUTRAS DESPESAS CORRENTES;39;OUTROS SERVICOS DE TERCEIROS PJ - OP.INT.ORC.;339039;OUTROS SERVICOS DE TERCEIROS - PESSOA JURIDICA;33903916;MANUTENCAO E CONSERV. DE BENS IMOVEIS;5;GLOBAL;12;PREGAO;-8;10/01/2018;JAN/2018;2018;070025000012018NE000033;00000602620176078100;17CT0016 - PRESTACAO DE SERVICOS DE MANUTENCAO PREVENTIVA E CORRETIVA DO SISTEMA DE AR-CONDICIONADO TIPO VRF- FLUXO DE REFRIGERANTE VARIAVEL DO EDIFICIO ANEXO DO TRE-DF. CONTRATO Nº 16/2017.;11162311000173;RICARDO DE SOUZA LIMA CAIAFA MANUTENCOES E SERVICOS - M;;;;;;;;21.441,29;;;;;;;;;;;;
14107;TRIBUNAL REGIONAL ELEITORAL DO DIST. FEDERAL;070025;TRIBUNAL REGIONAL ELEITORAL DO D. FEDERAL;02122057020GP0053;20GP;JULGAMENTO DE CAUSAS E GESTAO ADMINISTRATIVA NA JUSTICA ELEI;0001;JULGAMENTO DE CAUSAS E GESTAO ADMINISTRATIVA;084782;AIEF MANPRE;MANUTENCAO PREDIAL;0100;RECURSOS ORDINARIOS;1;ORCAMENTO FISCAL;3;DESPESAS CORRENTES;3;OUTRAS DESPESAS CORRENTES;39;OUTROS SERVICOS DE TERCEIROS PJ - OP.INT.ORC.;339039;OUTROS SERVICOS DE TERCEIROS - PESSOA JURIDICA;33903916;MANUTENCAO E CONSERV. DE BENS IMOVEIS;5;GLOBAL;12;PREGAO;-8;10/01/2018;JAN/2018;2018;070025000012018NE000033;00000602620176078100;17CT0016 - PRESTACAO DE SERVICOS DE MANUTENCAO PREVENTIVA E CORRETIVA DO SISTEMA DE AR-CONDICIONADO TIPO VRF- FLUXO DE REFRIGERANTE VARIAVEL DO EDIFICIO ANEXO DO TRE-DF. CONTRATO Nº 16/2017. REFORCO.;11162311000173;RICARDO DE SOUZA LIMA CAIAFA MANUTENCOES E SERVICOS - M;;;;;;;;40.807,63;;;;;;;;;;;;
14107;TRIBUNAL REGIONAL ELEITORAL DO DIST. FEDERAL;070025;TRIBUNAL REGIONAL ELEITORAL DO D. FEDERAL;02122057020GP0053;20GP;JULGAMENTO DE CAUSAS E GESTAO ADMINISTRATIVA NA JUSTICA ELEI;0001;JULGAMENTO DE CAUSAS E GESTAO ADMINISTRATIVA;084782;AIEF MANPRE;MANUTENCAO PREDIAL;0100;RECURSOS ORDINARIOS;1;ORCAMENTO FISCAL;3;DESPESAS CORRENTES;3;OUTRAS DESPESAS CORRENTES;39;OUTROS SERVICOS DE TERCEIROS PJ - OP.INT.ORC.;339039;OUTROS SERVICOS DE TERCEIROS - PESSOA JURIDICA;33903916;MANUTENCAO E CONSERV. DE BENS IMOVEIS;5;GLOBAL;12;PREGAO;-8;10/01/2018;JAN/2018;2018;070025000012018NE000033;00000602620176078100;17CT0016 - SERVICOS DE MANUTENCAO PREVENTIVA E CORRETIVA DO SISTEMA DE AR CON-DICIONADO TIPO VRF-FLUXO DE REFRIGERANTE VARIAVEL DO EDIF. ANEXO DO TRE-DF.   CONTRATO Nº 16/2017. TERMO ADITIVO Nº 01. APOSTILAMENTO Nº 01. REFORCO.;11162311000173;RICARDO DE SOUZA LIMA CAIAFA MANUTENCOES E SERVICOS - M;;;;;;;;1.255,81;;;;;;;;;;;;
14107;TRIBUNAL REGIONAL ELEITORAL DO DIST. FEDERAL;070025;TRIBUNAL REGIONAL ELEITORAL DO D. FEDERAL;02122057020GP0053;20GP;JULGAMENTO DE CAUSAS E GESTAO ADMINISTRATIVA NA JUSTICA ELEI;0001;JULGAMENTO DE CAUSAS E GESTAO ADMINISTRATIVA;084782;AIEF MANPRE;MANUTENCAO PREDIAL;0100;RECURSOS ORDINARIOS;1;ORCAMENTO FISCAL;3;DESPESAS CORRENTES;3;OUTRAS DESPESAS CORRENTES;39;OUTROS SERVICOS DE TERCEIROS PJ - OP.INT.ORC.;339039;OUTROS SERVICOS DE TERCEIROS - PESSOA JURIDICA;33903916;MANUTENCAO E CONSERV. DE BENS IMOVEIS;5;GLOBAL;12;PREGAO;-8;10/01/2018;JAN/2018;2018;070025000012018NE000033;00000602620176078100;PAGTO NF 1920. SERVICOS DE MANUTENCAO AR CONDICIONADO, JAN/2018. RETENCAO 9,45 IMP FED (R$ 490,21) E 5,00 ISS (R$ 259,37). PA 2661-05.2017;11162311000173;RICARDO DE SOUZA LIMA CAIAFA MANUTENCOES E SERVICOS - M;;;;;;;;0,00;5.187,41;5.187,41;;;;;;;;;5.187,41;5.187,41
14107;TRIBUNAL REGIONAL ELEITORAL DO DIST. FEDERAL;070025;TRIBUNAL REGIONAL ELEITORAL DO D. FEDERAL;02122057020GP0053;20GP;JULGAMENTO DE CAUSAS E GESTAO ADMINISTRATIVA NA JUSTICA ELEI;0001;JULGAMENTO DE CAUSAS E GESTAO ADMINISTRATIVA;084782;AIEF MANPRE;MANUTENCAO PREDIAL;0100;RECURSOS ORDINARIOS;1;ORCAMENTO FISCAL;3;DESPESAS CORRENTES;3;OUTRAS DESPESAS CORRENTES;39;OUTROS SERVICOS DE TERCEIROS PJ - OP.INT.ORC.;339039;OUTROS SERVICOS DE TERCEIROS - PESSOA JURIDICA;33903916;MANUTENCAO E CONSERV. DE BENS IMOVEIS;5;GLOBAL;12;PREGAO;-8;10/01/2018;JAN/2018;2018;070025000012018NE000033;00000602620176078100;PAGTO NF 2032. SERVICOS DE MANUTENCAO AR CONDICIONADO, FEV/2018. RETENCAO 9,45 IMP FED (R$ 490,21) E 5,00 ISS (R$ 259,37). PA 2661-05.2017;11162311000173;RICARDO DE SOUZA LIMA CAIAFA MANUTENCOES E SERVICOS - M;;;;;;;;0,00;5.187,41;5.187,41;;;;;;;;;5.187,41;5.187,41
14107;TRIBUNAL REGIONAL ELEITORAL DO DIST. FEDERAL;070025;TRIBUNAL REGIONAL ELEITORAL DO D. FEDERAL;02122057020GP0053;20GP;JULGAMENTO DE CAUSAS E GESTAO ADMINISTRATIVA NA JUSTICA ELEI;0001;JULGAMENTO DE CAUSAS E GESTAO ADMINISTRATIVA;084782;AIEF MANPRE;MANUTENCAO PREDIAL;0100;RECURSOS ORDINARIOS;1;ORCAMENTO FISCAL;3;DESPESAS CORRENTES;3;OUTRAS DESPESAS CORRENTES;39;OUTROS SERVICOS DE TERCEIROS PJ - OP.INT.ORC.;339039;OUTROS SERVICOS DE TERCEIROS - PESSOA JURIDICA;33903916;MANUTENCAO E CONSERV. DE BENS IMOVEIS;5;GLOBAL;12;PREGAO;-8;10/01/2018;JAN/2018;2018;070025000012018NE000033;00000602620176078100;PAGTO NF 2101. SERVICOS DE MANUTENCAO AR CONDICIONADO, MAR/2018. RETENCAO 9,45 IMP FED (R$ 490,21) E 5,00 ISS (R$ 259,37). PA 2661-05.2017;11162311000173;RICARDO DE SOUZA LIMA CAIAFA MANUTENCOES E SERVICOS - M;;;;;;;;0,00;5.187,41;5.187,41;;;;;;;;;5.187,41;5.187,41
14107;TRIBUNAL REGIONAL ELEITORAL DO DIST. FEDERAL;070025;TRIBUNAL REGIONAL ELEITORAL DO D. FEDERAL;02122057020GP0053;20GP;JULGAMENTO DE CAUSAS E GESTAO ADMINISTRATIVA NA JUSTICA ELEI;0001;JULGAMENTO DE CAUSAS E GESTAO ADMINISTRATIVA;084782;AIEF MANPRE;MANUTENCAO PREDIAL;0100;RECURSOS ORDINARIOS;1;ORCAMENTO FISCAL;3;DESPESAS CORRENTES;3;OUTRAS DESPESAS CORRENTES;39;OUTROS SERVICOS DE TERCEIROS PJ - OP.INT.ORC.;339039;OUTROS SERVICOS DE TERCEIROS - PESSOA JURIDICA;33903916;MANUTENCAO E CONSERV. DE BENS IMOVEIS;5;GLOBAL;12;PREGAO;-8;10/01/2018;JAN/2018;2018;070025000012018NE000033;00000602620176078100;PAGTO NF 2204. SERVICOS DE MANUTENCAO AR CONDICIONADO, ABRIL/2018. RETENCAO 9,45 IMP FED (R$ 490,21) E 5,00 ISS (R$ 259,37). PA 2661-05.2017;11162311000173;RICARDO DE SOUZA LIMA CAIAFA MANUTENCOES E SERVICOS - M;;;;;;;;0,00;5.187,41;5.187,41;;;;;;;;;5.187,41;5.187,41
14107;TRIBUNAL REGIONAL ELEITORAL DO DIST. FEDERAL;070025;TRIBUNAL REGIONAL ELEITORAL DO D. FEDERAL;02122057020GP0053;20GP;JULGAMENTO DE CAUSAS E GESTAO ADMINISTRATIVA NA JUSTICA ELEI;0001;JULGAMENTO DE CAUSAS E GESTAO ADMINISTRATIVA;084782;AIEF MANPRE;MANUTENCAO PREDIAL;0100;RECURSOS ORDINARIOS;1;ORCAMENTO FISCAL;3;DESPESAS CORRENTES;3;OUTRAS DESPESAS CORRENTES;39;OUTROS SERVICOS DE TERCEIROS PJ - OP.INT.ORC.;339039;OUTROS SERVICOS DE TERCEIROS - PESSOA JURIDICA;33903916;MANUTENCAO E CONSERV. DE BENS IMOVEIS;5;GLOBAL;12;PREGAO;-8;10/01/2018;JAN/2018;2018;070025000012018NE000034;00028455820176078100;17CT0042 - PRESTACAO DE SERVICOS DE MANUTENCAO PREDITIVA, PREVENTIVA E CORRETIVA DE GRUPOS GERADORES, CHAVES ATS E QTA'S DO ED. SEDE E ANEXO DO TRE-DF,  CONFORME CONTRATO Nº 42/2017.;19897299000157;H2F CONSTRUCOES E SERVICOS - EIRELI  - ME;;;;;;;;39.577,55;;;;;;;;;;;;
14107;TRIBUNAL REGIONAL ELEITORAL DO DIST. FEDERAL;070025;TRIBUNAL REGIONAL ELEITORAL DO D. FEDERAL;02122057020GP0053;20GP;JULGAMENTO DE CAUSAS E GESTAO ADMINISTRATIVA NA JUSTICA ELEI;0001;JULGAMENTO DE CAUSAS E GESTAO ADMINISTRATIVA;084782;AIEF MANPRE;MANUTENCAO PREDIAL;0100;RECURSOS ORDINARIOS;1;ORCAMENTO FISCAL;3;DESPESAS CORRENTES;3;OUTRAS DESPESAS CORRENTES;39;OUTROS SERVICOS DE TERCEIROS PJ - OP.INT.ORC.;339039;OUTROS SERVICOS DE TERCEIROS - PESSOA JURIDICA;33903916;MANUTENCAO E CONSERV. DE BENS IMOVEIS;5;GLOBAL;12;PREGAO;-8;10/01/2018;JAN/2018;2018;070025000012018NE000034;00028455820176078100;PAGTO NF 122. SERVICOS DE MANUTENCAO PREDITIVA, PREVENTIVA E CORRETIVA EM EQUIPAMENTOS DO SISTEMA DE ENERGIA DE EMERGENCIA, JANEIRO/2018. RETENCAO ISS 2,79 (R$ 118,73). EMPRESA OPTANTE PELO SIMPLES. PA 5580-64.2017.;19897299000157;H2F CONSTRUCOES E SERVICOS - EIRELI  - ME;;;;;;;;0,00;4.255,65;4.255,65;;;;;;;;;4.255,65;4.255,65
14107;TRIBUNAL REGIONAL ELEITORAL DO DIST. FEDERAL;070025;TRIBUNAL REGIONAL ELEITORAL DO D. FEDERAL;02122057020GP0053;20GP;JULGAMENTO DE CAUSAS E GESTAO ADMINISTRATIVA NA JUSTICA ELEI;0001;JULGAMENTO DE CAUSAS E GESTAO ADMINISTRATIVA;084782;AIEF MANPRE;MANUTENCAO PREDIAL;0100;RECURSOS ORDINARIOS;1;ORCAMENTO FISCAL;3;DESPESAS CORRENTES;3;OUTRAS DESPESAS CORRENTES;39;OUTROS SERVICOS DE TERCEIROS PJ - OP.INT.ORC.;339039;OUTROS SERVICOS DE TERCEIROS - PESSOA JURIDICA;33903916;MANUTENCAO E CONSERV. DE BENS IMOVEIS;5;GLOBAL;12;PREGAO;-8;10/01/2018;JAN/2018;2018;070025000012018NE000034;00028455820176078100;PAGTO NF 128. SERVICOS DE MANUTENCAO PREDITIVA, PREVENTIVA E CORRETIVA EM EQUIPAMENTOS DO SISTEMA DE ENERGIA DE EMERGENCIA, FEVEREIRO/2018. RETENCAO ISS 2,79 (R$ 118,73). EMPRESA OPTANTE PELO SIMPLES. PA 5580-64.2017.;19897299000157;H2F CONSTRUCOES E SERVICOS - EIRELI  - ME;;;;;;;;0,00;4.255,65;4.255,65;;;;;;;;;4.255,65;4.255,65
14107;TRIBUNAL REGIONAL ELEITORAL DO DIST. FEDERAL;070025;TRIBUNAL REGIONAL ELEITORAL DO D. FEDERAL;02122057020GP0053;20GP;JULGAMENTO DE CAUSAS E GESTAO ADMINISTRATIVA NA JUSTICA ELEI;0001;JULGAMENTO DE CAUSAS E GESTAO ADMINISTRATIVA;084782;AIEF MANPRE;MANUTENCAO PREDIAL;0100;RECURSOS ORDINARIOS;1;ORCAMENTO FISCAL;3;DESPESAS CORRENTES;3;OUTRAS DESPESAS CORRENTES;39;OUTROS SERVICOS DE TERCEIROS PJ - OP.INT.ORC.;339039;OUTROS SERVICOS DE TERCEIROS - PESSOA JURIDICA;33903916;MANUTENCAO E CONSERV. DE BENS IMOVEIS;5;GLOBAL;12;PREGAO;-8;10/01/2018;JAN/2018;2018;070025000012018NE000034;00028455820176078100;PAGTO NF 135. SERVICOS DE MANUTENCAO PREDITIVA, PREVENTIVA E CORRETIVA EM EQUIPAMENTOS DO SISTEMA DE ENERGIA DE EMERGENCIA, MARCO/2018. RETENCAO ISS 2,79 (R$ 118,73). EMPRESA OPTANTE PELO SIMPLES. PA 5580-64.2017.;19897299000157;H2F CONSTRUCOES E SERVICOS - EIRELI  - ME;;;;;;;;0,00;4.255,65;4.255,65;;;;;;;;;4.255,65;4.255,65
14107;TRIBUNAL REGIONAL ELEITORAL DO DIST. FEDERAL;070025;TRIBUNAL REGIONAL ELEITORAL DO D. FEDERAL;02122057020GP0053;20GP;JULGAMENTO DE CAUSAS E GESTAO ADMINISTRATIVA NA JUSTICA ELEI;0001;JULGAMENTO DE CAUSAS E GESTAO ADMINISTRATIVA;084782;AIEF MANPRE;MANUTENCAO PREDIAL;0100;RECURSOS ORDINARIOS;1;ORCAMENTO FISCAL;3;DESPESAS CORRENTES;3;OUTRAS DESPESAS CORRENTES;39;OUTROS SERVICOS DE TERCEIROS PJ - OP.INT.ORC.;339039;OUTROS SERVICOS DE TERCEIROS - PESSOA JURIDICA;33903916;MANUTENCAO E CONSERV. DE BENS IMOVEIS;5;GLOBAL;12;PREGAO;-8;10/01/2018;JAN/2018;2018;070025000012018NE000034;00028455820176078100;PAGTO NF 142. SERVICOS DE MANUTENCAO PREDITIVA, PREVENTIVA E CORRETIVA EM EQUIPAMENTOS DO SISTEMA DE ENERGIA DE EMERGENCIA, ABRIL/2018. RETENCAO ISS 2,79 (R$ 118,73). EMPRESA OPTANTE PELO SIMPLES. PA 5580-64.2017.;19897299000157;H2F CONSTRUCOES E SERVICOS - EIRELI  - ME;;;;;;;;0,00;4.255,65;118,73;;;;;;;;;4.255,65;118,73
14107;TRIBUNAL REGIONAL ELEITORAL DO DIST. FEDERAL;070025;TRIBUNAL REGIONAL ELEITORAL DO D. FEDERAL;02122057020GP0053;20GP;JULGAMENTO DE CAUSAS E GESTAO ADMINISTRATIVA NA JUSTICA ELEI;0001;JULGAMENTO DE CAUSAS E GESTAO ADMINISTRATIVA;084782;AIEF MANPRE;MANUTENCAO PREDIAL;0100;RECURSOS ORDINARIOS;1;ORCAMENTO FISCAL;3;DESPESAS CORRENTES;3;OUTRAS DESPESAS CORRENTES;39;OUTROS SERVICOS DE TERCEIROS PJ - OP.INT.ORC.;339039;OUTROS SERVICOS DE TERCEIROS - PESSOA JURIDICA;33903916;MANUTENCAO E CONSERV. DE BENS IMOVEIS;5;GLOBAL;12;PREGAO;-8;10/01/2018;JAN/2018;2018;070025000012018NE000034;00028455820176078100;PAGTO NF 142. SERVICOS DE MANUTENCAO PREDITIVA, PREVENTIVA E CORRETIVA EM EQUIPAMENTOS DO SISTEMA DE ENERGIA DE EMERGENCIA, ABRIL/2018. RETENCAO ISS 2,79 (R$ 118,73). EMPRESA OPTANTE PELO SIMPLES. PA 5580-64.2017..;19897299000157;H2F CONSTRUCOES E SERVICOS - EIRELI  - ME;;;;;;;;0,00;0,00;4.136,92;;;;;;;;;0,00;4.136,92
14107;TRIBUNAL REGIONAL ELEITORAL DO DIST. FEDERAL;070025;TRIBUNAL REGIONAL ELEITORAL DO D. FEDERAL;02122057020GP0053;20GP;JULGAMENTO DE CAUSAS E GESTAO ADMINISTRATIVA NA JUSTICA ELEI;0001;JULGAMENTO DE CAUSAS E GESTAO ADMINISTRATIVA;084782;AIEF MANPRE;MANUTENCAO PREDIAL;0100;RECURSOS ORDINARIOS;1;ORCAMENTO FISCAL;3;DESPESAS CORRENTES;3;OUTRAS DESPESAS CORRENTES;39;OUTROS SERVICOS DE TERCEIROS PJ - OP.INT.ORC.;339039;OUTROS SERVICOS DE TERCEIROS - PESSOA JURIDICA;33903916;MANUTENCAO E CONSERV. DE BENS IMOVEIS;5;GLOBAL;12;PREGAO;-8;10/01/2018;JAN/2018;2018;070025000012018NE000040;00028051320166078100;13CT0009 - PRESTACAO DE SERVICOS DE MANUTENCAO DE APARELHOS DE AR CONDICIONADOCONTRATO N¤ 09/13 - TERMO ADITIVO N¤ 06 E APOSTILAMENTO N¤02.;00616789000100;REIMAQ ASSISTENCIA TECNICA DE DUPLICADORES EIRELI - EPP;;;;;;;;51.431,54;;;;;;;;;;;;
14107;TRIBUNAL REGIONAL ELEITORAL DO DIST. FEDERAL;070025;TRIBUNAL REGIONAL ELEITORAL DO D. FEDERAL;02122057020GP0053;20GP;JULGAMENTO DE CAUSAS E GESTAO ADMINISTRATIVA NA JUSTICA ELEI;0001;JULGAMENTO DE CAUSAS E GESTAO ADMINISTRATIVA;084782;AIEF MANPRE;MANUTENCAO PREDIAL;0100;RECURSOS ORDINARIOS;1;ORCAMENTO FISCAL;3;DESPESAS CORRENTES;3;OUTRAS DESPESAS CORRENTES;39;OUTROS SERVICOS DE TERCEIROS PJ - OP.INT.ORC.;339039;OUTROS SERVICOS DE TERCEIROS - PESSOA JURIDICA;33903916;MANUTENCAO E CONSERV. DE BENS IMOVEIS;5;GLOBAL;12;PREGAO;-8;10/01/2018;JAN/2018;2018;070025000012018NE000040;00028051320166078100;CANCELA;00616789000100;REIMAQ ASSISTENCIA TECNICA DE DUPLICADORES EIRELI - EPP;;;;;;;;0,00;0,00;(8.431,40);;;;;;;;;0,00;(8.431,40)
14107;TRIBUNAL REGIONAL ELEITORAL DO DIST. FEDERAL;070025;TRIBUNAL REGIONAL ELEITORAL DO D. FEDERAL;02122057020GP0053;20GP;JULGAMENTO DE CAUSAS E GESTAO ADMINISTRATIVA NA JUSTICA ELEI;0001;JULGAMENTO DE CAUSAS E GESTAO ADMINISTRATIVA;084782;AIEF MANPRE;MANUTENCAO PREDIAL;0100;RECURSOS ORDINARIOS;1;ORCAMENTO FISCAL;3;DESPESAS CORRENTES;3;OUTRAS DESPESAS CORRENTES;39;OUTROS SERVICOS DE TERCEIROS PJ - OP.INT.ORC.;339039;OUTROS SERVICOS DE TERCEIROS - PESSOA JURIDICA;33903916;MANUTENCAO E CONSERV. DE BENS IMOVEIS;5;GLOBAL;12;PREGAO;-8;10/01/2018;JAN/2018;2018;070025000012018NE000040;00028051320166078100;CANCELA PARA AJUSTE;00616789000100;REIMAQ ASSISTENCIA TECNICA DE DUPLICADORES EIRELI - EPP;;;;;;;;0,00;(8.431,40);;;;;;;;;;(8.431,40);
14107;TRIBUNAL REGIONAL ELEITORAL DO DIST. FEDERAL;070025;TRIBUNAL REGIONAL ELEITORAL DO D. FEDERAL;02122057020GP0053;20GP;JULGAMENTO DE CAUSAS E GESTAO ADMINISTRATIVA NA JUSTICA ELEI;0001;JULGAMENTO DE CAUSAS E GESTAO ADMINISTRATIVA;084782;AIEF MANPRE;MANUTENCAO PREDIAL;0100;RECURSOS ORDINARIOS;1;ORCAMENTO FISCAL;3;DESPESAS CORRENTES;3;OUTRAS DESPESAS CORRENTES;39;OUTROS SERVICOS DE TERCEIROS PJ - OP.INT.ORC.;339039;OUTROS SERVICOS DE TERCEIROS - PESSOA JURIDICA;33903916;MANUTENCAO E CONSERV. DE BENS IMOVEIS;5;GLOBAL;12;PREGAO;-8;10/01/2018;JAN/2018;2018;070025000012018NE000040;00028051320166078100;CENCELA PARA AJUSTE VALOR;00616789000100;REIMAQ ASSISTENCIA TECNICA DE DUPLICADORES EIRELI - EPP;;;;;;;;0,00;0,00;(392,06);;;;;;;;;0,00;(392,06)
14107;TRIBUNAL REGIONAL ELEITORAL DO DIST. FEDERAL;070025;TRIBUNAL REGIONAL ELEITORAL DO D. FEDERAL;02122057020GP0053;20GP;JULGAMENTO DE CAUSAS E GESTAO ADMINISTRATIVA NA JUSTICA ELEI;0001;JULGAMENTO DE CAUSAS E GESTAO ADMINISTRATIVA;084782;AIEF MANPRE;MANUTENCAO PREDIAL;0100;RECURSOS ORDINARIOS;1;ORCAMENTO FISCAL;3;DESPESAS CORRENTES;3;OUTRAS DESPESAS CORRENTES;39;OUTROS SERVICOS DE TERCEIROS PJ - OP.INT.ORC.;339039;OUTROS SERVICOS DE TERCEIROS - PESSOA JURIDICA;33903916;MANUTENCAO E CONSERV. DE BENS IMOVEIS;5;GLOBAL;12;PREGAO;-8;10/01/2018;JAN/2018;2018;070025000012018NE000040;00028051320166078100;PAGTO NF 769. SERVICOS DE MANUTENCAO DE AR CONDICIONADO, JANEIRO 2018. RETENCAO 4,65 ISS (R$ 392,06). OPTANTE PELO SIMPLES NACIONAL. PA 3819-32.2016.;00616789000100;REIMAQ ASSISTENCIA TECNICA DE DUPLICADORES EIRELI - EPP;;;;;;;;0,00;8.431,40;8.823,46;;;;;;;;;8.431,40;8.823,46
14107;TRIBUNAL REGIONAL ELEITORAL DO DIST. FEDERAL;070025;TRIBUNAL REGIONAL ELEITORAL DO D. FEDERAL;02122057020GP0053;20GP;JULGAMENTO DE CAUSAS E GESTAO ADMINISTRATIVA NA JUSTICA ELEI;0001;JULGAMENTO DE CAUSAS E GESTAO ADMINISTRATIVA;084782;AIEF MANPRE;MANUTENCAO PREDIAL;0100;RECURSOS ORDINARIOS;1;ORCAMENTO FISCAL;3;DESPESAS CORRENTES;3;OUTRAS DESPESAS CORRENTES;39;OUTROS SERVICOS DE TERCEIROS PJ - OP.INT.ORC.;339039;OUTROS SERVICOS DE TERCEIROS - PESSOA JURIDICA;33903916;MANUTENCAO E CONSERV. DE BENS IMOVEIS;5;GLOBAL;12;PREGAO;-8;10/01/2018;JAN/2018;2018;070025000012018NE000040;00028051320166078100;PAGTO NF 783. SERVICOS DE MANUTENCAO DE AR CONDICIONADO, FEVEREIRO 2018. RETENCAO 4,65 ISS (R$ 392,06). OPTANTE PELO SIMPLES NACIONAL. PA 3819-32.2016.;00616789000100;REIMAQ ASSISTENCIA TECNICA DE DUPLICADORES EIRELI - EPP;;;;;;;;0,00;8.431,40;8.431,40;;;;;;;;;8.431,40;8.431,40
14107;TRIBUNAL REGIONAL ELEITORAL DO DIST. FEDERAL;070025;TRIBUNAL REGIONAL ELEITORAL DO D. FEDERAL;02122057020GP0053;20GP;JULGAMENTO DE CAUSAS E GESTAO ADMINISTRATIVA NA JUSTICA ELEI;0001;JULGAMENTO DE CAUSAS E GESTAO ADMINISTRATIVA;084782;AIEF MANPRE;MANUTENCAO PREDIAL;0100;RECURSOS ORDINARIOS;1;ORCAMENTO FISCAL;3;DESPESAS CORRENTES;3;OUTRAS DESPESAS CORRENTES;39;OUTROS SERVICOS DE TERCEIROS PJ - OP.INT.ORC.;339039;OUTROS SERVICOS DE TERCEIROS - PESSOA JURIDICA;33903916;MANUTENCAO E CONSERV. DE BENS IMOVEIS;5;GLOBAL;12;PREGAO;-8;10/01/2018;JAN/2018;2018;070025000012018NE000040;00028051320166078100;PAGTO NF 783. SERVICOS DE MANUTENCAO DE AR CONDICIONADO, FEVEREIRO 2018. RETENCAO 5,00 ISS (R$ 421,57). OPTANTE PELO SIMPLES NACIONAL. PA 3819-32.2016.;00616789000100;REIMAQ ASSISTENCIA TECNICA DE DUPLICADORES EIRELI - EPP;;;;;;;;0,00;8.431,40;8.431,40;;;;;;;;;8.431,40;8.431,40
14107;TRIBUNAL REGIONAL ELEITORAL DO DIST. FEDERAL;070025;TRIBUNAL REGIONAL ELEITORAL DO D. FEDERAL;02122057020GP0053;20GP;JULGAMENTO DE CAUSAS E GESTAO ADMINISTRATIVA NA JUSTICA ELEI;0001;JULGAMENTO DE CAUSAS E GESTAO ADMINISTRATIVA;084782;AIEF MANPRE;MANUTENCAO PREDIAL;0100;RECURSOS ORDINARIOS;1;ORCAMENTO FISCAL;3;DESPESAS CORRENTES;3;OUTRAS DESPESAS CORRENTES;39;OUTROS SERVICOS DE TERCEIROS PJ - OP.INT.ORC.;339039;OUTROS SERVICOS DE TERCEIROS - PESSOA JURIDICA;33903916;MANUTENCAO E CONSERV. DE BENS IMOVEIS;5;GLOBAL;12;PREGAO;-8;10/01/2018;JAN/2018;2018;070025000012018NE000040;00028051320166078100;PAGTO NF 805. SERVICOS DE MANUTENCAO DE AR CONDICIONADO, MARCO 2018. RETENCAO 5,00 ISS (R$ 421,57). OPTANTE PELO SIMPLES NACIONAL. PA 3819-32.2016.;00616789000100;REIMAQ ASSISTENCIA TECNICA DE DUPLICADORES EIRELI - EPP;;;;;;;;0,00;8.431,40;8.431,40;;;;;;;;;8.431,40;8.431,40
14107;TRIBUNAL REGIONAL ELEITORAL DO DIST. FEDERAL;070025;TRIBUNAL REGIONAL ELEITORAL DO D. FEDERAL;02122057020GP0053;20GP;JULGAMENTO DE CAUSAS E GESTAO ADMINISTRATIVA NA JUSTICA ELEI;0001;JULGAMENTO DE CAUSAS E GESTAO ADMINISTRATIVA;084782;AIEF MANPRE;MANUTENCAO PREDIAL;0100;RECURSOS ORDINARIOS;1;ORCAMENTO FISCAL;3;DESPESAS CORRENTES;3;OUTRAS DESPESAS CORRENTES;39;OUTROS SERVICOS DE TERCEIROS PJ - OP.INT.ORC.;339039;OUTROS SERVICOS DE TERCEIROS - PESSOA JURIDICA;33903916;MANUTENCAO E CONSERV. DE BENS IMOVEIS;5;GLOBAL;12;PREGAO;-8;10/01/2018;JAN/2018;2018;070025000012018NE000040;00028051320166078100;PAGTO NF 833. SERVICOS DE MANUTENCAO DE AR CONDICIONADO, ABRIL 2018. RETENCAO 5,00 ISS (R$ 421,57). OPTANTE PELO SIMPLES NACIONAL. PA 3819-32.2016.;00616789000100;REIMAQ ASSISTENCIA TECNICA DE DUPLICADORES EIRELI - EPP;;;;;;;;0,00;8.431,40;8.431,40;;;;;;;;;8.431,40;8.431,40
14107;TRIBUNAL REGIONAL ELEITORAL DO DIST. FEDERAL;070025;TRIBUNAL REGIONAL ELEITORAL DO D. FEDERAL;02122057020GP0053;20GP;JULGAMENTO DE CAUSAS E GESTAO ADMINISTRATIVA NA JUSTICA ELEI;0001;JULGAMENTO DE CAUSAS E GESTAO ADMINISTRATIVA;084782;AIEF MANPRE;MANUTENCAO PREDIAL;0100;RECURSOS ORDINARIOS;1;ORCAMENTO FISCAL;3;DESPESAS CORRENTES;3;OUTRAS DESPESAS CORRENTES;39;OUTROS SERVICOS DE TERCEIROS PJ - OP.INT.ORC.;339039;OUTROS SERVICOS DE TERCEIROS - PESSOA JURIDICA;33903916;MANUTENCAO E CONSERV. DE BENS IMOVEIS;5;GLOBAL;12;PREGAO;-8;17/01/2018;JAN/2018;2018;070025000012018NE000063;00000550420176078100;17CT0015 - PRESTACAO DE SERVICOS DE MANUTENCAO PREVENTIVA E CORRETIVA NOS  ELEVADORES DO ED.SEDE DO TREDF,CONFORME CONTRATO Nº 15/17 E TERMO ADITIVO Nº 01.;02633335000172;ELEBRASIL ELEVADORES LTDA - EPP;;;;;;;;8.791,50;;;;;;;;;;;;
14107;TRIBUNAL REGIONAL ELEITORAL DO DIST. FEDERAL;070025;TRIBUNAL REGIONAL ELEITORAL DO D. FEDERAL;02122057020GP0053;20GP;JULGAMENTO DE CAUSAS E GESTAO ADMINISTRATIVA NA JUSTICA ELEI;0001;JULGAMENTO DE CAUSAS E GESTAO ADMINISTRATIVA;084782;AIEF MANPRE;MANUTENCAO PREDIAL;0100;RECURSOS ORDINARIOS;1;ORCAMENTO FISCAL;3;DESPESAS CORRENTES;3;OUTRAS DESPESAS CORRENTES;39;OUTROS SERVICOS DE TERCEIROS PJ - OP.INT.ORC.;339039;OUTROS SERVICOS DE TERCEIROS - PESSOA JURIDICA;33903916;MANUTENCAO E CONSERV. DE BENS IMOVEIS;5;GLOBAL;12;PREGAO;-8;17/01/2018;JAN/2018;2018;070025000012018NE000063;00000550420176078100;17CT0015 - PRESTACAO DE SERVICOS DE MANUTENCAO PREVENTIVA E CORRETIVA NOS  ELEVADORES DO ED.SEDE DO TREDF,CONFORME CONTRATO Nº 15/17 E TERMO ADITIVO Nº 02.;02633335000172;ELEBRASIL ELEVADORES LTDA - EPP;;;;;;;;26.374,50;;;;;;;;;;;;
14107;TRIBUNAL REGIONAL ELEITORAL DO DIST. FEDERAL;070025;TRIBUNAL REGIONAL ELEITORAL DO D. FEDERAL;02122057020GP0053;20GP;JULGAMENTO DE CAUSAS E GESTAO ADMINISTRATIVA NA JUSTICA ELEI;0001;JULGAMENTO DE CAUSAS E GESTAO ADMINISTRATIVA;084782;AIEF MANPRE;MANUTENCAO PREDIAL;0100;RECURSOS ORDINARIOS;1;ORCAMENTO FISCAL;3;DESPESAS CORRENTES;3;OUTRAS DESPESAS CORRENTES;39;OUTROS SERVICOS DE TERCEIROS PJ - OP.INT.ORC.;339039;OUTROS SERVICOS DE TERCEIROS - PESSOA JURIDICA;33903916;MANUTENCAO E CONSERV. DE BENS IMOVEIS;5;GLOBAL;12;PREGAO;-8;17/01/2018;JAN/2018;2018;070025000012018NE000063;00000550420176078100;PAGTO NF 7.246. MANUTENCAO DE ELEVADORES ED SEDE. RETENCAO ISS 5,00 (R$ 146,52). OPTANTE SIMPLES NACIONAL. PA 2112-92.2017.;02633335000172;ELEBRASIL ELEVADORES LTDA - EPP;;;;;;;;0,00;2.930,50;2.930,50;;;;;;;;;2.930,50;2.930,50
14107;TRIBUNAL REGIONAL ELEITORAL DO DIST. FEDERAL;070025;TRIBUNAL REGIONAL ELEITORAL DO D. FEDERAL;02122057020GP0053;20GP;JULGAMENTO DE CAUSAS E GESTAO ADMINISTRATIVA NA JUSTICA ELEI;0001;JULGAMENTO DE CAUSAS E GESTAO ADMINISTRATIVA;084782;AIEF MANPRE;MANUTENCAO PREDIAL;0100;RECURSOS ORDINARIOS;1;ORCAMENTO FISCAL;3;DESPESAS CORRENTES;3;OUTRAS DESPESAS CORRENTES;39;OUTROS SERVICOS DE TERCEIROS PJ - OP.INT.ORC.;339039;OUTROS SERVICOS DE TERCEIROS - PESSOA JURIDICA;33903916;MANUTENCAO E CONSERV. DE BENS IMOVEIS;5;GLOBAL;12;PREGAO;-8;17/01/2018;JAN/2018;2018;070025000012018NE000063;00000550420176078100;PAGTO NF 7066. MANUTENCAO DE ELEVADORES ED SEDE. RETENCAO ISS 5,00 (R$ 146,53). OPTANTE SIMPLES NACIONAL. PA 2112-92.2017.;02633335000172;ELEBRASIL ELEVADORES LTDA - EPP;;;;;;;;0,00;2.930,50;2.930,50;;;;;;;;;2.930,50;2.930,50
14107;TRIBUNAL REGIONAL ELEITORAL DO DIST. FEDERAL;070025;TRIBUNAL REGIONAL ELEITORAL DO D. FEDERAL;02122057020GP0053;20GP;JULGAMENTO DE CAUSAS E GESTAO ADMINISTRATIVA NA JUSTICA ELEI;0001;JULGAMENTO DE CAUSAS E GESTAO ADMINISTRATIVA;084782;AIEF MANPRE;MANUTENCAO PREDIAL;0100;RECURSOS ORDINARIOS;1;ORCAMENTO FISCAL;3;DESPESAS CORRENTES;3;OUTRAS DESPESAS CORRENTES;39;OUTROS SERVICOS DE TERCEIROS PJ - OP.INT.ORC.;339039;OUTROS SERVICOS DE TERCEIROS - PESSOA JURIDICA;33903916;MANUTENCAO E CONSERV. DE BENS IMOVEIS;5;GLOBAL;12;PREGAO;-8;17/01/2018;JAN/2018;2018;070025000012018NE000063;00000550420176078100;PAGTO NF 7203. MANUTENCAO DE ELEVADORES ED SEDE. RETENCAO ISS 5,00 (R$ 147,22). OPTANTE SIMPLES NACIONAL. PA 2112-92.2017.;02633335000172;ELEBRASIL ELEVADORES LTDA - EPP;;;;;;;;0,00;2.930,50;2.930,50;;;;;;;;;2.930,50;2.930,50
14107;TRIBUNAL REGIONAL ELEITORAL DO DIST. FEDERAL;070025;TRIBUNAL REGIONAL ELEITORAL DO D. FEDERAL;02122057020GP0053;20GP;JULGAMENTO DE CAUSAS E GESTAO ADMINISTRATIVA NA JUSTICA ELEI;0001;JULGAMENTO DE CAUSAS E GESTAO ADMINISTRATIVA;084782;AIEF MANPRE;MANUTENCAO PREDIAL;0100;RECURSOS ORDINARIOS;1;ORCAMENTO FISCAL;3;DESPESAS CORRENTES;3;OUTRAS DESPESAS CORRENTES;39;OUTROS SERVICOS DE TERCEIROS PJ - OP.INT.ORC.;339039;OUTROS SERVICOS DE TERCEIROS - PESSOA JURIDICA;33903916;MANUTENCAO E CONSERV. DE BENS IMOVEIS;5;GLOBAL;12;PREGAO;-8;17/01/2018;JAN/2018;2018;070025000012018NE000063;00000550420176078100;PAGTO NF 7378. MANUTENCAO DE ELEVADORES ED SEDE. RETENCAO ISS 5,00 (R$ 146,52). OPTANTE SIMPLES NACIONAL. PA 2112-92.2017.;02633335000172;ELEBRASIL ELEVADORES LTDA - EPP;;;;;;;;0,00;2.930,50;2.930,50;;;;;;;;;2.930,50;2.930,50
14107;TRIBUNAL REGIONAL ELEITORAL DO DIST. FEDERAL;070025;TRIBUNAL REGIONAL ELEITORAL DO D. FEDERAL;02122057020GP0053;20GP;JULGAMENTO DE CAUSAS E GESTAO ADMINISTRATIVA NA JUSTICA ELEI;0001;JULGAMENTO DE CAUSAS E GESTAO ADMINISTRATIVA;084782;AIEF MANPRE;MANUTENCAO PREDIAL;0100;RECURSOS ORDINARIOS;1;ORCAMENTO FISCAL;3;DESPESAS CORRENTES;3;OUTRAS DESPESAS CORRENTES;39;OUTROS SERVICOS DE TERCEIROS PJ - OP.INT.ORC.;339039;OUTROS SERVICOS DE TERCEIROS - PESSOA JURIDICA;33903979;SERV. DE APOIO ADMIN., TECNICO E OPERACIONAL;3;ESTIMATIVO;12;PREGAO;-8;11/01/2018;JAN/2018;2018;070025000012018NE000047;00064244820166078100;17CT0005 - PRESTACAO DE SERVICOS DE JARDINAGEM E FORNECIMENTO DE PLANTAS NAS  INSTALACOES DO TRIBUNAL REGIONAL ELEITORAL DO DISTRITO FEDERAL, DE ACORDO COM O CONTRATO N¤ 05/2017 (SERVICOS). TERMO ADITIVO Nº 01.;12742245000173;UNISERVE COMERCIO E SERVICOS TERCEIRIZADOS LTDA - ME;;;;;;;;158.240,16;;;;;;;;;;;;
14107;TRIBUNAL REGIONAL ELEITORAL DO DIST. FEDERAL;070025;TRIBUNAL REGIONAL ELEITORAL DO D. FEDERAL;02122057020GP0053;20GP;JULGAMENTO DE CAUSAS E GESTAO ADMINISTRATIVA NA JUSTICA ELEI;0001;JULGAMENTO DE CAUSAS E GESTAO ADMINISTRATIVA;084782;AIEF MANPRE;MANUTENCAO PREDIAL;0100;RECURSOS ORDINARIOS;1;ORCAMENTO FISCAL;3;DESPESAS CORRENTES;3;OUTRAS DESPESAS CORRENTES;39;OUTROS SERVICOS DE TERCEIROS PJ - OP.INT.ORC.;339039;OUTROS SERVICOS DE TERCEIROS - PESSOA JURIDICA;33903979;SERV. DE APOIO ADMIN., TECNICO E OPERACIONAL;3;ESTIMATIVO;12;PREGAO;-8;11/01/2018;JAN/2018;2018;070025000012018NE000047;00064244820166078100;PGTO NFS 248, 249, 250. SERVICO DE JARDINAGEM. RETENCAO IMP. FED. 9,45 (R$ 2.747,43), 5,85 (R$ 152,10), ISS 2,00 (R$ 1.453,67), INSS 11,00 (R$ 1.599,03). PA 2142.30.2017;12742245000173;UNISERVE COMERCIO E SERVICOS TERCEIRIZADOS LTDA - ME;;;;;;;;0,00;29.073,36;29.073,36;;;;;;;;;29.073,36;29.073,36
14107;TRIBUNAL REGIONAL ELEITORAL DO DIST. FEDERAL;070025;TRIBUNAL REGIONAL ELEITORAL DO D. FEDERAL;02122057020GP0053;20GP;JULGAMENTO DE CAUSAS E GESTAO ADMINISTRATIVA NA JUSTICA ELEI;0001;JULGAMENTO DE CAUSAS E GESTAO ADMINISTRATIVA;084782;AIEF MANPRE;MANUTENCAO PREDIAL;0100;RECURSOS ORDINARIOS;1;ORCAMENTO FISCAL;3;DESPESAS CORRENTES;3;OUTRAS DESPESAS CORRENTES;39;OUTROS SERVICOS DE TERCEIROS PJ - OP.INT.ORC.;339039;OUTROS SERVICOS DE TERCEIROS - PESSOA JURIDICA;33903996;OUTROS SERV.DE TERCEIROS PJ- PAGTO ANTECIPADO;3;ESTIMATIVO;09;SUPRIMENTO DE FUNDOS;03;02/02/2018;FEV/2018;2018;070025000012018NE000091;SUPRIMENTO DE FUNDOS;2018NECT - SUPRIMENTO DE FUNDOS - SERVICOS.;070025;TRIBUNAL REGIONAL ELEITORAL DO D. FEDERAL;;;;;;;;20.000,00;;;;;;;;;;;;
14107;TRIBUNAL REGIONAL ELEITORAL DO DIST. FEDERAL;070025;TRIBUNAL REGIONAL ELEITORAL DO D. FEDERAL;02122057020GP0053;20GP;JULGAMENTO DE CAUSAS E GESTAO ADMINISTRATIVA NA JUSTICA ELEI;0001;JULGAMENTO DE CAUSAS E GESTAO ADMINISTRATIVA;084782;AIEF MANPRE;MANUTENCAO PREDIAL;0100;RECURSOS ORDINARIOS;1;ORCAMENTO FISCAL;3;DESPESAS CORRENTES;3;OUTRAS DESPESAS CORRENTES;39;OUTROS SERVICOS DE TERCEIROS PJ - OP.INT.ORC.;339039;OUTROS SERVICOS DE TERCEIROS - PESSOA JURIDICA;33903996;OUTROS SERV.DE TERCEIROS PJ- PAGTO ANTECIPADO;3;ESTIMATIVO;09;SUPRIMENTO DE FUNDOS;03;02/02/2018;FEV/2018;2018;070025000012018NE000091;SUPRIMENTO DE FUNDOS;CONCESSAO SUPRIMENTO DE FUNDOS PARA CONTRATACAO DE SERVICOS/PJ, CONCEDIDO A SERVIDORA NUBIA MARIA DO SOCORRO BEZERRA SALES, CONFORME CONSTA NOS AUTOS DO PA DE CONCESSAO, SEI N. 0001113-08.2018.6.07.8100.;070025;TRIBUNAL REGIONAL ELEITORAL DO D. FEDERAL;;;;;;;;0,00;2.000,00;2.000,00;;;;;;;;;2.000,00;2.000,00
14107;TRIBUNAL REGIONAL ELEITORAL DO DIST. FEDERAL;070025;TRIBUNAL REGIONAL ELEITORAL DO D. FEDERAL;02122057020GP0053;20GP;JULGAMENTO DE CAUSAS E GESTAO ADMINISTRATIVA NA JUSTICA ELEI;0001;JULGAMENTO DE CAUSAS E GESTAO ADMINISTRATIVA;084782;AIEF MANPRE;MANUTENCAO PREDIAL;0100;RECURSOS ORDINARIOS;1;ORCAMENTO FISCAL;3;DESPESAS CORRENTES;3;OUTRAS DESPESAS CORRENTES;39;OUTROS SERVICOS DE TERCEIROS PJ - OP.INT.ORC.;339039;OUTROS SERVICOS DE TERCEIROS - PESSOA JURIDICA;33903996;OUTROS SERV.DE TERCEIROS PJ- PAGTO ANTECIPADO;3;ESTIMATIVO;09;SUPRIMENTO DE FUNDOS;03;02/02/2018;FEV/2018;2018;070025000012018NE000091;SUPRIMENTO DE FUNDOS;VALOR RELATIVO AO SUPRIMENTO DE FUNDOS PARA CONTRATACAO DE SERVICOS DE TERCEIROS - PJ, CONCEDIDO AO SERVIDOR JORGE DE MORAIS BORGES, CONFORME CONSTA NOS AUTOS DO PA DE CONCESSAO, SEI N. 0001778-24.2018.6.07.8100.;070025;TRIBUNAL REGIONAL ELEITORAL DO D. FEDERAL;;;;;;;;0,00;8.000,00;8.000,00;;;;;;;;;8.000,00;8.000,00
14107;TRIBUNAL REGIONAL ELEITORAL DO DIST. FEDERAL;070025;TRIBUNAL REGIONAL ELEITORAL DO D. FEDERAL;02122057020GP0053;20GP;JULGAMENTO DE CAUSAS E GESTAO ADMINISTRATIVA NA JUSTICA ELEI;0001;JULGAMENTO DE CAUSAS E GESTAO ADMINISTRATIVA;084782;AIEF MANPRE;MANUTENCAO PREDIAL;0100;RECURSOS ORDINARIOS;1;ORCAMENTO FISCAL;3;DESPESAS CORRENTES;3;OUTRAS DESPESAS CORRENTES;92;DESPESAS DE EXERCICIOS ANTERIORES;339092;DESPESAS DE EXERCICIOS ANTERIORES;339092-9;NAO SE APLICA;-9;NAO SE APLICA;-9;NAO SE APLICA;-9;NAO SE APLICA;NAO SE APLICA;-9;-9;-9;16CT0019 - PRESTACAO DE SERVICOS CONTINUADOS DE MANUTENCAO PREDIAL,   CONFORMECONTRATO Nº 19/2016. TERMO ADITIVO Nº 04. EXERCICIOS ANTERIORES.;-9;NAO SE APLICA;;;;;(6.269,74);;;;;;;;;;;;;;;
14107;TRIBUNAL REGIONAL ELEITORAL DO DIST. FEDERAL;070025;TRIBUNAL REGIONAL ELEITORAL DO D. FEDERAL;02122057020GP0053;20GP;JULGAMENTO DE CAUSAS E GESTAO ADMINISTRATIVA NA JUSTICA ELEI;0001;JULGAMENTO DE CAUSAS E GESTAO ADMINISTRATIVA;084782;AIEF MANPRE;MANUTENCAO PREDIAL;0100;RECURSOS ORDINARIOS;1;ORCAMENTO FISCAL;3;DESPESAS CORRENTES;3;OUTRAS DESPESAS CORRENTES;92;DESPESAS DE EXERCICIOS ANTERIORES;339092;DESPESAS DE EXERCICIOS ANTERIORES;339092-9;NAO SE APLICA;-9;NAO SE APLICA;-9;NAO SE APLICA;-9;NAO SE APLICA;NAO SE APLICA;-9;-9;-9;ALTERACAO PARA EMISSAO DE PE - SERVICOS DE MANUTENCAO PREDIAL E TECNICO EM TE LECOMUNICACOES (PA 0000846-07.2016.6.07.8100) - TERMO ADITIVO 4;-9;NAO SE APLICA;6.269,74;6.269,74;;;6.269,74;;;;;;;;;;;;;;;
14107;TRIBUNAL REGIONAL ELEITORAL DO DIST. FEDERAL;070025;TRIBUNAL REGIONAL ELEITORAL DO D. FEDERAL;02122057020GP0053;20GP;JULGAMENTO DE CAUSAS E GESTAO ADMINISTRATIVA NA JUSTICA ELEI;0001;JULGAMENTO DE CAUSAS E GESTAO ADMINISTRATIVA;084782;AIEF MANPRE;MANUTENCAO PREDIAL;0100;RECURSOS ORDINARIOS;1;ORCAMENTO FISCAL;3;DESPESAS CORRENTES;3;OUTRAS DESPESAS CORRENTES;92;DESPESAS DE EXERCICIOS ANTERIORES;339092;DESPESAS DE EXERCICIOS ANTERIORES;339092-9;NAO SE APLICA;-9;NAO SE APLICA;-9;NAO SE APLICA;-9;NAO SE APLICA;NAO SE APLICA;-9;-9;-9;SERVICOS CONTINUADOS DE MANUTENCAO PREDIAL (PA 0000846-07.2016.6.07.8100);-9;NAO SE APLICA;;;;;0,00;0,00;0,00;;;;;;;;;;;;;
14107;TRIBUNAL REGIONAL ELEITORAL DO DIST. FEDERAL;070025;TRIBUNAL REGIONAL ELEITORAL DO D. FEDERAL;02122057020GP0053;20GP;JULGAMENTO DE CAUSAS E GESTAO ADMINISTRATIVA NA JUSTICA ELEI;0001;JULGAMENTO DE CAUSAS E GESTAO ADMINISTRATIVA;084782;AIEF MANPRE;MANUTENCAO PREDIAL;0100;RECURSOS ORDINARIOS;1;ORCAMENTO FISCAL;3;DESPESAS CORRENTES;3;OUTRAS DESPESAS CORRENTES;92;DESPESAS DE EXERCICIOS ANTERIORES;339092;DESPESAS DE EXERCICIOS ANTERIORES;33909237;LOCACAO DE MAO-DE-OBRA;1;ORDINARIO;12;PREGAO;-8;10/04/2018;ABR/2018;2018;070025000012018NE000201;00008460720166078100;16CT0019 - PRESTACAO DE SERVICOS CONTINUADOS DE MANUTENCAO PREDIAL,   CONFORMECONTRATO Nº 19/2016. TERMO ADITIVO Nº 04. EXERCICIOS ANTERIORES.;14355750000190;ATLANTICO ENGENHARIA LTDA;;;;;;;;6.269,74;;;;;;;;;;;;
14107;TRIBUNAL REGIONAL ELEITORAL DO DIST. FEDERAL;070025;TRIBUNAL REGIONAL ELEITORAL DO D. FEDERAL;02122057020GP0053;20GP;JULGAMENTO DE CAUSAS E GESTAO ADMINISTRATIVA NA JUSTICA ELEI;0001;JULGAMENTO DE CAUSAS E GESTAO ADMINISTRATIVA;084782;AIEF MANPRE;MANUTENCAO PREDIAL;0127;CUSTAS E EMOLUMENTOS - PODER JUDICIARIO;1;ORCAMENTO FISCAL;3;DESPESAS CORRENTES;3;OUTRAS DESPESAS CORRENTES;39;OUTROS SERVICOS DE TERCEIROS PJ - OP.INT.ORC.;339039;OUTROS SERVICOS DE TERCEIROS - PESSOA JURIDICA;339039-9;NAO SE APLICA;-9;NAO SE APLICA;-9;NAO SE APLICA;-9;NAO SE APLICA;NAO SE APLICA;-9;-9;-9;ALTERACAO DE PI -PRESTACAO DE SERVICOS DE ENGENHARIA PARA A REFORMA DO TELHADODO GALPAO DOS TRANSPORTES - SETRA. (PA 0000805-69.2018.6.07.8100);-9;NAO SE APLICA;(99.893,09);(99.893,09);;;(99.893,09);;;;;;;;;;;;;;;
14107;TRIBUNAL REGIONAL ELEITORAL DO DIST. FEDERAL;070025;TRIBUNAL REGIONAL ELEITORAL DO D. FEDERAL;02122057020GP0053;20GP;JULGAMENTO DE CAUSAS E GESTAO ADMINISTRATIVA NA JUSTICA ELEI;0001;JULGAMENTO DE CAUSAS E GESTAO ADMINISTRATIVA;084782;AIEF MANPRE;MANUTENCAO PREDIAL;0127;CUSTAS E EMOLUMENTOS - PODER JUDICIARIO;1;ORCAMENTO FISCAL;3;DESPESAS CORRENTES;3;OUTRAS DESPESAS CORRENTES;39;OUTROS SERVICOS DE TERCEIROS PJ - OP.INT.ORC.;339039;OUTROS SERVICOS DE TERCEIROS - PESSOA JURIDICA;339039-9;NAO SE APLICA;-9;NAO SE APLICA;-9;NAO SE APLICA;-9;NAO SE APLICA;NAO SE APLICA;-9;-9;-9;ALTERACAO PARA EMISSAO DE PE - REFORMA DO TELHADO DO GALPAO DA SECAO DE TRANS PORTES (PA 0000805-69.2018.6.07.8100);-9;NAO SE APLICA;99.893,09;99.893,09;;;99.893,09;;;;;;;;;;;;;;;
14107;TRIBUNAL REGIONAL ELEITORAL DO DIST. FEDERAL;070025;TRIBUNAL REGIONAL ELEITORAL DO D. FEDERAL;02122057020GP0053;20GP;JULGAMENTO DE CAUSAS E GESTAO ADMINISTRATIVA NA JUSTICA ELEI;0001;JULGAMENTO DE CAUSAS E GESTAO ADMINISTRATIVA;084782;AIEF MANPRE;MANUTENCAO PREDIAL;0127;CUSTAS E EMOLUMENTOS - PODER JUDICIARIO;1;ORCAMENTO FISCAL;3;DESPESAS CORRENTES;3;OUTRAS DESPESAS CORRENTES;39;OUTROS SERVICOS DE TERCEIROS PJ - OP.INT.ORC.;339039;OUTROS SERVICOS DE TERCEIROS - PESSOA JURIDICA;339039-9;NAO SE APLICA;-9;NAO SE APLICA;-9;NAO SE APLICA;-9;NAO SE APLICA;NAO SE APLICA;-9;-9;-9;ANULACAO DE PE PARA EMISSAO DE NE - SERVICOS DE ENGENHARIA P/ REFORMA DO TELHADO DO GALPAO DOS TRANSPORTES - SETRA. (PA 0000805-69.2018.6.07.8100);-9;NAO SE APLICA;;;;;99.893,09;(99.893,09);(99.893,09);;;;;;;;;;;;;
14107;TRIBUNAL REGIONAL ELEITORAL DO DIST. FEDERAL;070025;TRIBUNAL REGIONAL ELEITORAL DO D. FEDERAL;02122057020GP0053;20GP;JULGAMENTO DE CAUSAS E GESTAO ADMINISTRATIVA NA JUSTICA ELEI;0001;JULGAMENTO DE CAUSAS E GESTAO ADMINISTRATIVA;084782;AIEF MANPRE;MANUTENCAO PREDIAL;0127;CUSTAS E EMOLUMENTOS - PODER JUDICIARIO;1;ORCAMENTO FISCAL;3;DESPESAS CORRENTES;3;OUTRAS DESPESAS CORRENTES;39;OUTROS SERVICOS DE TERCEIROS PJ - OP.INT.ORC.;339039;OUTROS SERVICOS DE TERCEIROS - PESSOA JURIDICA;339039-9;NAO SE APLICA;-9;NAO SE APLICA;-9;NAO SE APLICA;-9;NAO SE APLICA;NAO SE APLICA;-9;-9;-9;REFORMA DO TELHADO DO GALPAO DE TRANSPORTE (PA 0000805-69.2018.6.07.8100);-9;NAO SE APLICA;;;;;(99.893,09);99.893,09;99.893,09;;;;;;;;;;;;;
14107;TRIBUNAL REGIONAL ELEITORAL DO DIST. FEDERAL;070025;TRIBUNAL REGIONAL ELEITORAL DO D. FEDERAL;02122057020GP0053;20GP;JULGAMENTO DE CAUSAS E GESTAO ADMINISTRATIVA NA JUSTICA ELEI;0001;JULGAMENTO DE CAUSAS E GESTAO ADMINISTRATIVA;084782;AIEF VIGELE;VIGILANCIA ELETRONICA;0100;RECURSOS ORDINARIOS;1;ORCAMENTO FISCAL;3;DESPESAS CORRENTES;3;OUTRAS DESPESAS CORRENTES;39;OUTROS SERVICOS DE TERCEIROS PJ - OP.INT.ORC.;339039;OUTROS SERVICOS DE TERCEIROS - PESSOA JURIDICA;339039-9;NAO SE APLICA;-9;NAO SE APLICA;-9;NAO SE APLICA;-9;NAO SE APLICA;NAO SE APLICA;-9;-9;-9;13CT0006 - PRESTACAO DE SERVICOS DE MONITORAMENTO E MANUTENCAO CORRETIVA   DE SISTEMA DE ALARME ELETRONICO PREDIAL, CONTRATO Nº 06/13 - TERMO ADITIVO Nº 04.APOSTILAMENTO Nº 03.;-9;NAO SE APLICA;;;;;(10.927,91);;;;;;;;;;;;;;;
14107;TRIBUNAL REGIONAL ELEITORAL DO DIST. FEDERAL;070025;TRIBUNAL REGIONAL ELEITORAL DO D. FEDERAL;02122057020GP0053;20GP;JULGAMENTO DE CAUSAS E GESTAO ADMINISTRATIVA NA JUSTICA ELEI;0001;JULGAMENTO DE CAUSAS E GESTAO ADMINISTRATIVA;084782;AIEF VIGELE;VIGILANCIA ELETRONICA;0100;RECURSOS ORDINARIOS;1;ORCAMENTO FISCAL;3;DESPESAS CORRENTES;3;OUTRAS DESPESAS CORRENTES;39;OUTROS SERVICOS DE TERCEIROS PJ - OP.INT.ORC.;339039;OUTROS SERVICOS DE TERCEIROS - PESSOA JURIDICA;339039-9;NAO SE APLICA;-9;NAO SE APLICA;-9;NAO SE APLICA;-9;NAO SE APLICA;NAO SE APLICA;-9;-9;-9;18CT0011 - SERVICO DE MONITORAMENTO REMOTO DE SISTEMA DE ALARME ELETRONICO.   CONTRATO Nº 11/2018.;-9;NAO SE APLICA;;;;;(28.739,62);;;;;;;;;;;;;;;
14107;TRIBUNAL REGIONAL ELEITORAL DO DIST. FEDERAL;070025;TRIBUNAL REGIONAL ELEITORAL DO D. FEDERAL;02122057020GP0053;20GP;JULGAMENTO DE CAUSAS E GESTAO ADMINISTRATIVA NA JUSTICA ELEI;0001;JULGAMENTO DE CAUSAS E GESTAO ADMINISTRATIVA;084782;AIEF VIGELE;VIGILANCIA ELETRONICA;0100;RECURSOS ORDINARIOS;1;ORCAMENTO FISCAL;3;DESPESAS CORRENTES;3;OUTRAS DESPESAS CORRENTES;39;OUTROS SERVICOS DE TERCEIROS PJ - OP.INT.ORC.;339039;OUTROS SERVICOS DE TERCEIROS - PESSOA JURIDICA;339039-9;NAO SE APLICA;-9;NAO SE APLICA;-9;NAO SE APLICA;-9;NAO SE APLICA;NAO SE APLICA;-9;-9;-9;ALTERACAO PARA EMISSAO DE PE - SERVICOS DE MONITORAMENTO E MANUTENCAO CORRETI-VA DE SISTEMA DE ALARME ELETRONICO PREDIAL.                                   PAE 0004538-77.2017.6.07.8100;-9;NAO SE APLICA;54.840,60;54.840,60;;;54.840,60;;;;;;;;;;;;;;;
14107;TRIBUNAL REGIONAL ELEITORAL DO DIST. FEDERAL;070025;TRIBUNAL REGIONAL ELEITORAL DO D. FEDERAL;02122057020GP0053;20GP;JULGAMENTO DE CAUSAS E GESTAO ADMINISTRATIVA NA JUSTICA ELEI;0001;JULGAMENTO DE CAUSAS E GESTAO ADMINISTRATIVA;084782;AIEF VIGELE;VIGILANCIA ELETRONICA;0100;RECURSOS ORDINARIOS;1;ORCAMENTO FISCAL;3;DESPESAS CORRENTES;3;OUTRAS DESPESAS CORRENTES;39;OUTROS SERVICOS DE TERCEIROS PJ - OP.INT.ORC.;339039;OUTROS SERVICOS DE TERCEIROS - PESSOA JURIDICA;339039-9;NAO SE APLICA;-9;NAO SE APLICA;-9;NAO SE APLICA;-9;NAO SE APLICA;NAO SE APLICA;-9;-9;-9;ANULACAO DE PE PARA EMISSAO DE NE -MONITORAMENTO E MANUTENCAO CORRETIVA DE SISSISTEMA DE ALARME ELETRONICO PREDIAL.;-9;NAO SE APLICA;;;;;54.840,60;(54.840,60);(54.840,60);;;;;;;;;;;;;
14107;TRIBUNAL REGIONAL ELEITORAL DO DIST. FEDERAL;070025;TRIBUNAL REGIONAL ELEITORAL DO D. FEDERAL;02122057020GP0053;20GP;JULGAMENTO DE CAUSAS E GESTAO ADMINISTRATIVA NA JUSTICA ELEI;0001;JULGAMENTO DE CAUSAS E GESTAO ADMINISTRATIVA;084782;AIEF VIGELE;VIGILANCIA ELETRONICA;0100;RECURSOS ORDINARIOS;1;ORCAMENTO FISCAL;3;DESPESAS CORRENTES;3;OUTRAS DESPESAS CORRENTES;39;OUTROS SERVICOS DE TERCEIROS PJ - OP.INT.ORC.;339039;OUTROS SERVICOS DE TERCEIROS - PESSOA JURIDICA;339039-9;NAO SE APLICA;-9;NAO SE APLICA;-9;NAO SE APLICA;-9;NAO SE APLICA;NAO SE APLICA;-9;-9;-9;RETORNO AO DISPONIVEL;-9;NAO SE APLICA;(15.173,07);(15.173,07);;;(15.173,07);;;;;;;;;;;;;;;
14107;TRIBUNAL REGIONAL ELEITORAL DO DIST. FEDERAL;070025;TRIBUNAL REGIONAL ELEITORAL DO D. FEDERAL;02122057020GP0053;20GP;JULGAMENTO DE CAUSAS E GESTAO ADMINISTRATIVA NA JUSTICA ELEI;0001;JULGAMENTO DE CAUSAS E GESTAO ADMINISTRATIVA;084782;AIEF VIGELE;VIGILANCIA ELETRONICA;0100;RECURSOS ORDINARIOS;1;ORCAMENTO FISCAL;3;DESPESAS CORRENTES;3;OUTRAS DESPESAS CORRENTES;39;OUTROS SERVICOS DE TERCEIROS PJ - OP.INT.ORC.;339039;OUTROS SERVICOS DE TERCEIROS - PESSOA JURIDICA;339039-9;NAO SE APLICA;-9;NAO SE APLICA;-9;NAO SE APLICA;-9;NAO SE APLICA;NAO SE APLICA;-9;-9;-9;SERVICOS DE MONITORAMENTO E MANUTENCAO CORRETIVA DE SISTEMA DE ALARME ELETRONICO PREDIAL - SERVICOS.                                                        PAE 0004538-77.2017.6.07.8100;-9;NAO SE APLICA;;;;;(54.840,60);54.840,60;54.840,60;;;;;;;;;;;;;
14107;TRIBUNAL REGIONAL ELEITORAL DO DIST. FEDERAL;070025;TRIBUNAL REGIONAL ELEITORAL DO D. FEDERAL;02122057020GP0053;20GP;JULGAMENTO DE CAUSAS E GESTAO ADMINISTRATIVA NA JUSTICA ELEI;0001;JULGAMENTO DE CAUSAS E GESTAO ADMINISTRATIVA;084782;AIEF VIGELE;VIGILANCIA ELETRONICA;0100;RECURSOS ORDINARIOS;1;ORCAMENTO FISCAL;3;DESPESAS CORRENTES;3;OUTRAS DESPESAS CORRENTES;39;OUTROS SERVICOS DE TERCEIROS PJ - OP.INT.ORC.;339039;OUTROS SERVICOS DE TERCEIROS - PESSOA JURIDICA;33903977;VIGILANCIA OSTENSIVA/MONITORADA/RASTREAMENTO;5;GLOBAL;12;PREGAO;-8;25/01/2017;JAN/2017;2017;070025000012017NE000069;00062711520166078100;NAO SE APLICA;02713790000188;STAR SEGURANCA ELETRONICA LTDA - EPP;;;;;;;;;;;;;426,88;;;;;426,88;;
14107;TRIBUNAL REGIONAL ELEITORAL DO DIST. FEDERAL;070025;TRIBUNAL REGIONAL ELEITORAL DO D. FEDERAL;02122057020GP0053;20GP;JULGAMENTO DE CAUSAS E GESTAO ADMINISTRATIVA NA JUSTICA ELEI;0001;JULGAMENTO DE CAUSAS E GESTAO ADMINISTRATIVA;084782;AIEF VIGELE;VIGILANCIA ELETRONICA;0100;RECURSOS ORDINARIOS;1;ORCAMENTO FISCAL;3;DESPESAS CORRENTES;3;OUTRAS DESPESAS CORRENTES;39;OUTROS SERVICOS DE TERCEIROS PJ - OP.INT.ORC.;339039;OUTROS SERVICOS DE TERCEIROS - PESSOA JURIDICA;33903977;VIGILANCIA OSTENSIVA/MONITORADA/RASTREAMENTO;5;GLOBAL;12;PREGAO;-8;25/01/2017;JAN/2017;2017;070025000012017NE000069;00062711520166078100;PAGTO NFS 2217, 2218 E 2219. MONITORAMENTO E MANUTENCAO CORRETIVA SISTEMA DE ALARME ELETRONICO PREDIAL, DEZ/17 (5 DIAS), JAN/18 E FEV/18. RETENCAO 5,00 ISS (R$ 276,40). PA 3877-35.2016;02713790000188;STAR SEGURANCA ELETRONICA LTDA - EPP;;;;;;;;;;;;;;;;405,54;405,54;(405,54);405,54;405,54
14107;TRIBUNAL REGIONAL ELEITORAL DO DIST. FEDERAL;070025;TRIBUNAL REGIONAL ELEITORAL DO D. FEDERAL;02122057020GP0053;20GP;JULGAMENTO DE CAUSAS E GESTAO ADMINISTRATIVA NA JUSTICA ELEI;0001;JULGAMENTO DE CAUSAS E GESTAO ADMINISTRATIVA;084782;AIEF VIGELE;VIGILANCIA ELETRONICA;0100;RECURSOS ORDINARIOS;1;ORCAMENTO FISCAL;3;DESPESAS CORRENTES;3;OUTRAS DESPESAS CORRENTES;39;OUTROS SERVICOS DE TERCEIROS PJ - OP.INT.ORC.;339039;OUTROS SERVICOS DE TERCEIROS - PESSOA JURIDICA;33903977;VIGILANCIA OSTENSIVA/MONITORADA/RASTREAMENTO;5;GLOBAL;12;PREGAO;-8;22/03/2018;MAR/2018;2018;070025000012018NE000181;00062711520166078100;13CT0006 - PRESTACAO DE SERVICOS DE MONITORAMENTO E MANUTENCAO CORRETIVA   DE SISTEMA DE ALARME ELETRONICO PREDIAL, CONTRATO Nº 06/13 - TERMO ADITIVO Nº 04.APOSTILAMENTO Nº 03.;02713790000188;STAR SEGURANCA ELETRONICA LTDA - EPP;;;;;;;;10.927,91;;;;;;;;;;;;
14107;TRIBUNAL REGIONAL ELEITORAL DO DIST. FEDERAL;070025;TRIBUNAL REGIONAL ELEITORAL DO D. FEDERAL;02122057020GP0053;20GP;JULGAMENTO DE CAUSAS E GESTAO ADMINISTRATIVA NA JUSTICA ELEI;0001;JULGAMENTO DE CAUSAS E GESTAO ADMINISTRATIVA;084782;AIEF VIGELE;VIGILANCIA ELETRONICA;0100;RECURSOS ORDINARIOS;1;ORCAMENTO FISCAL;3;DESPESAS CORRENTES;3;OUTRAS DESPESAS CORRENTES;39;OUTROS SERVICOS DE TERCEIROS PJ - OP.INT.ORC.;339039;OUTROS SERVICOS DE TERCEIROS - PESSOA JURIDICA;33903977;VIGILANCIA OSTENSIVA/MONITORADA/RASTREAMENTO;5;GLOBAL;12;PREGAO;-8;22/03/2018;MAR/2018;2018;070025000012018NE000181;00062711520166078100;PAGTO NFS 2217, 2218 E 2219. MONITORAMENTO E MANUTENCAO CORRETIVA SISTEMA DE ALARME ELETRONICO PREDIAL, DEZ/17 (5 DIAS), JAN/18 E FEV/18. RETENCAO 5,00 ISS (R$ 276,40). PA 3877-35.2016;02713790000188;STAR SEGURANCA ELETRONICA LTDA - EPP;;;;;;;;0,00;5.122,46;5.122,46;;;;;;;;;5.122,46;5.122,46
14107;TRIBUNAL REGIONAL ELEITORAL DO DIST. FEDERAL;070025;TRIBUNAL REGIONAL ELEITORAL DO D. FEDERAL;02122057020GP0053;20GP;JULGAMENTO DE CAUSAS E GESTAO ADMINISTRATIVA NA JUSTICA ELEI;0001;JULGAMENTO DE CAUSAS E GESTAO ADMINISTRATIVA;084782;AIEF VIGELE;VIGILANCIA ELETRONICA;0100;RECURSOS ORDINARIOS;1;ORCAMENTO FISCAL;3;DESPESAS CORRENTES;3;OUTRAS DESPESAS CORRENTES;39;OUTROS SERVICOS DE TERCEIROS PJ - OP.INT.ORC.;339039;OUTROS SERVICOS DE TERCEIROS - PESSOA JURIDICA;33903977;VIGILANCIA OSTENSIVA/MONITORADA/RASTREAMENTO;5;GLOBAL;12;PREGAO;-8;22/03/2018;MAR/2018;2018;070025000012018NE000183;00045387720176078100;18CT0011 - SERVICO DE MONITORAMENTO REMOTO DE SISTEMA DE ALARME ELETRONICO.   CONTRATO Nº 11/2018.;08438690000177;PROMOVE SEGURANCA ELETRONICA LTDA - EPP;;;;;;;;28.739,62;;;;;;;;;;;;
14107;TRIBUNAL REGIONAL ELEITORAL DO DIST. FEDERAL;070025;TRIBUNAL REGIONAL ELEITORAL DO D. FEDERAL;02122057020GP0053;20GP;JULGAMENTO DE CAUSAS E GESTAO ADMINISTRATIVA NA JUSTICA ELEI;0001;JULGAMENTO DE CAUSAS E GESTAO ADMINISTRATIVA;084782;AIEF VIGOST;VIGILANCIA OSTENSIVA;0100;RECURSOS ORDINARIOS;1;ORCAMENTO FISCAL;3;DESPESAS CORRENTES;3;OUTRAS DESPESAS CORRENTES;37;LOCACAO DE MAO-DE-OBRA;339037;LOCACAO DE MAO-DE-OBRA;339037-9;NAO SE APLICA;-9;NAO SE APLICA;-9;NAO SE APLICA;-9;NAO SE APLICA;NAO SE APLICA;-9;-9;-9;16CT0007 - PRESTACAO DE SERVICOS CONTINUADOS DE VIGILANCIA ARMADA.            PREGAO ELETRONICO Nº 03/2016. TERMO ADITIVO Nº 02 AO CONTRATO Nº 07/2016.;-9;NAO SE APLICA;;;;;(330.285,12);;;;;;;;;;;;;;;
14107;TRIBUNAL REGIONAL ELEITORAL DO DIST. FEDERAL;070025;TRIBUNAL REGIONAL ELEITORAL DO D. FEDERAL;02122057020GP0053;20GP;JULGAMENTO DE CAUSAS E GESTAO ADMINISTRATIVA NA JUSTICA ELEI;0001;JULGAMENTO DE CAUSAS E GESTAO ADMINISTRATIVA;084782;AIEF VIGOST;VIGILANCIA OSTENSIVA;0100;RECURSOS ORDINARIOS;1;ORCAMENTO FISCAL;3;DESPESAS CORRENTES;3;OUTRAS DESPESAS CORRENTES;37;LOCACAO DE MAO-DE-OBRA;339037;LOCACAO DE MAO-DE-OBRA;339037-9;NAO SE APLICA;-9;NAO SE APLICA;-9;NAO SE APLICA;-9;NAO SE APLICA;NAO SE APLICA;-9;-9;-9;16CT0007 - PRESTACAO DE SERVICOS CONTINUADOS DE VIGILANCIA ARMADA.            PREGAO ELETRONICO Nº 03/2016. TERMO ADITIVO Nº 03 AO CONTRATO Nº 07/2016.     ANULACAO PARA AJUSTE DA NE.;-9;NAO SE APLICA;;;;;1.005.182,76;;;;;;;;;;;;;;;
14107;TRIBUNAL REGIONAL ELEITORAL DO DIST. FEDERAL;070025;TRIBUNAL REGIONAL ELEITORAL DO D. FEDERAL;02122057020GP0053;20GP;JULGAMENTO DE CAUSAS E GESTAO ADMINISTRATIVA NA JUSTICA ELEI;0001;JULGAMENTO DE CAUSAS E GESTAO ADMINISTRATIVA;084782;AIEF VIGOST;VIGILANCIA OSTENSIVA;0100;RECURSOS ORDINARIOS;1;ORCAMENTO FISCAL;3;DESPESAS CORRENTES;3;OUTRAS DESPESAS CORRENTES;37;LOCACAO DE MAO-DE-OBRA;339037;LOCACAO DE MAO-DE-OBRA;339037-9;NAO SE APLICA;-9;NAO SE APLICA;-9;NAO SE APLICA;-9;NAO SE APLICA;NAO SE APLICA;-9;-9;-9;16CT0007 - PRESTACAO DE SERVICOS CONTINUADOS DE VIGILANCIA ARMADA.            PREGAO ELETRONICO Nº 03/2016. TERMO ADITIVO Nº 03 AO CONTRATO Nº 07/2016.     REFORCO.;-9;NAO SE APLICA;;;;;(2.010.365,52);;;;;;;;;;;;;;;
14107;TRIBUNAL REGIONAL ELEITORAL DO DIST. FEDERAL;070025;TRIBUNAL REGIONAL ELEITORAL DO D. FEDERAL;02122057020GP0053;20GP;JULGAMENTO DE CAUSAS E GESTAO ADMINISTRATIVA NA JUSTICA ELEI;0001;JULGAMENTO DE CAUSAS E GESTAO ADMINISTRATIVA;084782;AIEF VIGOST;VIGILANCIA OSTENSIVA;0100;RECURSOS ORDINARIOS;1;ORCAMENTO FISCAL;3;DESPESAS CORRENTES;3;OUTRAS DESPESAS CORRENTES;37;LOCACAO DE MAO-DE-OBRA;339037;LOCACAO DE MAO-DE-OBRA;339037-9;NAO SE APLICA;-9;NAO SE APLICA;-9;NAO SE APLICA;-9;NAO SE APLICA;NAO SE APLICA;-9;-9;-9;ALTERACAO PARA EMISSAO DE NE. SERVICOS CONTINUADOS DE VIGILANCIA ARMADA.      PAE 0002503-81.2016.6.07.8100;-9;NAO SE APLICA;1.346.729,41;1.346.729,41;;;1.346.729,41;;;;;;;;;;;;;;;
14107;TRIBUNAL REGIONAL ELEITORAL DO DIST. FEDERAL;070025;TRIBUNAL REGIONAL ELEITORAL DO D. FEDERAL;02122057020GP0053;20GP;JULGAMENTO DE CAUSAS E GESTAO ADMINISTRATIVA NA JUSTICA ELEI;0001;JULGAMENTO DE CAUSAS E GESTAO ADMINISTRATIVA;084782;AIEF VIGOST;VIGILANCIA OSTENSIVA;0100;RECURSOS ORDINARIOS;1;ORCAMENTO FISCAL;3;DESPESAS CORRENTES;3;OUTRAS DESPESAS CORRENTES;37;LOCACAO DE MAO-DE-OBRA;339037;LOCACAO DE MAO-DE-OBRA;339037-9;NAO SE APLICA;-9;NAO SE APLICA;-9;NAO SE APLICA;-9;NAO SE APLICA;NAO SE APLICA;-9;-9;-9;ANULACAO DO PE 29 PARA EMISSAO DE NE (PA 0002503-81.2016.6.07.8100);-9;NAO SE APLICA;;;;;1.016.444,29;(1.016.444,29);(1.016.444,29);;;;;;;;;;;;;
14107;TRIBUNAL REGIONAL ELEITORAL DO DIST. FEDERAL;070025;TRIBUNAL REGIONAL ELEITORAL DO D. FEDERAL;02122057020GP0053;20GP;JULGAMENTO DE CAUSAS E GESTAO ADMINISTRATIVA NA JUSTICA ELEI;0001;JULGAMENTO DE CAUSAS E GESTAO ADMINISTRATIVA;084782;AIEF VIGOST;VIGILANCIA OSTENSIVA;0100;RECURSOS ORDINARIOS;1;ORCAMENTO FISCAL;3;DESPESAS CORRENTES;3;OUTRAS DESPESAS CORRENTES;37;LOCACAO DE MAO-DE-OBRA;339037;LOCACAO DE MAO-DE-OBRA;339037-9;NAO SE APLICA;-9;NAO SE APLICA;-9;NAO SE APLICA;-9;NAO SE APLICA;NAO SE APLICA;-9;-9;-9;PRESTACAO DE SERVICOS CONTINUADOS DE VIGILANCIA ARMADA.                       PREGAO ELETRONICO Nº 03/2016. TERMO ADITIVO Nº 03 AO CONTRATO Nº 07/2016.     PAE 0002503-81.2016.6.07.8100;-9;NAO SE APLICA;;;;;(1.016.444,29);1.016.444,29;1.016.444,29;;;;;;;;;;;;;
14107;TRIBUNAL REGIONAL ELEITORAL DO DIST. FEDERAL;070025;TRIBUNAL REGIONAL ELEITORAL DO D. FEDERAL;02122057020GP0053;20GP;JULGAMENTO DE CAUSAS E GESTAO ADMINISTRATIVA NA JUSTICA ELEI;0001;JULGAMENTO DE CAUSAS E GESTAO ADMINISTRATIVA;084782;AIEF VIGOST;VIGILANCIA OSTENSIVA;0100;RECURSOS ORDINARIOS;1;ORCAMENTO FISCAL;3;DESPESAS CORRENTES;3;OUTRAS DESPESAS CORRENTES;37;LOCACAO DE MAO-DE-OBRA;339037;LOCACAO DE MAO-DE-OBRA;339037-9;NAO SE APLICA;-9;NAO SE APLICA;-9;NAO SE APLICA;-9;NAO SE APLICA;NAO SE APLICA;-9;-9;-9;RETORNO AO DISPONIVEL REFERENTE A ANULACAO DO PE 29 (PA 2503-81.2016);-9;NAO SE APLICA;(11.261,53);(11.261,53);;;(11.261,53);;;;;;;;;;;;;;;
14107;TRIBUNAL REGIONAL ELEITORAL DO DIST. FEDERAL;070025;TRIBUNAL REGIONAL ELEITORAL DO D. FEDERAL;02122057020GP0053;20GP;JULGAMENTO DE CAUSAS E GESTAO ADMINISTRATIVA NA JUSTICA ELEI;0001;JULGAMENTO DE CAUSAS E GESTAO ADMINISTRATIVA;084782;AIEF VIGOST;VIGILANCIA OSTENSIVA;0100;RECURSOS ORDINARIOS;1;ORCAMENTO FISCAL;3;DESPESAS CORRENTES;3;OUTRAS DESPESAS CORRENTES;37;LOCACAO DE MAO-DE-OBRA;339037;LOCACAO DE MAO-DE-OBRA;33903703;VIGILANCIA OSTENSIVA;5;GLOBAL;12;PREGAO;-8;08/02/2018;FEV/2018;2018;070025000012018NE000106;00025038120166078100;16CT0007 - PRESTACAO DE SERVICOS CONTINUADOS DE VIGILANCIA ARMADA.            PREGAO ELETRONICO Nº 03/2016. TERMO ADITIVO Nº 02 AO CONTRATO Nº 07/2016.;04689445000181;MULTSERV - SEGURANCA E VIGILANCIA PATRIMONIAL LTDA;;;;;;;;330.285,12;;;;;;;;;;;;
14107;TRIBUNAL REGIONAL ELEITORAL DO DIST. FEDERAL;070025;TRIBUNAL REGIONAL ELEITORAL DO D. FEDERAL;02122057020GP0053;20GP;JULGAMENTO DE CAUSAS E GESTAO ADMINISTRATIVA NA JUSTICA ELEI;0001;JULGAMENTO DE CAUSAS E GESTAO ADMINISTRATIVA;084782;AIEF VIGOST;VIGILANCIA OSTENSIVA;0100;RECURSOS ORDINARIOS;1;ORCAMENTO FISCAL;3;DESPESAS CORRENTES;3;OUTRAS DESPESAS CORRENTES;37;LOCACAO DE MAO-DE-OBRA;339037;LOCACAO DE MAO-DE-OBRA;33903703;VIGILANCIA OSTENSIVA;5;GLOBAL;12;PREGAO;-8;08/02/2018;FEV/2018;2018;070025000012018NE000106;00025038120166078100;16CT0007 - PRESTACAO DE SERVICOS CONTINUADOS DE VIGILANCIA ARMADA.            PREGAO ELETRONICO Nº 03/2016. TERMO ADITIVO Nº 03 AO CONTRATO Nº 07/2016.     ANULACAO PARA AJUSTE DA NE.;04689445000181;MULTSERV - SEGURANCA E VIGILANCIA PATRIMONIAL LTDA;;;;;;;;(1.005.182,76);;;;;;;;;;;;
14107;TRIBUNAL REGIONAL ELEITORAL DO DIST. FEDERAL;070025;TRIBUNAL REGIONAL ELEITORAL DO D. FEDERAL;02122057020GP0053;20GP;JULGAMENTO DE CAUSAS E GESTAO ADMINISTRATIVA NA JUSTICA ELEI;0001;JULGAMENTO DE CAUSAS E GESTAO ADMINISTRATIVA;084782;AIEF VIGOST;VIGILANCIA OSTENSIVA;0100;RECURSOS ORDINARIOS;1;ORCAMENTO FISCAL;3;DESPESAS CORRENTES;3;OUTRAS DESPESAS CORRENTES;37;LOCACAO DE MAO-DE-OBRA;339037;LOCACAO DE MAO-DE-OBRA;33903703;VIGILANCIA OSTENSIVA;5;GLOBAL;12;PREGAO;-8;08/02/2018;FEV/2018;2018;070025000012018NE000106;00025038120166078100;16CT0007 - PRESTACAO DE SERVICOS CONTINUADOS DE VIGILANCIA ARMADA.            PREGAO ELETRONICO Nº 03/2016. TERMO ADITIVO Nº 03 AO CONTRATO Nº 07/2016.     REFORCO.;04689445000181;MULTSERV - SEGURANCA E VIGILANCIA PATRIMONIAL LTDA;;;;;;;;2.010.365,52;;;;;;;;;;;;
14107;TRIBUNAL REGIONAL ELEITORAL DO DIST. FEDERAL;070025;TRIBUNAL REGIONAL ELEITORAL DO D. FEDERAL;02122057020GP0053;20GP;JULGAMENTO DE CAUSAS E GESTAO ADMINISTRATIVA NA JUSTICA ELEI;0001;JULGAMENTO DE CAUSAS E GESTAO ADMINISTRATIVA;084782;AIEF VIGOST;VIGILANCIA OSTENSIVA;0100;RECURSOS ORDINARIOS;1;ORCAMENTO FISCAL;3;DESPESAS CORRENTES;3;OUTRAS DESPESAS CORRENTES;37;LOCACAO DE MAO-DE-OBRA;339037;LOCACAO DE MAO-DE-OBRA;33903703;VIGILANCIA OSTENSIVA;5;GLOBAL;12;PREGAO;-8;08/02/2018;FEV/2018;2018;070025000012018NE000106;00025038120166078100;PGTO NF 488. SERVICOS VIGILANCIA ARMADA, JANEIRO/2018. RETENCAO IMP FED 9,45 (R$ 10.640,44), ISS 5,00 (R$ 5.629,86) E INSS 11,00 (R$ 12.385,69). PA 3398-42.2016.6.07.8100.;04689445000181;MULTSERV - SEGURANCA E VIGILANCIA PATRIMONIAL LTDA;;;;;;;;0,00;112.597,20;112.597,20;;;;;;;;;112.597,20;112.597,20
14107;TRIBUNAL REGIONAL ELEITORAL DO DIST. FEDERAL;070025;TRIBUNAL REGIONAL ELEITORAL DO D. FEDERAL;02122057020GP0053;20GP;JULGAMENTO DE CAUSAS E GESTAO ADMINISTRATIVA NA JUSTICA ELEI;0001;JULGAMENTO DE CAUSAS E GESTAO ADMINISTRATIVA;084782;AIEF VIGOST;VIGILANCIA OSTENSIVA;0100;RECURSOS ORDINARIOS;1;ORCAMENTO FISCAL;3;DESPESAS CORRENTES;3;OUTRAS DESPESAS CORRENTES;37;LOCACAO DE MAO-DE-OBRA;339037;LOCACAO DE MAO-DE-OBRA;33903703;VIGILANCIA OSTENSIVA;5;GLOBAL;12;PREGAO;-8;08/02/2018;FEV/2018;2018;070025000012018NE000106;00025038120166078100;PGTO NF 497. SERVICOS VIGILANCIA ARMADA, FEVEREIRO/2018. RETENCAO IMP FED 9,45 (R$ 10.640,44), ISS 5,00 (R$ 5.629,86) E INSS 11,00 (R$ 12.385,69). PA 3398-42.2016.6.07.8100.;04689445000181;MULTSERV - SEGURANCA E VIGILANCIA PATRIMONIAL LTDA;;;;;;;;0,00;112.597,20;112.597,20;;;;;;;;;112.597,20;112.597,20
14107;TRIBUNAL REGIONAL ELEITORAL DO DIST. FEDERAL;070025;TRIBUNAL REGIONAL ELEITORAL DO D. FEDERAL;02122057020GP0053;20GP;JULGAMENTO DE CAUSAS E GESTAO ADMINISTRATIVA NA JUSTICA ELEI;0001;JULGAMENTO DE CAUSAS E GESTAO ADMINISTRATIVA;084782;AIEF VIGOST;VIGILANCIA OSTENSIVA;0100;RECURSOS ORDINARIOS;1;ORCAMENTO FISCAL;3;DESPESAS CORRENTES;3;OUTRAS DESPESAS CORRENTES;37;LOCACAO DE MAO-DE-OBRA;339037;LOCACAO DE MAO-DE-OBRA;33903703;VIGILANCIA OSTENSIVA;5;GLOBAL;12;PREGAO;-8;08/02/2018;FEV/2018;2018;070025000012018NE000106;00025038120166078100;PGTO NF 504. SERVICOS VIGILANCIA ARMADA, MARCO/2018. RETENCAO IMP FED 9,45 (R$ 10.640,44), ISS 5,00 (R$ 5.629,86) E INSS 11,00 (R$ 12.385,69). PA 3398-42.2016.6.07.8100.;04689445000181;MULTSERV - SEGURANCA E VIGILANCIA PATRIMONIAL LTDA;;;;;;;;0,00;112.597,20;112.597,20;;;;;;;;;112.597,20;112.597,20
14107;TRIBUNAL REGIONAL ELEITORAL DO DIST. FEDERAL;070025;TRIBUNAL REGIONAL ELEITORAL DO D. FEDERAL;02122057020GP0053;20GP;JULGAMENTO DE CAUSAS E GESTAO ADMINISTRATIVA NA JUSTICA ELEI;0001;JULGAMENTO DE CAUSAS E GESTAO ADMINISTRATIVA;084782;AIEF VIGOST;VIGILANCIA OSTENSIVA;0100;RECURSOS ORDINARIOS;1;ORCAMENTO FISCAL;3;DESPESAS CORRENTES;3;OUTRAS DESPESAS CORRENTES;92;DESPESAS DE EXERCICIOS ANTERIORES;339092;DESPESAS DE EXERCICIOS ANTERIORES;339092-9;NAO SE APLICA;-9;NAO SE APLICA;-9;NAO SE APLICA;-9;NAO SE APLICA;NAO SE APLICA;-9;-9;-9;16CT0007 - PRESTACAO DE SERVICOS CONTINUADOS DE VIGILANCIA ARMADA.            PREGAO ELETRONICO Nº 03/2016. TERMO ADITIVO Nº 03 AO CONTRATO Nº 07/2016.     EXERCICIOS ANTERIORES.;-9;NAO SE APLICA;;;;;(7.136,35);;;;;;;;;;;;;;;
14107;TRIBUNAL REGIONAL ELEITORAL DO DIST. FEDERAL;070025;TRIBUNAL REGIONAL ELEITORAL DO D. FEDERAL;02122057020GP0053;20GP;JULGAMENTO DE CAUSAS E GESTAO ADMINISTRATIVA NA JUSTICA ELEI;0001;JULGAMENTO DE CAUSAS E GESTAO ADMINISTRATIVA;084782;AIEF VIGOST;VIGILANCIA OSTENSIVA;0100;RECURSOS ORDINARIOS;1;ORCAMENTO FISCAL;3;DESPESAS CORRENTES;3;OUTRAS DESPESAS CORRENTES;92;DESPESAS DE EXERCICIOS ANTERIORES;339092;DESPESAS DE EXERCICIOS ANTERIORES;339092-9;NAO SE APLICA;-9;NAO SE APLICA;-9;NAO SE APLICA;-9;NAO SE APLICA;NAO SE APLICA;-9;-9;-9;ALTERACAO PARA EMISSAO DE NE. SERVICOS CONTINUADOS DE VIGILANCIA ARMADA.      PAE 0002503-81.2016.6.07.8100;-9;NAO SE APLICA;7.136,35;7.136,35;;;7.136,35;;;;;;;;;;;;;;;
14107;TRIBUNAL REGIONAL ELEITORAL DO DIST. FEDERAL;070025;TRIBUNAL REGIONAL ELEITORAL DO D. FEDERAL;02122057020GP0053;20GP;JULGAMENTO DE CAUSAS E GESTAO ADMINISTRATIVA NA JUSTICA ELEI;0001;JULGAMENTO DE CAUSAS E GESTAO ADMINISTRATIVA;084782;AIEF VIGOST;VIGILANCIA OSTENSIVA;0100;RECURSOS ORDINARIOS;1;ORCAMENTO FISCAL;3;DESPESAS CORRENTES;3;OUTRAS DESPESAS CORRENTES;92;DESPESAS DE EXERCICIOS ANTERIORES;339092;DESPESAS DE EXERCICIOS ANTERIORES;339092-9;NAO SE APLICA;-9;NAO SE APLICA;-9;NAO SE APLICA;-9;NAO SE APLICA;NAO SE APLICA;-9;-9;-9;ANULACAO DO PE 28 PARA EMISSAO DE NE (PA 0002503-81.2016.6.07.8100);-9;NAO SE APLICA;;;;;7.136,35;(7.136,35);(7.136,35);;;;;;;;;;;;;
14107;TRIBUNAL REGIONAL ELEITORAL DO DIST. FEDERAL;070025;TRIBUNAL REGIONAL ELEITORAL DO D. FEDERAL;02122057020GP0053;20GP;JULGAMENTO DE CAUSAS E GESTAO ADMINISTRATIVA NA JUSTICA ELEI;0001;JULGAMENTO DE CAUSAS E GESTAO ADMINISTRATIVA;084782;AIEF VIGOST;VIGILANCIA OSTENSIVA;0100;RECURSOS ORDINARIOS;1;ORCAMENTO FISCAL;3;DESPESAS CORRENTES;3;OUTRAS DESPESAS CORRENTES;92;DESPESAS DE EXERCICIOS ANTERIORES;339092;DESPESAS DE EXERCICIOS ANTERIORES;339092-9;NAO SE APLICA;-9;NAO SE APLICA;-9;NAO SE APLICA;-9;NAO SE APLICA;NAO SE APLICA;-9;-9;-9;PRESTACAO DE SERVICOS CONTINUADOS DE VIGILANCIA ARMADA.                       PREGAO ELETRONICO Nº 03/2016. TERMO ADITIVO Nº 03 AO CONTRATO Nº 07/2016.     EXERCICIOS ANTERIORES. PAE 0002503-81.2016.6.07.8100;-9;NAO SE APLICA;;;;;(7.136,35);7.136,35;7.136,35;;;;;;;;;;;;;
14107;TRIBUNAL REGIONAL ELEITORAL DO DIST. FEDERAL;070025;TRIBUNAL REGIONAL ELEITORAL DO D. FEDERAL;02122057020GP0053;20GP;JULGAMENTO DE CAUSAS E GESTAO ADMINISTRATIVA NA JUSTICA ELEI;0001;JULGAMENTO DE CAUSAS E GESTAO ADMINISTRATIVA;084782;AIEF VIGOST;VIGILANCIA OSTENSIVA;0100;RECURSOS ORDINARIOS;1;ORCAMENTO FISCAL;3;DESPESAS CORRENTES;3;OUTRAS DESPESAS CORRENTES;92;DESPESAS DE EXERCICIOS ANTERIORES;339092;DESPESAS DE EXERCICIOS ANTERIORES;33909237;LOCACAO DE MAO-DE-OBRA;1;ORDINARIO;12;PREGAO;-8;23/03/2018;MAR/2018;2018;070025000012018NE000187;00025038120166078100;16CT0007 - PRESTACAO DE SERVICOS CONTINUADOS DE VIGILANCIA ARMADA.            PREGAO ELETRONICO Nº 03/2016. TERMO ADITIVO Nº 03 AO CONTRATO Nº 07/2016.     EXERCICIOS ANTERIORES.;04689445000181;MULTSERV - SEGURANCA E VIGILANCIA PATRIMONIAL LTDA;;;;;;;;7.136,35;;;;;;;;;;;;
14107;TRIBUNAL REGIONAL ELEITORAL DO DIST. FEDERAL;070025;TRIBUNAL REGIONAL ELEITORAL DO D. FEDERAL;02122057020GP0053;20GP;JULGAMENTO DE CAUSAS E GESTAO ADMINISTRATIVA NA JUSTICA ELEI;0001;JULGAMENTO DE CAUSAS E GESTAO ADMINISTRATIVA;084782;AIEF VIGOST;VIGILANCIA OSTENSIVA;0127;CUSTAS E EMOLUMENTOS - PODER JUDICIARIO;1;ORCAMENTO FISCAL;3;DESPESAS CORRENTES;3;OUTRAS DESPESAS CORRENTES;37;LOCACAO DE MAO-DE-OBRA;339037;LOCACAO DE MAO-DE-OBRA;33903703;VIGILANCIA OSTENSIVA;5;GLOBAL;12;PREGAO;-8;17/02/2017;FEV/2017;2017;070025000012017NE000161;00025038120166078100;NAO SE APLICA;04689445000181;MULTSERV - SEGURANCA E VIGILANCIA PATRIMONIAL LTDA;;;;;;;;;;;;;18.766,20;;;;;18.766,20;;
14107;TRIBUNAL REGIONAL ELEITORAL DO DIST. FEDERAL;070025;TRIBUNAL REGIONAL ELEITORAL DO D. FEDERAL;02122057020GP0053;20GP;JULGAMENTO DE CAUSAS E GESTAO ADMINISTRATIVA NA JUSTICA ELEI;0001;JULGAMENTO DE CAUSAS E GESTAO ADMINISTRATIVA;084782;AIEF VIGOST;VIGILANCIA OSTENSIVA;0127;CUSTAS E EMOLUMENTOS - PODER JUDICIARIO;1;ORCAMENTO FISCAL;3;DESPESAS CORRENTES;3;OUTRAS DESPESAS CORRENTES;37;LOCACAO DE MAO-DE-OBRA;339037;LOCACAO DE MAO-DE-OBRA;33903703;VIGILANCIA OSTENSIVA;5;GLOBAL;12;PREGAO;-8;17/02/2017;FEV/2017;2017;070025000012017NE000161;00025038120166078100;PGTO NF 463 E 469473. SERVICOS VIGILANCIA ARMADA, 26 A 31 DEZEMBRO/2017. RETENCAO IMP FED 9,45 (R$ 1.773,41), ISS 5,00 (R$ 938,31) E INSS 11,00 (R$ 2.064,28). PA 3398-42.2016.6.07.8100.;04689445000181;MULTSERV - SEGURANCA E VIGILANCIA PATRIMONIAL LTDA;;;;;;;;;;;;;;;;18.766,20;18.766,20;(18.766,20);18.766,20;18.766,20
14107;TRIBUNAL REGIONAL ELEITORAL DO DIST. FEDERAL;070025;TRIBUNAL REGIONAL ELEITORAL DO D. FEDERAL;02122057020GP0053;20GP;JULGAMENTO DE CAUSAS E GESTAO ADMINISTRATIVA NA JUSTICA ELEI;0001;JULGAMENTO DE CAUSAS E GESTAO ADMINISTRATIVA;084782;AMEX MANIMO;MANUTENCAO DE BENS IMOVEIS;0127;CUSTAS E EMOLUMENTOS - PODER JUDICIARIO;1;ORCAMENTO FISCAL;3;DESPESAS CORRENTES;3;OUTRAS DESPESAS CORRENTES;39;OUTROS SERVICOS DE TERCEIROS PJ - OP.INT.ORC.;339039;OUTROS SERVICOS DE TERCEIROS - PESSOA JURIDICA;339039-9;NAO SE APLICA;-9;NAO SE APLICA;-9;NAO SE APLICA;-9;NAO SE APLICA;NAO SE APLICA;-9;-9;-9;18CT00005 - CONTRATO PARA PRESTACAO DE SERVICOS DE ENGENHARIA P/ REFORMA DO TELHADO DO GALPAO DOS TRANSPORTES - SETRA.;-9;NAO SE APLICA;;;;;(99.893,09);;;;;;;;;;;;;;;
14107;TRIBUNAL REGIONAL ELEITORAL DO DIST. FEDERAL;070025;TRIBUNAL REGIONAL ELEITORAL DO D. FEDERAL;02122057020GP0053;20GP;JULGAMENTO DE CAUSAS E GESTAO ADMINISTRATIVA NA JUSTICA ELEI;0001;JULGAMENTO DE CAUSAS E GESTAO ADMINISTRATIVA;084782;AMEX MANIMO;MANUTENCAO DE BENS IMOVEIS;0127;CUSTAS E EMOLUMENTOS - PODER JUDICIARIO;1;ORCAMENTO FISCAL;3;DESPESAS CORRENTES;3;OUTRAS DESPESAS CORRENTES;39;OUTROS SERVICOS DE TERCEIROS PJ - OP.INT.ORC.;339039;OUTROS SERVICOS DE TERCEIROS - PESSOA JURIDICA;339039-9;NAO SE APLICA;-9;NAO SE APLICA;-9;NAO SE APLICA;-9;NAO SE APLICA;NAO SE APLICA;-9;-9;-9;18CT0005 - CONTRATO Nº 5/2018 PARA PRESTACAO DE SERVICOS DE ENGENHARIA PARA A REFORMA DO TELHADO DO GALPAO DOS TRANSPORTES - SETRA.;-9;NAO SE APLICA;;;;;(99.893,09);;;;;;;;;;;;;;;
14107;TRIBUNAL REGIONAL ELEITORAL DO DIST. FEDERAL;070025;TRIBUNAL REGIONAL ELEITORAL DO D. FEDERAL;02122057020GP0053;20GP;JULGAMENTO DE CAUSAS E GESTAO ADMINISTRATIVA NA JUSTICA ELEI;0001;JULGAMENTO DE CAUSAS E GESTAO ADMINISTRATIVA;084782;AMEX MANIMO;MANUTENCAO DE BENS IMOVEIS;0127;CUSTAS E EMOLUMENTOS - PODER JUDICIARIO;1;ORCAMENTO FISCAL;3;DESPESAS CORRENTES;3;OUTRAS DESPESAS CORRENTES;39;OUTROS SERVICOS DE TERCEIROS PJ - OP.INT.ORC.;339039;OUTROS SERVICOS DE TERCEIROS - PESSOA JURIDICA;339039-9;NAO SE APLICA;-9;NAO SE APLICA;-9;NAO SE APLICA;-9;NAO SE APLICA;NAO SE APLICA;-9;-9;-9;18CT0005 - CONTRATO Nº 5/2018 PARA PRESTACAO DE SERVICOS DE ENGENHARIA PARA A REFORMA DO TELHADO DO GALPAO DOS TRANSPORTES - SETRA.                         (PA 0000805-69.2018.6.07.8100);-9;NAO SE APLICA;;;;;(99.893,09);;;;;;;;;;;;;;;
14107;TRIBUNAL REGIONAL ELEITORAL DO DIST. FEDERAL;070025;TRIBUNAL REGIONAL ELEITORAL DO D. FEDERAL;02122057020GP0053;20GP;JULGAMENTO DE CAUSAS E GESTAO ADMINISTRATIVA NA JUSTICA ELEI;0001;JULGAMENTO DE CAUSAS E GESTAO ADMINISTRATIVA;084782;AMEX MANIMO;MANUTENCAO DE BENS IMOVEIS;0127;CUSTAS E EMOLUMENTOS - PODER JUDICIARIO;1;ORCAMENTO FISCAL;3;DESPESAS CORRENTES;3;OUTRAS DESPESAS CORRENTES;39;OUTROS SERVICOS DE TERCEIROS PJ - OP.INT.ORC.;339039;OUTROS SERVICOS DE TERCEIROS - PESSOA JURIDICA;339039-9;NAO SE APLICA;-9;NAO SE APLICA;-9;NAO SE APLICA;-9;NAO SE APLICA;NAO SE APLICA;-9;-9;-9;18CT0005 - CONTRATO Nº 5/2018 PARA PRESTACAO DE SERVICOS DE ENGENHARIA PARA A REFORMA DO TELHADO DO GALPAO DOS TRANSPORTES - SETRA. ANULACAO.;-9;NAO SE APLICA;;;;;99.893,09;;;;;;;;;;;;;;;
14107;TRIBUNAL REGIONAL ELEITORAL DO DIST. FEDERAL;070025;TRIBUNAL REGIONAL ELEITORAL DO D. FEDERAL;02122057020GP0053;20GP;JULGAMENTO DE CAUSAS E GESTAO ADMINISTRATIVA NA JUSTICA ELEI;0001;JULGAMENTO DE CAUSAS E GESTAO ADMINISTRATIVA;084782;AMEX MANIMO;MANUTENCAO DE BENS IMOVEIS;0127;CUSTAS E EMOLUMENTOS - PODER JUDICIARIO;1;ORCAMENTO FISCAL;3;DESPESAS CORRENTES;3;OUTRAS DESPESAS CORRENTES;39;OUTROS SERVICOS DE TERCEIROS PJ - OP.INT.ORC.;339039;OUTROS SERVICOS DE TERCEIROS - PESSOA JURIDICA;339039-9;NAO SE APLICA;-9;NAO SE APLICA;-9;NAO SE APLICA;-9;NAO SE APLICA;NAO SE APLICA;-9;-9;-9;18CT0005 - CONTRATO PARA PRESTACAO DE SERVICOS DE ENGENHARIA P/ REFORMA DO TE LHADO DO GALPAO DOS TRANSPORTES - SETRA. ANULACAO.;-9;NAO SE APLICA;;;;;99.893,09;;;;;;;;;;;;;;;
14107;TRIBUNAL REGIONAL ELEITORAL DO DIST. FEDERAL;070025;TRIBUNAL REGIONAL ELEITORAL DO D. FEDERAL;02122057020GP0053;20GP;JULGAMENTO DE CAUSAS E GESTAO ADMINISTRATIVA NA JUSTICA ELEI;0001;JULGAMENTO DE CAUSAS E GESTAO ADMINISTRATIVA;084782;AMEX MANIMO;MANUTENCAO DE BENS IMOVEIS;0127;CUSTAS E EMOLUMENTOS - PODER JUDICIARIO;1;ORCAMENTO FISCAL;3;DESPESAS CORRENTES;3;OUTRAS DESPESAS CORRENTES;39;OUTROS SERVICOS DE TERCEIROS PJ - OP.INT.ORC.;339039;OUTROS SERVICOS DE TERCEIROS - PESSOA JURIDICA;339039-9;NAO SE APLICA;-9;NAO SE APLICA;-9;NAO SE APLICA;-9;NAO SE APLICA;NAO SE APLICA;-9;-9;-9;ALTERACAO PARA EMISSAO DE NE -SERVICOS DE ENGENHARIA PARA A REFORMA DO TELHADODO GALPAO DOS TRANSPORTES - SETRA. (PA 0000805-69.2018.6.07.8100);-9;NAO SE APLICA;99.893,09;99.893,09;;;99.893,09;;;;;;;;;;;;;;;
14107;TRIBUNAL REGIONAL ELEITORAL DO DIST. FEDERAL;070025;TRIBUNAL REGIONAL ELEITORAL DO D. FEDERAL;02122057020GP0053;20GP;JULGAMENTO DE CAUSAS E GESTAO ADMINISTRATIVA NA JUSTICA ELEI;0001;JULGAMENTO DE CAUSAS E GESTAO ADMINISTRATIVA;084782;AMEX MANIMO;MANUTENCAO DE BENS IMOVEIS;0127;CUSTAS E EMOLUMENTOS - PODER JUDICIARIO;1;ORCAMENTO FISCAL;3;DESPESAS CORRENTES;3;OUTRAS DESPESAS CORRENTES;39;OUTROS SERVICOS DE TERCEIROS PJ - OP.INT.ORC.;339039;OUTROS SERVICOS DE TERCEIROS - PESSOA JURIDICA;33903916;MANUTENCAO E CONSERV. DE BENS IMOVEIS;5;GLOBAL;06;DISPENSA DE LICITACAO;04;06/03/2018;MAR/2018;2018;070025000012018NE000142;00008056920186078100;18CT00005 - CONTRATO PARA PRESTACAO DE SERVICOS DE ENGENHARIA P/ REFORMA DO TELHADO DO GALPAO DOS TRANSPORTES - SETRA.;05559853000181;CASA DO CONSTRUTOR E CONSTRUTORA REALIZA EIRELI  - ME;;;;;;;;99.893,09;;;;;;;;;;;;
14107;TRIBUNAL REGIONAL ELEITORAL DO DIST. FEDERAL;070025;TRIBUNAL REGIONAL ELEITORAL DO D. FEDERAL;02122057020GP0053;20GP;JULGAMENTO DE CAUSAS E GESTAO ADMINISTRATIVA NA JUSTICA ELEI;0001;JULGAMENTO DE CAUSAS E GESTAO ADMINISTRATIVA;084782;AMEX MANIMO;MANUTENCAO DE BENS IMOVEIS;0127;CUSTAS E EMOLUMENTOS - PODER JUDICIARIO;1;ORCAMENTO FISCAL;3;DESPESAS CORRENTES;3;OUTRAS DESPESAS CORRENTES;39;OUTROS SERVICOS DE TERCEIROS PJ - OP.INT.ORC.;339039;OUTROS SERVICOS DE TERCEIROS - PESSOA JURIDICA;33903916;MANUTENCAO E CONSERV. DE BENS IMOVEIS;5;GLOBAL;06;DISPENSA DE LICITACAO;04;06/03/2018;MAR/2018;2018;070025000012018NE000142;00008056920186078100;18CT0005 - CONTRATO PARA PRESTACAO DE SERVICOS DE ENGENHARIA P/ REFORMA DO TE LHADO DO GALPAO DOS TRANSPORTES - SETRA. ANULACAO.;05559853000181;CASA DO CONSTRUTOR E CONSTRUTORA REALIZA EIRELI  - ME;;;;;;;;(99.893,09);;;;;;;;;;;;
14107;TRIBUNAL REGIONAL ELEITORAL DO DIST. FEDERAL;070025;TRIBUNAL REGIONAL ELEITORAL DO D. FEDERAL;02122057020GP0053;20GP;JULGAMENTO DE CAUSAS E GESTAO ADMINISTRATIVA NA JUSTICA ELEI;0001;JULGAMENTO DE CAUSAS E GESTAO ADMINISTRATIVA;084782;AMEX MANIMO;MANUTENCAO DE BENS IMOVEIS;0127;CUSTAS E EMOLUMENTOS - PODER JUDICIARIO;1;ORCAMENTO FISCAL;3;DESPESAS CORRENTES;3;OUTRAS DESPESAS CORRENTES;39;OUTROS SERVICOS DE TERCEIROS PJ - OP.INT.ORC.;339039;OUTROS SERVICOS DE TERCEIROS - PESSOA JURIDICA;33903916;MANUTENCAO E CONSERV. DE BENS IMOVEIS;5;GLOBAL;06;DISPENSA DE LICITACAO;04;06/03/2018;MAR/2018;2018;070025000012018NE000144;00008056920186078100;18CT0005 - CONTRATO Nº 5/2018 PARA PRESTACAO DE SERVICOS DE ENGENHARIA PARA A REFORMA DO TELHADO DO GALPAO DOS TRANSPORTES - SETRA.                         (PA 0000805-69.2018.6.07.8100);05559853000181;CASA DO CONSTRUTOR E CONSTRUTORA REALIZA EIRELI  - ME;;;;;;;;99.893,09;;;;;;;;;;;;
14107;TRIBUNAL REGIONAL ELEITORAL DO DIST. FEDERAL;070025;TRIBUNAL REGIONAL ELEITORAL DO D. FEDERAL;02122057020GP0053;20GP;JULGAMENTO DE CAUSAS E GESTAO ADMINISTRATIVA NA JUSTICA ELEI;0001;JULGAMENTO DE CAUSAS E GESTAO ADMINISTRATIVA;084782;AMEX MANIMO;MANUTENCAO DE BENS IMOVEIS;0127;CUSTAS E EMOLUMENTOS - PODER JUDICIARIO;1;ORCAMENTO FISCAL;3;DESPESAS CORRENTES;3;OUTRAS DESPESAS CORRENTES;39;OUTROS SERVICOS DE TERCEIROS PJ - OP.INT.ORC.;339039;OUTROS SERVICOS DE TERCEIROS - PESSOA JURIDICA;33903916;MANUTENCAO E CONSERV. DE BENS IMOVEIS;5;GLOBAL;06;DISPENSA DE LICITACAO;04;06/03/2018;MAR/2018;2018;070025000012018NE000144;00008056920186078100;18CT0005 - CONTRATO Nº 5/2018 PARA PRESTACAO DE SERVICOS DE ENGENHARIA PARA A REFORMA DO TELHADO DO GALPAO DOS TRANSPORTES - SETRA. ANULACAO.;05559853000181;CASA DO CONSTRUTOR E CONSTRUTORA REALIZA EIRELI  - ME;;;;;;;;(99.893,09);;;;;;;;;;;;
14107;TRIBUNAL REGIONAL ELEITORAL DO DIST. FEDERAL;070025;TRIBUNAL REGIONAL ELEITORAL DO D. FEDERAL;02122057020GP0053;20GP;JULGAMENTO DE CAUSAS E GESTAO ADMINISTRATIVA NA JUSTICA ELEI;0001;JULGAMENTO DE CAUSAS E GESTAO ADMINISTRATIVA;084782;AMEX MANIMO;MANUTENCAO DE BENS IMOVEIS;0127;CUSTAS E EMOLUMENTOS - PODER JUDICIARIO;1;ORCAMENTO FISCAL;3;DESPESAS CORRENTES;3;OUTRAS DESPESAS CORRENTES;39;OUTROS SERVICOS DE TERCEIROS PJ - OP.INT.ORC.;339039;OUTROS SERVICOS DE TERCEIROS - PESSOA JURIDICA;33903916;MANUTENCAO E CONSERV. DE BENS IMOVEIS;5;GLOBAL;06;DISPENSA DE LICITACAO;04;06/03/2018;MAR/2018;2018;070025000012018NE000146;00008056920186078100;18CT0005 - CONTRATO Nº 5/2018 PARA PRESTACAO DE SERVICOS DE ENGENHARIA PARA A REFORMA DO TELHADO DO GALPAO DOS TRANSPORTES - SETRA.;05559853000181;CASA DO CONSTRUTOR E CONSTRUTORA REALIZA EIRELI  - ME;;;;;;;;99.893,09;;;;;;;;;;;;
14107;TRIBUNAL REGIONAL ELEITORAL DO DIST. FEDERAL;070025;TRIBUNAL REGIONAL ELEITORAL DO D. FEDERAL;02122057020GP0053;20GP;JULGAMENTO DE CAUSAS E GESTAO ADMINISTRATIVA NA JUSTICA ELEI;0001;JULGAMENTO DE CAUSAS E GESTAO ADMINISTRATIVA;084782;AMEX MANIMO;MANUTENCAO DE BENS IMOVEIS;0127;CUSTAS E EMOLUMENTOS - PODER JUDICIARIO;1;ORCAMENTO FISCAL;3;DESPESAS CORRENTES;3;OUTRAS DESPESAS CORRENTES;39;OUTROS SERVICOS DE TERCEIROS PJ - OP.INT.ORC.;339039;OUTROS SERVICOS DE TERCEIROS - PESSOA JURIDICA;33903916;MANUTENCAO E CONSERV. DE BENS IMOVEIS;5;GLOBAL;06;DISPENSA DE LICITACAO;04;06/03/2018;MAR/2018;2018;070025000012018NE000146;00008056920186078100;PGTO NF 4414 E 140. REFORMA EMERGENCIAL TELHADO DA SETRA. RETENCAO IMP. FED. 5,85 (R$ 2.980,87) 9,45 (R$ 3.207,68), ISS 2,00 (R$ 678,88) INSS 11,00 (R$ 3.733,81).;05559853000181;CASA DO CONSTRUTOR E CONSTRUTORA REALIZA EIRELI  - ME;;;;;;;;0,00;84.898,73;84.898,73;;;;;;;;;84.898,73;84.898,73
14107;TRIBUNAL REGIONAL ELEITORAL DO DIST. FEDERAL;070025;TRIBUNAL REGIONAL ELEITORAL DO D. FEDERAL;02122057020GP0053;20GP;JULGAMENTO DE CAUSAS E GESTAO ADMINISTRATIVA NA JUSTICA ELEI;0001;JULGAMENTO DE CAUSAS E GESTAO ADMINISTRATIVA;084782;AOSA ALIMEN;ALIMENTACAO DE SERVIDORES;0100;RECURSOS ORDINARIOS;1;ORCAMENTO FISCAL;3;DESPESAS CORRENTES;3;OUTRAS DESPESAS CORRENTES;30;MATERIAL DE CONSUMO;339030;MATERIAL DE CONSUMO;339030-9;NAO SE APLICA;-9;NAO SE APLICA;-9;NAO SE APLICA;-9;NAO SE APLICA;NAO SE APLICA;-9;-9;-9;2018NECT - FORNECIMENTO DE MATERIAIS DE CONSUMO (GENEROS ALIMENTICIOS) AO TRE-DF. PREGAO ELETRONICO Nº 29/2017, GRUPO 3.;-9;NAO SE APLICA;;;;;(9.240,00);;;;;;;;;;;;;;;
14107;TRIBUNAL REGIONAL ELEITORAL DO DIST. FEDERAL;070025;TRIBUNAL REGIONAL ELEITORAL DO D. FEDERAL;02122057020GP0053;20GP;JULGAMENTO DE CAUSAS E GESTAO ADMINISTRATIVA NA JUSTICA ELEI;0001;JULGAMENTO DE CAUSAS E GESTAO ADMINISTRATIVA;084782;AOSA ALIMEN;ALIMENTACAO DE SERVIDORES;0100;RECURSOS ORDINARIOS;1;ORCAMENTO FISCAL;3;DESPESAS CORRENTES;3;OUTRAS DESPESAS CORRENTES;30;MATERIAL DE CONSUMO;339030;MATERIAL DE CONSUMO;339030-9;NAO SE APLICA;-9;NAO SE APLICA;-9;NAO SE APLICA;-9;NAO SE APLICA;NAO SE APLICA;-9;-9;-9;2018NECT - FORNECIMENTO DE MATERIAIS DE CONSUMO (GENEROS ALIMENTICIOS) AO TRE-DF. PREGAO ELETRONICO Nº 29/2017, GRUPO 3.                                    ANULACAO PARA CORRECAO DO TIPO DE EMPENHO.;-9;NAO SE APLICA;;;;;4.620,00;;;;;;;;;;;;;;;
14107;TRIBUNAL REGIONAL ELEITORAL DO DIST. FEDERAL;070025;TRIBUNAL REGIONAL ELEITORAL DO D. FEDERAL;02122057020GP0053;20GP;JULGAMENTO DE CAUSAS E GESTAO ADMINISTRATIVA NA JUSTICA ELEI;0001;JULGAMENTO DE CAUSAS E GESTAO ADMINISTRATIVA;084782;AOSA ALIMEN;ALIMENTACAO DE SERVIDORES;0100;RECURSOS ORDINARIOS;1;ORCAMENTO FISCAL;3;DESPESAS CORRENTES;3;OUTRAS DESPESAS CORRENTES;30;MATERIAL DE CONSUMO;339030;MATERIAL DE CONSUMO;339030-9;NAO SE APLICA;-9;NAO SE APLICA;-9;NAO SE APLICA;-9;NAO SE APLICA;NAO SE APLICA;-9;-9;-9;2018NECT - FORNECIMENTO DE MATERIAIS DE CONSUMO (GENEROS ALIMENTICIOS) AO TRE-DF. PREGAO ELETRONICO Nº 29/2017, GRUPOS 1, 2, 4, 5, 6 E 7.;-9;NAO SE APLICA;;;;;(99.000,00);;;;;;;;;;;;;;;
14107;TRIBUNAL REGIONAL ELEITORAL DO DIST. FEDERAL;070025;TRIBUNAL REGIONAL ELEITORAL DO D. FEDERAL;02122057020GP0053;20GP;JULGAMENTO DE CAUSAS E GESTAO ADMINISTRATIVA NA JUSTICA ELEI;0001;JULGAMENTO DE CAUSAS E GESTAO ADMINISTRATIVA;084782;AOSA ALIMEN;ALIMENTACAO DE SERVIDORES;0100;RECURSOS ORDINARIOS;1;ORCAMENTO FISCAL;3;DESPESAS CORRENTES;3;OUTRAS DESPESAS CORRENTES;30;MATERIAL DE CONSUMO;339030;MATERIAL DE CONSUMO;339030-9;NAO SE APLICA;-9;NAO SE APLICA;-9;NAO SE APLICA;-9;NAO SE APLICA;NAO SE APLICA;-9;-9;-9;2018NECT - FORNECIMENTO DE MATERIAIS DE CONSUMO (GENEROS ALIMENTICIOS) AO TRE-DF. PREGAO ELETRONICO Nº 29/2017, GRUPOS 1, 2, 4, 5, 6 E 7.                   ANULACAO PARA CORRECAO DO TIPO DE EMPENHO.;-9;NAO SE APLICA;;;;;49.500,00;;;;;;;;;;;;;;;
14107;TRIBUNAL REGIONAL ELEITORAL DO DIST. FEDERAL;070025;TRIBUNAL REGIONAL ELEITORAL DO D. FEDERAL;02122057020GP0053;20GP;JULGAMENTO DE CAUSAS E GESTAO ADMINISTRATIVA NA JUSTICA ELEI;0001;JULGAMENTO DE CAUSAS E GESTAO ADMINISTRATIVA;084782;AOSA ALIMEN;ALIMENTACAO DE SERVIDORES;0100;RECURSOS ORDINARIOS;1;ORCAMENTO FISCAL;3;DESPESAS CORRENTES;3;OUTRAS DESPESAS CORRENTES;30;MATERIAL DE CONSUMO;339030;MATERIAL DE CONSUMO;339030-9;NAO SE APLICA;-9;NAO SE APLICA;-9;NAO SE APLICA;-9;NAO SE APLICA;NAO SE APLICA;-9;-9;-9;FORNECIMENTO DE MATERIAL DE CONSUMO - GENEROS ALIMENTICIOS.                   ALTERACAO PARA EMISSAO DE EMPENHO.                                            PAE 0004186-22.2017.6.07.8100;-9;NAO SE APLICA;54.120,00;54.120,00;;;54.120,00;;;;;;;;;;;;;;;
14107;TRIBUNAL REGIONAL ELEITORAL DO DIST. FEDERAL;070025;TRIBUNAL REGIONAL ELEITORAL DO D. FEDERAL;02122057020GP0053;20GP;JULGAMENTO DE CAUSAS E GESTAO ADMINISTRATIVA NA JUSTICA ELEI;0001;JULGAMENTO DE CAUSAS E GESTAO ADMINISTRATIVA;084782;AOSA ALIMEN;ALIMENTACAO DE SERVIDORES;0100;RECURSOS ORDINARIOS;1;ORCAMENTO FISCAL;3;DESPESAS CORRENTES;3;OUTRAS DESPESAS CORRENTES;30;MATERIAL DE CONSUMO;339030;MATERIAL DE CONSUMO;33903007;GENEROS DE ALIMENTACAO;1;ORDINARIO;12;PREGAO;-8;07/02/2018;FEV/2018;2018;070025000012018NE000095;00041862220176078100;2018NECT - FORNECIMENTO DE MATERIAIS DE CONSUMO (GENEROS ALIMENTICIOS) AO TRE-DF. PREGAO ELETRONICO Nº 29/2017, GRUPO 3.;11615948000178;VELA NO VENTO LANCHES LTDA - ME;;;;;;;;4.620,00;;;;;;;;;;;;
14107;TRIBUNAL REGIONAL ELEITORAL DO DIST. FEDERAL;070025;TRIBUNAL REGIONAL ELEITORAL DO D. FEDERAL;02122057020GP0053;20GP;JULGAMENTO DE CAUSAS E GESTAO ADMINISTRATIVA NA JUSTICA ELEI;0001;JULGAMENTO DE CAUSAS E GESTAO ADMINISTRATIVA;084782;AOSA ALIMEN;ALIMENTACAO DE SERVIDORES;0100;RECURSOS ORDINARIOS;1;ORCAMENTO FISCAL;3;DESPESAS CORRENTES;3;OUTRAS DESPESAS CORRENTES;30;MATERIAL DE CONSUMO;339030;MATERIAL DE CONSUMO;33903007;GENEROS DE ALIMENTACAO;1;ORDINARIO;12;PREGAO;-8;07/02/2018;FEV/2018;2018;070025000012018NE000095;00041862220176078100;2018NECT - FORNECIMENTO DE MATERIAIS DE CONSUMO (GENEROS ALIMENTICIOS) AO TRE-DF. PREGAO ELETRONICO Nº 29/2017, GRUPO 3.                                    ANULACAO PARA CORRECAO DO TIPO DE EMPENHO.;11615948000178;VELA NO VENTO LANCHES LTDA - ME;;;;;;;;(4.620,00);;;;;;;;;;;;
14107;TRIBUNAL REGIONAL ELEITORAL DO DIST. FEDERAL;070025;TRIBUNAL REGIONAL ELEITORAL DO D. FEDERAL;02122057020GP0053;20GP;JULGAMENTO DE CAUSAS E GESTAO ADMINISTRATIVA NA JUSTICA ELEI;0001;JULGAMENTO DE CAUSAS E GESTAO ADMINISTRATIVA;084782;AOSA ALIMEN;ALIMENTACAO DE SERVIDORES;0100;RECURSOS ORDINARIOS;1;ORCAMENTO FISCAL;3;DESPESAS CORRENTES;3;OUTRAS DESPESAS CORRENTES;30;MATERIAL DE CONSUMO;339030;MATERIAL DE CONSUMO;33903007;GENEROS DE ALIMENTACAO;1;ORDINARIO;12;PREGAO;-8;07/02/2018;FEV/2018;2018;070025000012018NE000097;00041862220176078100;2018NECT - FORNECIMENTO DE MATERIAIS DE CONSUMO (GENEROS ALIMENTICIOS) AO TRE-DF. PREGAO ELETRONICO Nº 29/2017, GRUPOS 1, 2, 4, 5, 6 E 7.;11020389000153;MAM RIBEIRO COMERCIO DE ALIMENTOS - ME;;;;;;;;49.500,00;;;;;;;;;;;;
14107;TRIBUNAL REGIONAL ELEITORAL DO DIST. FEDERAL;070025;TRIBUNAL REGIONAL ELEITORAL DO D. FEDERAL;02122057020GP0053;20GP;JULGAMENTO DE CAUSAS E GESTAO ADMINISTRATIVA NA JUSTICA ELEI;0001;JULGAMENTO DE CAUSAS E GESTAO ADMINISTRATIVA;084782;AOSA ALIMEN;ALIMENTACAO DE SERVIDORES;0100;RECURSOS ORDINARIOS;1;ORCAMENTO FISCAL;3;DESPESAS CORRENTES;3;OUTRAS DESPESAS CORRENTES;30;MATERIAL DE CONSUMO;339030;MATERIAL DE CONSUMO;33903007;GENEROS DE ALIMENTACAO;1;ORDINARIO;12;PREGAO;-8;07/02/2018;FEV/2018;2018;070025000012018NE000097;00041862220176078100;2018NECT - FORNECIMENTO DE MATERIAIS DE CONSUMO (GENEROS ALIMENTICIOS) AO TRE-DF. PREGAO ELETRONICO Nº 29/2017, GRUPOS 1, 2, 4, 5, 6 E 7.                   ANULACAO PARA CORRECAO DO TIPO DE EMPENHO.;11020389000153;MAM RIBEIRO COMERCIO DE ALIMENTOS - ME;;;;;;;;(49.500,00);;;;;;;;;;;;
14107;TRIBUNAL REGIONAL ELEITORAL DO DIST. FEDERAL;070025;TRIBUNAL REGIONAL ELEITORAL DO D. FEDERAL;02122057020GP0053;20GP;JULGAMENTO DE CAUSAS E GESTAO ADMINISTRATIVA NA JUSTICA ELEI;0001;JULGAMENTO DE CAUSAS E GESTAO ADMINISTRATIVA;084782;AOSA ALIMEN;ALIMENTACAO DE SERVIDORES;0100;RECURSOS ORDINARIOS;1;ORCAMENTO FISCAL;3;DESPESAS CORRENTES;3;OUTRAS DESPESAS CORRENTES;30;MATERIAL DE CONSUMO;339030;MATERIAL DE CONSUMO;33903007;GENEROS DE ALIMENTACAO;3;ESTIMATIVO;12;PREGAO;-8;07/02/2018;FEV/2018;2018;070025000012018NE000101;00041862220176078100;2018NECT - FORNECIMENTO DE MATERIAIS DE CONSUMO (GENEROS ALIMENTICIOS) AO TRE-DF. PREGAO ELETRONICO Nº 29/2017, GRUPO 3.;11615948000178;VELA NO VENTO LANCHES LTDA - ME;;;;;;;;4.620,00;;;;;;;;;;;;
14107;TRIBUNAL REGIONAL ELEITORAL DO DIST. FEDERAL;070025;TRIBUNAL REGIONAL ELEITORAL DO D. FEDERAL;02122057020GP0053;20GP;JULGAMENTO DE CAUSAS E GESTAO ADMINISTRATIVA NA JUSTICA ELEI;0001;JULGAMENTO DE CAUSAS E GESTAO ADMINISTRATIVA;084782;AOSA ALIMEN;ALIMENTACAO DE SERVIDORES;0100;RECURSOS ORDINARIOS;1;ORCAMENTO FISCAL;3;DESPESAS CORRENTES;3;OUTRAS DESPESAS CORRENTES;30;MATERIAL DE CONSUMO;339030;MATERIAL DE CONSUMO;33903007;GENEROS DE ALIMENTACAO;3;ESTIMATIVO;12;PREGAO;-8;07/02/2018;FEV/2018;2018;070025000012018NE000101;00041862220176078100;AJUSTE EMPENHO;11615948000178;VELA NO VENTO LANCHES LTDA - ME;;;;;;;;0,00;0,00;0,00;;;;;;;;;0,00;0,00
14107;TRIBUNAL REGIONAL ELEITORAL DO DIST. FEDERAL;070025;TRIBUNAL REGIONAL ELEITORAL DO D. FEDERAL;02122057020GP0053;20GP;JULGAMENTO DE CAUSAS E GESTAO ADMINISTRATIVA NA JUSTICA ELEI;0001;JULGAMENTO DE CAUSAS E GESTAO ADMINISTRATIVA;084782;AOSA ALIMEN;ALIMENTACAO DE SERVIDORES;0100;RECURSOS ORDINARIOS;1;ORCAMENTO FISCAL;3;DESPESAS CORRENTES;3;OUTRAS DESPESAS CORRENTES;30;MATERIAL DE CONSUMO;339030;MATERIAL DE CONSUMO;33903007;GENEROS DE ALIMENTACAO;3;ESTIMATIVO;12;PREGAO;-8;07/02/2018;FEV/2018;2018;070025000012018NE000101;00041862220176078100;PGTO NF 51. GENEROS ALIMENTICIOS. OPTANTE PELO SIMPLES. PA 817-83.2018;11615948000178;VELA NO VENTO LANCHES LTDA - ME;;;;;;;;0,00;1.063,87;1.063,87;;;;;;;;;1.063,87;1.063,87
14107;TRIBUNAL REGIONAL ELEITORAL DO DIST. FEDERAL;070025;TRIBUNAL REGIONAL ELEITORAL DO D. FEDERAL;02122057020GP0053;20GP;JULGAMENTO DE CAUSAS E GESTAO ADMINISTRATIVA NA JUSTICA ELEI;0001;JULGAMENTO DE CAUSAS E GESTAO ADMINISTRATIVA;084782;AOSA ALIMEN;ALIMENTACAO DE SERVIDORES;0100;RECURSOS ORDINARIOS;1;ORCAMENTO FISCAL;3;DESPESAS CORRENTES;3;OUTRAS DESPESAS CORRENTES;30;MATERIAL DE CONSUMO;339030;MATERIAL DE CONSUMO;33903007;GENEROS DE ALIMENTACAO;3;ESTIMATIVO;12;PREGAO;-8;07/02/2018;FEV/2018;2018;070025000012018NE000103;00041862220176078100;2018NECT - FORNECIMENTO DE MATERIAIS DE CONSUMO (GENEROS ALIMENTICIOS) AO TRE-DF. PREGAO ELETRONICO Nº 29/2017, GRUPOS 1, 2, 4, 5, 6 E 7.;11020389000153;MAM RIBEIRO COMERCIO DE ALIMENTOS - ME;;;;;;;;49.500,00;;;;;;;;;;;;
14107;TRIBUNAL REGIONAL ELEITORAL DO DIST. FEDERAL;070025;TRIBUNAL REGIONAL ELEITORAL DO D. FEDERAL;02122057020GP0053;20GP;JULGAMENTO DE CAUSAS E GESTAO ADMINISTRATIVA NA JUSTICA ELEI;0001;JULGAMENTO DE CAUSAS E GESTAO ADMINISTRATIVA;084782;AOSA ALIMEN;ALIMENTACAO DE SERVIDORES;0100;RECURSOS ORDINARIOS;1;ORCAMENTO FISCAL;3;DESPESAS CORRENTES;3;OUTRAS DESPESAS CORRENTES;30;MATERIAL DE CONSUMO;339030;MATERIAL DE CONSUMO;33903007;GENEROS DE ALIMENTACAO;3;ESTIMATIVO;12;PREGAO;-8;07/02/2018;FEV/2018;2018;070025000012018NE000103;00041862220176078100;PGTO NF 2434. SERVICOS DE TELECOMUNICACOES, MARCO/2018. RETENCAO IMP. FED. 5,85 (R$ 290,38), ISS 5,00 (R$ 248,19) E INSS 3,50 (R$ 173,73). PA 8122-89.2016.;11020389000153;MAM RIBEIRO COMERCIO DE ALIMENTOS - ME;;;;;;;;0,00;0,00;6.511,98;;;;;;;;;0,00;6.511,98
14107;TRIBUNAL REGIONAL ELEITORAL DO DIST. FEDERAL;070025;TRIBUNAL REGIONAL ELEITORAL DO D. FEDERAL;02122057020GP0053;20GP;JULGAMENTO DE CAUSAS E GESTAO ADMINISTRATIVA NA JUSTICA ELEI;0001;JULGAMENTO DE CAUSAS E GESTAO ADMINISTRATIVA;084782;AOSA ALIMEN;ALIMENTACAO DE SERVIDORES;0100;RECURSOS ORDINARIOS;1;ORCAMENTO FISCAL;3;DESPESAS CORRENTES;3;OUTRAS DESPESAS CORRENTES;30;MATERIAL DE CONSUMO;339030;MATERIAL DE CONSUMO;33903007;GENEROS DE ALIMENTACAO;3;ESTIMATIVO;12;PREGAO;-8;07/02/2018;FEV/2018;2018;070025000012018NE000103;00041862220176078100;PGTO NF 6311. AQUISICAO GENEROS ALIMENTICIOS. OPTANTE PELO SIMPLES. PA 816-98.2018;11020389000153;MAM RIBEIRO COMERCIO DE ALIMENTOS - ME;;;;;;;;0,00;6.511,98;;;;;;;;;;6.511,98;
14107;TRIBUNAL REGIONAL ELEITORAL DO DIST. FEDERAL;070025;TRIBUNAL REGIONAL ELEITORAL DO D. FEDERAL;02122057020GP0053;20GP;JULGAMENTO DE CAUSAS E GESTAO ADMINISTRATIVA NA JUSTICA ELEI;0001;JULGAMENTO DE CAUSAS E GESTAO ADMINISTRATIVA;084782;AOSA ALIMEN;ALIMENTACAO DE SERVIDORES;0127;CUSTAS E EMOLUMENTOS - PODER JUDICIARIO;1;ORCAMENTO FISCAL;3;DESPESAS CORRENTES;3;OUTRAS DESPESAS CORRENTES;30;MATERIAL DE CONSUMO;339030;MATERIAL DE CONSUMO;339030-9;NAO SE APLICA;-9;NAO SE APLICA;-9;NAO SE APLICA;-9;NAO SE APLICA;NAO SE APLICA;-9;-9;-9;2018NECT - AQUISICAO DE GENEROS ALIMENTICIOS (CAFE), CONF. ARP Nº 2/2018 - PREGAO ELETRONICO Nº 32/2017. O TERMO DE REFERENCIA DA CONTRATACAO INTEGRA A NE.;-9;NAO SE APLICA;;;;;(13.580,00);;;;;;;;;;;;;;;
14107;TRIBUNAL REGIONAL ELEITORAL DO DIST. FEDERAL;070025;TRIBUNAL REGIONAL ELEITORAL DO D. FEDERAL;02122057020GP0053;20GP;JULGAMENTO DE CAUSAS E GESTAO ADMINISTRATIVA NA JUSTICA ELEI;0001;JULGAMENTO DE CAUSAS E GESTAO ADMINISTRATIVA;084782;AOSA ALIMEN;ALIMENTACAO DE SERVIDORES;0127;CUSTAS E EMOLUMENTOS - PODER JUDICIARIO;1;ORCAMENTO FISCAL;3;DESPESAS CORRENTES;3;OUTRAS DESPESAS CORRENTES;30;MATERIAL DE CONSUMO;339030;MATERIAL DE CONSUMO;339030-9;NAO SE APLICA;-9;NAO SE APLICA;-9;NAO SE APLICA;-9;NAO SE APLICA;NAO SE APLICA;-9;-9;-9;2018NECT - AQUISICAO DE GENEROS ALIMENTICIOS (CAFE), CONF. ARP Nº 2/2018 - PREGAO PRESENCIAL Nº 32/2017. O TERMO DE REFERENCIA DA CONTRATACAO INTEGRA A NE.;-9;NAO SE APLICA;;;;;(13.580,00);;;;;;;;;;;;;;;
14107;TRIBUNAL REGIONAL ELEITORAL DO DIST. FEDERAL;070025;TRIBUNAL REGIONAL ELEITORAL DO D. FEDERAL;02122057020GP0053;20GP;JULGAMENTO DE CAUSAS E GESTAO ADMINISTRATIVA NA JUSTICA ELEI;0001;JULGAMENTO DE CAUSAS E GESTAO ADMINISTRATIVA;084782;AOSA ALIMEN;ALIMENTACAO DE SERVIDORES;0127;CUSTAS E EMOLUMENTOS - PODER JUDICIARIO;1;ORCAMENTO FISCAL;3;DESPESAS CORRENTES;3;OUTRAS DESPESAS CORRENTES;30;MATERIAL DE CONSUMO;339030;MATERIAL DE CONSUMO;339030-9;NAO SE APLICA;-9;NAO SE APLICA;-9;NAO SE APLICA;-9;NAO SE APLICA;NAO SE APLICA;-9;-9;-9;2018NECT - AQUISICAO DE GENEROS ALIMENTICIOS (CAFE), CONF. ARP Nº 2/2018 - PREGAO PRESENCIAL Nº 32/2017. O TERMO DE REFERENCIA DA CONTRATACAO INTEGRA A NE. ANULACAO.;-9;NAO SE APLICA;;;;;13.580,00;;;;;;;;;;;;;;;
14107;TRIBUNAL REGIONAL ELEITORAL DO DIST. FEDERAL;070025;TRIBUNAL REGIONAL ELEITORAL DO D. FEDERAL;02122057020GP0053;20GP;JULGAMENTO DE CAUSAS E GESTAO ADMINISTRATIVA NA JUSTICA ELEI;0001;JULGAMENTO DE CAUSAS E GESTAO ADMINISTRATIVA;084782;AOSA ALIMEN;ALIMENTACAO DE SERVIDORES;0127;CUSTAS E EMOLUMENTOS - PODER JUDICIARIO;1;ORCAMENTO FISCAL;3;DESPESAS CORRENTES;3;OUTRAS DESPESAS CORRENTES;30;MATERIAL DE CONSUMO;339030;MATERIAL DE CONSUMO;339030-9;NAO SE APLICA;-9;NAO SE APLICA;-9;NAO SE APLICA;-9;NAO SE APLICA;NAO SE APLICA;-9;-9;-9;2018NECT - FORNECIMENTO DE GENEROS ALIMENTICIOS (ADOCANTE E CHA), DE ACORDO C/O PREGAO ELETRONICO Nº 32/2017. O TERMO DE REFERENCIA DA PRESENTE  CONTRATACAOINTEGRA ESTA NOTA DE EMPENHO.;-9;NAO SE APLICA;;;;;(535,20);;;;;;;;;;;;;;;
14107;TRIBUNAL REGIONAL ELEITORAL DO DIST. FEDERAL;070025;TRIBUNAL REGIONAL ELEITORAL DO D. FEDERAL;02122057020GP0053;20GP;JULGAMENTO DE CAUSAS E GESTAO ADMINISTRATIVA NA JUSTICA ELEI;0001;JULGAMENTO DE CAUSAS E GESTAO ADMINISTRATIVA;084782;AOSA ALIMEN;ALIMENTACAO DE SERVIDORES;0127;CUSTAS E EMOLUMENTOS - PODER JUDICIARIO;1;ORCAMENTO FISCAL;3;DESPESAS CORRENTES;3;OUTRAS DESPESAS CORRENTES;30;MATERIAL DE CONSUMO;339030;MATERIAL DE CONSUMO;339030-9;NAO SE APLICA;-9;NAO SE APLICA;-9;NAO SE APLICA;-9;NAO SE APLICA;NAO SE APLICA;-9;-9;-9;ALTERACAO P/ EMISSAO DE NE - AQUISICAO DE GENERO ALIMENTICIO (CAFE).          (PA 0000286-94.2018.6.07.8100);-9;NAO SE APLICA;13.580,00;13.580,00;;;13.580,00;;;;;;;;;;;;;;;
14107;TRIBUNAL REGIONAL ELEITORAL DO DIST. FEDERAL;070025;TRIBUNAL REGIONAL ELEITORAL DO D. FEDERAL;02122057020GP0053;20GP;JULGAMENTO DE CAUSAS E GESTAO ADMINISTRATIVA NA JUSTICA ELEI;0001;JULGAMENTO DE CAUSAS E GESTAO ADMINISTRATIVA;084782;AOSA ALIMEN;ALIMENTACAO DE SERVIDORES;0127;CUSTAS E EMOLUMENTOS - PODER JUDICIARIO;1;ORCAMENTO FISCAL;3;DESPESAS CORRENTES;3;OUTRAS DESPESAS CORRENTES;30;MATERIAL DE CONSUMO;339030;MATERIAL DE CONSUMO;339030-9;NAO SE APLICA;-9;NAO SE APLICA;-9;NAO SE APLICA;-9;NAO SE APLICA;NAO SE APLICA;-9;-9;-9;ALTERACAO PARA EMISSAO DE NE - AQUISICAO DE GENEROS ALIMENTICIOS              (PA 0000280-87.2018);-9;NAO SE APLICA;535,20;535,20;;;535,20;;;;;;;;;;;;;;;
14107;TRIBUNAL REGIONAL ELEITORAL DO DIST. FEDERAL;070025;TRIBUNAL REGIONAL ELEITORAL DO D. FEDERAL;02122057020GP0053;20GP;JULGAMENTO DE CAUSAS E GESTAO ADMINISTRATIVA NA JUSTICA ELEI;0001;JULGAMENTO DE CAUSAS E GESTAO ADMINISTRATIVA;084782;AOSA ALIMEN;ALIMENTACAO DE SERVIDORES;0127;CUSTAS E EMOLUMENTOS - PODER JUDICIARIO;1;ORCAMENTO FISCAL;3;DESPESAS CORRENTES;3;OUTRAS DESPESAS CORRENTES;30;MATERIAL DE CONSUMO;339030;MATERIAL DE CONSUMO;33903007;GENEROS DE ALIMENTACAO;1;ORDINARIO;12;PREGAO;-8;26/03/2018;MAR/2018;2018;070025000012018NE000191;00002808720186078100;2018NECT - FORNECIMENTO DE GENEROS ALIMENTICIOS (ADOCANTE E CHA), DE ACORDO C/O PREGAO ELETRONICO Nº 32/2017. O TERMO DE REFERENCIA DA PRESENTE  CONTRATACAOINTEGRA ESTA NOTA DE EMPENHO.;04119118000194;JARDA COMERCIAL DE ALIMENTOS EIRELI - ME;;;;;;;;535,20;;;;;;;;;;;;
14107;TRIBUNAL REGIONAL ELEITORAL DO DIST. FEDERAL;070025;TRIBUNAL REGIONAL ELEITORAL DO D. FEDERAL;02122057020GP0053;20GP;JULGAMENTO DE CAUSAS E GESTAO ADMINISTRATIVA NA JUSTICA ELEI;0001;JULGAMENTO DE CAUSAS E GESTAO ADMINISTRATIVA;084782;AOSA ALIMEN;ALIMENTACAO DE SERVIDORES;0127;CUSTAS E EMOLUMENTOS - PODER JUDICIARIO;1;ORCAMENTO FISCAL;3;DESPESAS CORRENTES;3;OUTRAS DESPESAS CORRENTES;30;MATERIAL DE CONSUMO;339030;MATERIAL DE CONSUMO;33903007;GENEROS DE ALIMENTACAO;1;ORDINARIO;12;PREGAO;-8;26/03/2018;MAR/2018;2018;070025000012018NE000191;00002808720186078100;PGTO NF 4763. GENEROS ALIMENTICIOS. RETENCAO IMP. FED. 5,85 (R$ 31,31). PA 280-87.2018;04119118000194;JARDA COMERCIAL DE ALIMENTOS EIRELI - ME;;;;;;;;0,00;535,20;535,20;;;;;;;;;535,20;535,20
14107;TRIBUNAL REGIONAL ELEITORAL DO DIST. FEDERAL;070025;TRIBUNAL REGIONAL ELEITORAL DO D. FEDERAL;02122057020GP0053;20GP;JULGAMENTO DE CAUSAS E GESTAO ADMINISTRATIVA NA JUSTICA ELEI;0001;JULGAMENTO DE CAUSAS E GESTAO ADMINISTRATIVA;084782;AOSA ALIMEN;ALIMENTACAO DE SERVIDORES;0127;CUSTAS E EMOLUMENTOS - PODER JUDICIARIO;1;ORCAMENTO FISCAL;3;DESPESAS CORRENTES;3;OUTRAS DESPESAS CORRENTES;30;MATERIAL DE CONSUMO;339030;MATERIAL DE CONSUMO;33903007;GENEROS DE ALIMENTACAO;1;ORDINARIO;12;PREGAO;-8;13/04/2018;ABR/2018;2018;070025000012018NE000207;00002869420186078100;2018NECT - AQUISICAO DE GENEROS ALIMENTICIOS (CAFE), CONF. ARP Nº 2/2018 - PREGAO PRESENCIAL Nº 32/2017. O TERMO DE REFERENCIA DA CONTRATACAO INTEGRA A NE.;06985398000149;COMERCIO DE PRODUTOS ALIMENTICIOS DI PRIMEIRA - EIRELI;;;;;;;;13.580,00;;;;;;;;;;;;
14107;TRIBUNAL REGIONAL ELEITORAL DO DIST. FEDERAL;070025;TRIBUNAL REGIONAL ELEITORAL DO D. FEDERAL;02122057020GP0053;20GP;JULGAMENTO DE CAUSAS E GESTAO ADMINISTRATIVA NA JUSTICA ELEI;0001;JULGAMENTO DE CAUSAS E GESTAO ADMINISTRATIVA;084782;AOSA ALIMEN;ALIMENTACAO DE SERVIDORES;0127;CUSTAS E EMOLUMENTOS - PODER JUDICIARIO;1;ORCAMENTO FISCAL;3;DESPESAS CORRENTES;3;OUTRAS DESPESAS CORRENTES;30;MATERIAL DE CONSUMO;339030;MATERIAL DE CONSUMO;33903007;GENEROS DE ALIMENTACAO;1;ORDINARIO;12;PREGAO;-8;13/04/2018;ABR/2018;2018;070025000012018NE000207;00002869420186078100;2018NECT - AQUISICAO DE GENEROS ALIMENTICIOS (CAFE), CONF. ARP Nº 2/2018 - PREGAO PRESENCIAL Nº 32/2017. O TERMO DE REFERENCIA DA CONTRATACAO INTEGRA A NE. ANULACAO.;06985398000149;COMERCIO DE PRODUTOS ALIMENTICIOS DI PRIMEIRA - EIRELI;;;;;;;;(13.580,00);;;;;;;;;;;;
14107;TRIBUNAL REGIONAL ELEITORAL DO DIST. FEDERAL;070025;TRIBUNAL REGIONAL ELEITORAL DO D. FEDERAL;02122057020GP0053;20GP;JULGAMENTO DE CAUSAS E GESTAO ADMINISTRATIVA NA JUSTICA ELEI;0001;JULGAMENTO DE CAUSAS E GESTAO ADMINISTRATIVA;084782;AOSA ALIMEN;ALIMENTACAO DE SERVIDORES;0127;CUSTAS E EMOLUMENTOS - PODER JUDICIARIO;1;ORCAMENTO FISCAL;3;DESPESAS CORRENTES;3;OUTRAS DESPESAS CORRENTES;30;MATERIAL DE CONSUMO;339030;MATERIAL DE CONSUMO;33903007;GENEROS DE ALIMENTACAO;1;ORDINARIO;12;PREGAO;-8;13/04/2018;ABR/2018;2018;070025000012018NE000210;00002869420186078100;2018NECT - AQUISICAO DE GENEROS ALIMENTICIOS (CAFE), CONF. ARP Nº 2/2018 - PREGAO ELETRONICO Nº 32/2017. O TERMO DE REFERENCIA DA CONTRATACAO INTEGRA A NE.;06985398000149;COMERCIO DE PRODUTOS ALIMENTICIOS DI PRIMEIRA - EIRELI;;;;;;;;13.580,00;;;;;;;;;;;;
14107;TRIBUNAL REGIONAL ELEITORAL DO DIST. FEDERAL;070025;TRIBUNAL REGIONAL ELEITORAL DO D. FEDERAL;02122057020GP0053;20GP;JULGAMENTO DE CAUSAS E GESTAO ADMINISTRATIVA NA JUSTICA ELEI;0001;JULGAMENTO DE CAUSAS E GESTAO ADMINISTRATIVA;084782;AOSA ALIMEN;ALIMENTACAO DE SERVIDORES;0127;CUSTAS E EMOLUMENTOS - PODER JUDICIARIO;1;ORCAMENTO FISCAL;3;DESPESAS CORRENTES;3;OUTRAS DESPESAS CORRENTES;30;MATERIAL DE CONSUMO;339030;MATERIAL DE CONSUMO;33903007;GENEROS DE ALIMENTACAO;1;ORDINARIO;12;PREGAO;-8;13/04/2018;ABR/2018;2018;070025000012018NE000210;00002869420186078100;PGTO NF 2778. GENEROS ALIMENTICIOS. RETENCAO IMP. FED. 2,2 (R$ 298,76). PA 286-94.2018;06985398000149;COMERCIO DE PRODUTOS ALIMENTICIOS DI PRIMEIRA - EIRELI;;;;;;;;0,00;13.580,00;13.580,00;;;;;;;;;13.580,00;13.580,00
14107;TRIBUNAL REGIONAL ELEITORAL DO DIST. FEDERAL;070025;TRIBUNAL REGIONAL ELEITORAL DO D. FEDERAL;02122057020GP0053;20GP;JULGAMENTO DE CAUSAS E GESTAO ADMINISTRATIVA NA JUSTICA ELEI;0001;JULGAMENTO DE CAUSAS E GESTAO ADMINISTRATIVA;084782;AOSA ALIMEN;ALIMENTACAO DE SERVIDORES;0127;CUSTAS E EMOLUMENTOS - PODER JUDICIARIO;1;ORCAMENTO FISCAL;3;DESPESAS CORRENTES;3;OUTRAS DESPESAS CORRENTES;30;MATERIAL DE CONSUMO;339030;MATERIAL DE CONSUMO;33903007;GENEROS DE ALIMENTACAO;1;ORDINARIO;12;PREGAO;-8;13/04/2018;ABR/2018;2018;070025000012018NE000210;00002869420186078100;PGTO NF 2778. GENEROS ALIMENTICIOS. RETENCAO IMP. FED. 2,2 (R$ 298,76). PA 286-94.2018 ŽACERTO PARA ALTERACAO DA CONTA DE ESTOQUE.;06985398000149;COMERCIO DE PRODUTOS ALIMENTICIOS DI PRIMEIRA - EIRELI;;;;;;;;0,00;0,00;0,00;;;;;;;;;0,00;0,00
14107;TRIBUNAL REGIONAL ELEITORAL DO DIST. FEDERAL;070025;TRIBUNAL REGIONAL ELEITORAL DO D. FEDERAL;02122057020GP0053;20GP;JULGAMENTO DE CAUSAS E GESTAO ADMINISTRATIVA NA JUSTICA ELEI;0001;JULGAMENTO DE CAUSAS E GESTAO ADMINISTRATIVA;084782;AOSA APOIO;APOIO ADMINISTRATIVO, TECNICO E OPERACIONAL;0100;RECURSOS ORDINARIOS;1;ORCAMENTO FISCAL;3;DESPESAS CORRENTES;3;OUTRAS DESPESAS CORRENTES;35;SERVICOS DE CONSULTORIA;339035;SERVICOS DE CONSULTORIA;339035-9;NAO SE APLICA;-9;NAO SE APLICA;-9;NAO SE APLICA;-9;NAO SE APLICA;NAO SE APLICA;-9;-9;-9;14CT0006 - SERVICOS DE CONSULTORIA -AUDITORIA EXTERNA. PREGAO ELETRONICO Nº27/2013. CONTRATO Nº 06/2014.;-9;NAO SE APLICA;;;;;(47.145,44);;;;;;;;;;;;;;;
14107;TRIBUNAL REGIONAL ELEITORAL DO DIST. FEDERAL;070025;TRIBUNAL REGIONAL ELEITORAL DO D. FEDERAL;02122057020GP0053;20GP;JULGAMENTO DE CAUSAS E GESTAO ADMINISTRATIVA NA JUSTICA ELEI;0001;JULGAMENTO DE CAUSAS E GESTAO ADMINISTRATIVA;084782;AOSA APOIO;APOIO ADMINISTRATIVO, TECNICO E OPERACIONAL;0100;RECURSOS ORDINARIOS;1;ORCAMENTO FISCAL;3;DESPESAS CORRENTES;3;OUTRAS DESPESAS CORRENTES;35;SERVICOS DE CONSULTORIA;339035;SERVICOS DE CONSULTORIA;339035-9;NAO SE APLICA;-9;NAO SE APLICA;-9;NAO SE APLICA;-9;NAO SE APLICA;NAO SE APLICA;-9;-9;-9;14CT0006 - SERVICOS DE CONSULTORIA/AUDITORIA EXTERNA. PREGAO ELETRONICO Nº27/ 2013. CONTRATO Nº 06/2014. APOSTILAMENTO Nº 02. TERMO ADITIVO Nº 04.;-9;NAO SE APLICA;;;;;(232.727,20);;;;;;;;;;;;;;;
14107;TRIBUNAL REGIONAL ELEITORAL DO DIST. FEDERAL;070025;TRIBUNAL REGIONAL ELEITORAL DO D. FEDERAL;02122057020GP0053;20GP;JULGAMENTO DE CAUSAS E GESTAO ADMINISTRATIVA NA JUSTICA ELEI;0001;JULGAMENTO DE CAUSAS E GESTAO ADMINISTRATIVA;084782;AOSA APOIO;APOIO ADMINISTRATIVO, TECNICO E OPERACIONAL;0100;RECURSOS ORDINARIOS;1;ORCAMENTO FISCAL;3;DESPESAS CORRENTES;3;OUTRAS DESPESAS CORRENTES;35;SERVICOS DE CONSULTORIA;339035;SERVICOS DE CONSULTORIA;339035-9;NAO SE APLICA;-9;NAO SE APLICA;-9;NAO SE APLICA;-9;NAO SE APLICA;NAO SE APLICA;-9;-9;-9;17CT0061 - PRESTACAO DE SERVICO DE CONSULTORIA COM O OBJETIVO DE PROMOVER PES-QUISA DE CLIMA ORGANIZACIONAL NO TRE-DF, CONFORME CONTRATO Nº 61/2017.;-9;NAO SE APLICA;;;;;(39.880,00);;;;;;;;;;;;;;;
14107;TRIBUNAL REGIONAL ELEITORAL DO DIST. FEDERAL;070025;TRIBUNAL REGIONAL ELEITORAL DO D. FEDERAL;02122057020GP0053;20GP;JULGAMENTO DE CAUSAS E GESTAO ADMINISTRATIVA NA JUSTICA ELEI;0001;JULGAMENTO DE CAUSAS E GESTAO ADMINISTRATIVA;084782;AOSA APOIO;APOIO ADMINISTRATIVO, TECNICO E OPERACIONAL;0100;RECURSOS ORDINARIOS;1;ORCAMENTO FISCAL;3;DESPESAS CORRENTES;3;OUTRAS DESPESAS CORRENTES;35;SERVICOS DE CONSULTORIA;339035;SERVICOS DE CONSULTORIA;339035-9;NAO SE APLICA;-9;NAO SE APLICA;-9;NAO SE APLICA;-9;NAO SE APLICA;NAO SE APLICA;-9;-9;-9;ALTERACAO PARA EMISSAO DE NE - SERVICOS DE CONSULTORIA - AUDITORIA EXTERNA.   (PA 0010023-29.2015.6.07.8100);-9;NAO SE APLICA;47.145,44;47.145,44;;;47.145,44;;;;;;;;;;;;;;;
14107;TRIBUNAL REGIONAL ELEITORAL DO DIST. FEDERAL;070025;TRIBUNAL REGIONAL ELEITORAL DO D. FEDERAL;02122057020GP0053;20GP;JULGAMENTO DE CAUSAS E GESTAO ADMINISTRATIVA NA JUSTICA ELEI;0001;JULGAMENTO DE CAUSAS E GESTAO ADMINISTRATIVA;084782;AOSA APOIO;APOIO ADMINISTRATIVO, TECNICO E OPERACIONAL;0100;RECURSOS ORDINARIOS;1;ORCAMENTO FISCAL;3;DESPESAS CORRENTES;3;OUTRAS DESPESAS CORRENTES;35;SERVICOS DE CONSULTORIA;339035;SERVICOS DE CONSULTORIA;339035-9;NAO SE APLICA;-9;NAO SE APLICA;-9;NAO SE APLICA;-9;NAO SE APLICA;NAO SE APLICA;-9;-9;-9;ALTERACAO PARA EMISSAO DE NE. SERVICOS TECNICOS DE CONSULTORIA (PESQUISA DE   CLIMA ORGANIZACIONAL). PAE 0004579-44.2017.6.07.8100;-9;NAO SE APLICA;39.880,00;39.880,00;;;39.880,00;;;;;;;;;;;;;;;
14107;TRIBUNAL REGIONAL ELEITORAL DO DIST. FEDERAL;070025;TRIBUNAL REGIONAL ELEITORAL DO D. FEDERAL;02122057020GP0053;20GP;JULGAMENTO DE CAUSAS E GESTAO ADMINISTRATIVA NA JUSTICA ELEI;0001;JULGAMENTO DE CAUSAS E GESTAO ADMINISTRATIVA;084782;AOSA APOIO;APOIO ADMINISTRATIVO, TECNICO E OPERACIONAL;0100;RECURSOS ORDINARIOS;1;ORCAMENTO FISCAL;3;DESPESAS CORRENTES;3;OUTRAS DESPESAS CORRENTES;35;SERVICOS DE CONSULTORIA;339035;SERVICOS DE CONSULTORIA;339035-9;NAO SE APLICA;-9;NAO SE APLICA;-9;NAO SE APLICA;-9;NAO SE APLICA;NAO SE APLICA;-9;-9;-9;ALTERACAO PARA EMISSAO DE PE - SERVICOS DE AUDITORIA                          (PA 0010023-29.2015.6.07.8100);-9;NAO SE APLICA;232.727,20;232.727,20;;;232.727,20;;;;;;;;;;;;;;;
14107;TRIBUNAL REGIONAL ELEITORAL DO DIST. FEDERAL;070025;TRIBUNAL REGIONAL ELEITORAL DO D. FEDERAL;02122057020GP0053;20GP;JULGAMENTO DE CAUSAS E GESTAO ADMINISTRATIVA NA JUSTICA ELEI;0001;JULGAMENTO DE CAUSAS E GESTAO ADMINISTRATIVA;084782;AOSA APOIO;APOIO ADMINISTRATIVO, TECNICO E OPERACIONAL;0100;RECURSOS ORDINARIOS;1;ORCAMENTO FISCAL;3;DESPESAS CORRENTES;3;OUTRAS DESPESAS CORRENTES;35;SERVICOS DE CONSULTORIA;339035;SERVICOS DE CONSULTORIA;339035-9;NAO SE APLICA;-9;NAO SE APLICA;-9;NAO SE APLICA;-9;NAO SE APLICA;NAO SE APLICA;-9;-9;-9;SERVICOS DE CONSULTORIA - AUDITORIA EXTERNA (PA 0010023-29.2015.6.07.8100);-9;NAO SE APLICA;;;;;(232.727,20);232.727,20;232.727,20;;;;;;;;;;;;;
14107;TRIBUNAL REGIONAL ELEITORAL DO DIST. FEDERAL;070025;TRIBUNAL REGIONAL ELEITORAL DO D. FEDERAL;02122057020GP0053;20GP;JULGAMENTO DE CAUSAS E GESTAO ADMINISTRATIVA NA JUSTICA ELEI;0001;JULGAMENTO DE CAUSAS E GESTAO ADMINISTRATIVA;084782;AOSA APOIO;APOIO ADMINISTRATIVO, TECNICO E OPERACIONAL;0100;RECURSOS ORDINARIOS;1;ORCAMENTO FISCAL;3;DESPESAS CORRENTES;3;OUTRAS DESPESAS CORRENTES;35;SERVICOS DE CONSULTORIA;339035;SERVICOS DE CONSULTORIA;339035-9;NAO SE APLICA;-9;NAO SE APLICA;-9;NAO SE APLICA;-9;NAO SE APLICA;NAO SE APLICA;-9;-9;-9;SERVICOS DE CONSULTORIA - AUDITORIA EXTERNA (PA 0010023-29.2015.6.07.8100)    ANULACAO PARA REFORCO DA NE 110/2018;-9;NAO SE APLICA;;;;;232.727,20;(232.727,20);(232.727,20);;;;;;;;;;;;;
14107;TRIBUNAL REGIONAL ELEITORAL DO DIST. FEDERAL;070025;TRIBUNAL REGIONAL ELEITORAL DO D. FEDERAL;02122057020GP0053;20GP;JULGAMENTO DE CAUSAS E GESTAO ADMINISTRATIVA NA JUSTICA ELEI;0001;JULGAMENTO DE CAUSAS E GESTAO ADMINISTRATIVA;084782;AOSA APOIO;APOIO ADMINISTRATIVO, TECNICO E OPERACIONAL;0100;RECURSOS ORDINARIOS;1;ORCAMENTO FISCAL;3;DESPESAS CORRENTES;3;OUTRAS DESPESAS CORRENTES;35;SERVICOS DE CONSULTORIA;339035;SERVICOS DE CONSULTORIA;33903501;ASSESSORIA E CONSULTORIA TECNICA OU JURIDICA;5;GLOBAL;07;INEXIGIBILIDADE;02;16/01/2018;JAN/2018;2018;070025000012018NE000061;00045794420176078100;17CT0061 - PRESTACAO DE SERVICO DE CONSULTORIA COM O OBJETIVO DE PROMOVER PES-QUISA DE CLIMA ORGANIZACIONAL NO TRE-DF, CONFORME CONTRATO Nº 61/2017.;07814462000191;SISTEMA BOOG DE CONSULTORIA LTDA.;;;;;;;;39.880,00;;;;;;;;;;;;
14107;TRIBUNAL REGIONAL ELEITORAL DO DIST. FEDERAL;070025;TRIBUNAL REGIONAL ELEITORAL DO D. FEDERAL;02122057020GP0053;20GP;JULGAMENTO DE CAUSAS E GESTAO ADMINISTRATIVA NA JUSTICA ELEI;0001;JULGAMENTO DE CAUSAS E GESTAO ADMINISTRATIVA;084782;AOSA APOIO;APOIO ADMINISTRATIVO, TECNICO E OPERACIONAL;0100;RECURSOS ORDINARIOS;1;ORCAMENTO FISCAL;3;DESPESAS CORRENTES;3;OUTRAS DESPESAS CORRENTES;35;SERVICOS DE CONSULTORIA;339035;SERVICOS DE CONSULTORIA;33903501;ASSESSORIA E CONSULTORIA TECNICA OU JURIDICA;5;GLOBAL;07;INEXIGIBILIDADE;02;16/01/2018;JAN/2018;2018;070025000012018NE000061;00045794420176078100;PGTO NF 455. PESQUISA CLIMA ORGANIZACIONAL. RETENCAO IMP. FEDERAIS 9,45 (R$ 1.134,00). PA 4579-44.2017;07814462000191;SISTEMA BOOG DE CONSULTORIA LTDA.;;;;;;;;0,00;12.000,00;12.000,00;;;;;;;;;12.000,00;12.000,00
14107;TRIBUNAL REGIONAL ELEITORAL DO DIST. FEDERAL;070025;TRIBUNAL REGIONAL ELEITORAL DO D. FEDERAL;02122057020GP0053;20GP;JULGAMENTO DE CAUSAS E GESTAO ADMINISTRATIVA NA JUSTICA ELEI;0001;JULGAMENTO DE CAUSAS E GESTAO ADMINISTRATIVA;084782;AOSA APOIO;APOIO ADMINISTRATIVO, TECNICO E OPERACIONAL;0100;RECURSOS ORDINARIOS;1;ORCAMENTO FISCAL;3;DESPESAS CORRENTES;3;OUTRAS DESPESAS CORRENTES;35;SERVICOS DE CONSULTORIA;339035;SERVICOS DE CONSULTORIA;33903501;ASSESSORIA E CONSULTORIA TECNICA OU JURIDICA;5;GLOBAL;07;INEXIGIBILIDADE;02;16/01/2018;JAN/2018;2018;070025000012018NE000061;00045794420176078100;PGTO NF 456. PESQUISA CLIMA ORGANIZACIONAL. RETENCAO IMP. FEDERAIS 9,45 (R$ 2.634,66). PA 4579-44.2017;07814462000191;SISTEMA BOOG DE CONSULTORIA LTDA.;;;;;;;;0,00;27.880,00;27.880,00;;;;;;;;;27.880,00;27.880,00
14107;TRIBUNAL REGIONAL ELEITORAL DO DIST. FEDERAL;070025;TRIBUNAL REGIONAL ELEITORAL DO D. FEDERAL;02122057020GP0053;20GP;JULGAMENTO DE CAUSAS E GESTAO ADMINISTRATIVA NA JUSTICA ELEI;0001;JULGAMENTO DE CAUSAS E GESTAO ADMINISTRATIVA;084782;AOSA APOIO;APOIO ADMINISTRATIVO, TECNICO E OPERACIONAL;0100;RECURSOS ORDINARIOS;1;ORCAMENTO FISCAL;3;DESPESAS CORRENTES;3;OUTRAS DESPESAS CORRENTES;35;SERVICOS DE CONSULTORIA;339035;SERVICOS DE CONSULTORIA;33903502;AUDITORIA EXTERNA;5;GLOBAL;12;PREGAO;-8;15/02/2018;FEV/2018;2018;070025000012018NE000110;00100232920156078100;14CT0006 - SERVICOS DE CONSULTORIA -AUDITORIA EXTERNA. PREGAO ELETRONICO Nº27/2013. CONTRATO Nº 06/2014.;05285983000173;AUDICARE CONSULTORIA AUDITORIA E GESTAO EM SAUDE LTDA;;;;;;;;47.145,44;;;;;;;;;;;;
14107;TRIBUNAL REGIONAL ELEITORAL DO DIST. FEDERAL;070025;TRIBUNAL REGIONAL ELEITORAL DO D. FEDERAL;02122057020GP0053;20GP;JULGAMENTO DE CAUSAS E GESTAO ADMINISTRATIVA NA JUSTICA ELEI;0001;JULGAMENTO DE CAUSAS E GESTAO ADMINISTRATIVA;084782;AOSA APOIO;APOIO ADMINISTRATIVO, TECNICO E OPERACIONAL;0100;RECURSOS ORDINARIOS;1;ORCAMENTO FISCAL;3;DESPESAS CORRENTES;3;OUTRAS DESPESAS CORRENTES;35;SERVICOS DE CONSULTORIA;339035;SERVICOS DE CONSULTORIA;33903502;AUDITORIA EXTERNA;5;GLOBAL;12;PREGAO;-8;15/02/2018;FEV/2018;2018;070025000012018NE000110;00100232920156078100;14CT0006 - SERVICOS DE CONSULTORIA/AUDITORIA EXTERNA. PREGAO ELETRONICO Nº27/ 2013. CONTRATO Nº 06/2014. APOSTILAMENTO Nº 02. TERMO ADITIVO Nº 04.;05285983000173;AUDICARE CONSULTORIA AUDITORIA E GESTAO EM SAUDE LTDA;;;;;;;;232.727,20;;;;;;;;;;;;
14107;TRIBUNAL REGIONAL ELEITORAL DO DIST. FEDERAL;070025;TRIBUNAL REGIONAL ELEITORAL DO D. FEDERAL;02122057020GP0053;20GP;JULGAMENTO DE CAUSAS E GESTAO ADMINISTRATIVA NA JUSTICA ELEI;0001;JULGAMENTO DE CAUSAS E GESTAO ADMINISTRATIVA;084782;AOSA APOIO;APOIO ADMINISTRATIVO, TECNICO E OPERACIONAL;0100;RECURSOS ORDINARIOS;1;ORCAMENTO FISCAL;3;DESPESAS CORRENTES;3;OUTRAS DESPESAS CORRENTES;35;SERVICOS DE CONSULTORIA;339035;SERVICOS DE CONSULTORIA;33903502;AUDITORIA EXTERNA;5;GLOBAL;12;PREGAO;-8;15/02/2018;FEV/2018;2018;070025000012018NE000110;00100232920156078100;ERRO VINCULACAO;05285983000173;AUDICARE CONSULTORIA AUDITORIA E GESTAO EM SAUDE LTDA;;;;;;;;0,00;0,00;(3.362,91);;;;;;;;;0,00;(3.362,91)
14107;TRIBUNAL REGIONAL ELEITORAL DO DIST. FEDERAL;070025;TRIBUNAL REGIONAL ELEITORAL DO D. FEDERAL;02122057020GP0053;20GP;JULGAMENTO DE CAUSAS E GESTAO ADMINISTRATIVA NA JUSTICA ELEI;0001;JULGAMENTO DE CAUSAS E GESTAO ADMINISTRATIVA;084782;AOSA APOIO;APOIO ADMINISTRATIVO, TECNICO E OPERACIONAL;0100;RECURSOS ORDINARIOS;1;ORCAMENTO FISCAL;3;DESPESAS CORRENTES;3;OUTRAS DESPESAS CORRENTES;35;SERVICOS DE CONSULTORIA;339035;SERVICOS DE CONSULTORIA;33903502;AUDITORIA EXTERNA;5;GLOBAL;12;PREGAO;-8;15/02/2018;FEV/2018;2018;070025000012018NE000110;00100232920156078100;PAGTO NF 1.866. SERVICOS DE CONSULTORIA AUDITORIA E GESTAO DE SAUDE,5/3/2018 A 4/4/2018. RET. IMP. FED. 9,45 (RS 2.195,49) E ISS 5,00 (R$ 1.161,64). PA. 1534-66.2016.;05285983000173;AUDICARE CONSULTORIA AUDITORIA E GESTAO EM SAUDE LTDA;;;;;;;;0,00;23.232,72;23.232,72;;;;;;;;;23.232,72;23.232,72
14107;TRIBUNAL REGIONAL ELEITORAL DO DIST. FEDERAL;070025;TRIBUNAL REGIONAL ELEITORAL DO D. FEDERAL;02122057020GP0053;20GP;JULGAMENTO DE CAUSAS E GESTAO ADMINISTRATIVA NA JUSTICA ELEI;0001;JULGAMENTO DE CAUSAS E GESTAO ADMINISTRATIVA;084782;AOSA APOIO;APOIO ADMINISTRATIVO, TECNICO E OPERACIONAL;0100;RECURSOS ORDINARIOS;1;ORCAMENTO FISCAL;3;DESPESAS CORRENTES;3;OUTRAS DESPESAS CORRENTES;35;SERVICOS DE CONSULTORIA;339035;SERVICOS DE CONSULTORIA;33903502;AUDITORIA EXTERNA;5;GLOBAL;12;PREGAO;-8;15/02/2018;FEV/2018;2018;070025000012018NE000110;00100232920156078100;PAGTO NF 1708. SERVICOS DE CONSULTORIA AUDITORIA E GESTAO DE SAUDE, 1/1/2018 A 4/1/2018. RET. IMP. FED. 9,45 (RS 297,02) E ISS 5,00 (R$ 157,15). PA. 1534-66.2016.;05285983000173;AUDICARE CONSULTORIA AUDITORIA E GESTAO EM SAUDE LTDA;;;;;;;;0,00;3.143,03;3.143,03;;;;;;;;;3.143,03;3.143,03
14107;TRIBUNAL REGIONAL ELEITORAL DO DIST. FEDERAL;070025;TRIBUNAL REGIONAL ELEITORAL DO D. FEDERAL;02122057020GP0053;20GP;JULGAMENTO DE CAUSAS E GESTAO ADMINISTRATIVA NA JUSTICA ELEI;0001;JULGAMENTO DE CAUSAS E GESTAO ADMINISTRATIVA;084782;AOSA APOIO;APOIO ADMINISTRATIVO, TECNICO E OPERACIONAL;0100;RECURSOS ORDINARIOS;1;ORCAMENTO FISCAL;3;DESPESAS CORRENTES;3;OUTRAS DESPESAS CORRENTES;35;SERVICOS DE CONSULTORIA;339035;SERVICOS DE CONSULTORIA;33903502;AUDITORIA EXTERNA;5;GLOBAL;12;PREGAO;-8;15/02/2018;FEV/2018;2018;070025000012018NE000110;00100232920156078100;PAGTO NF 1741. SERVICOS DE CONSULTORIA AUDITORIA E GESTAO DE SAUDE,5/1/2018 A 4/2/2018. RET. IMP. FED. 9,45 (RS 2.227,62) E ISS 5,00 (R$ 1.178,64). PA. 1534-66.2016.;05285983000173;AUDICARE CONSULTORIA AUDITORIA E GESTAO EM SAUDE LTDA;;;;;;;;0,00;23.572,72;23.572,72;;;;;;;;;23.572,72;23.572,72
14107;TRIBUNAL REGIONAL ELEITORAL DO DIST. FEDERAL;070025;TRIBUNAL REGIONAL ELEITORAL DO D. FEDERAL;02122057020GP0053;20GP;JULGAMENTO DE CAUSAS E GESTAO ADMINISTRATIVA NA JUSTICA ELEI;0001;JULGAMENTO DE CAUSAS E GESTAO ADMINISTRATIVA;084782;AOSA APOIO;APOIO ADMINISTRATIVO, TECNICO E OPERACIONAL;0100;RECURSOS ORDINARIOS;1;ORCAMENTO FISCAL;3;DESPESAS CORRENTES;3;OUTRAS DESPESAS CORRENTES;35;SERVICOS DE CONSULTORIA;339035;SERVICOS DE CONSULTORIA;33903502;AUDITORIA EXTERNA;5;GLOBAL;12;PREGAO;-8;15/02/2018;FEV/2018;2018;070025000012018NE000110;00100232920156078100;PAGTO NF 18121. SERVICOS DE CONSULTORIA AUDITORIA E GESTAO DE SAUDE,5/2/2018 A 4/3/2018. RET. IMP. FED. 9,45 (RS 2.227,62) E ISS 5,00 (R$ 1.178,64). PA. 1534-66.2016.;05285983000173;AUDICARE CONSULTORIA AUDITORIA E GESTAO EM SAUDE LTDA;;;;;;;;0,00;23.572,72;23.572,72;;;;;;;;;23.572,72;23.572,72
14107;TRIBUNAL REGIONAL ELEITORAL DO DIST. FEDERAL;070025;TRIBUNAL REGIONAL ELEITORAL DO D. FEDERAL;02122057020GP0053;20GP;JULGAMENTO DE CAUSAS E GESTAO ADMINISTRATIVA NA JUSTICA ELEI;0001;JULGAMENTO DE CAUSAS E GESTAO ADMINISTRATIVA;084782;AOSA APOIO;APOIO ADMINISTRATIVO, TECNICO E OPERACIONAL;0100;RECURSOS ORDINARIOS;1;ORCAMENTO FISCAL;3;DESPESAS CORRENTES;3;OUTRAS DESPESAS CORRENTES;35;SERVICOS DE CONSULTORIA;339035;SERVICOS DE CONSULTORIA;33903502;AUDITORIA EXTERNA;5;GLOBAL;12;PREGAO;-8;15/02/2018;FEV/2018;2018;070025000012018NE000110;00100232920156078100;PAGTO NF 1913. SERVICOS DE CONSULTORIA AUDITORIA E GESTAO DE SAUDE,5/4/2018 A 4/5/2018. RET. IMP. FED. 9,45 (RS 2.199,27) E ISS 5,00 (R$ 1.163,64). PA. 1534-66.2016.;05285983000173;AUDICARE CONSULTORIA AUDITORIA E GESTAO EM SAUDE LTDA;;;;;;;;0,00;23.272,72;26.635,63;;;;;;;;;23.272,72;26.635,63
14107;TRIBUNAL REGIONAL ELEITORAL DO DIST. FEDERAL;070025;TRIBUNAL REGIONAL ELEITORAL DO D. FEDERAL;02122057020GP0053;20GP;JULGAMENTO DE CAUSAS E GESTAO ADMINISTRATIVA NA JUSTICA ELEI;0001;JULGAMENTO DE CAUSAS E GESTAO ADMINISTRATIVA;084782;AOSA APOIO;APOIO ADMINISTRATIVO, TECNICO E OPERACIONAL;0100;RECURSOS ORDINARIOS;1;ORCAMENTO FISCAL;3;DESPESAS CORRENTES;3;OUTRAS DESPESAS CORRENTES;37;LOCACAO DE MAO-DE-OBRA;339037;LOCACAO DE MAO-DE-OBRA;339037-9;NAO SE APLICA;-9;NAO SE APLICA;-9;NAO SE APLICA;-9;NAO SE APLICA;NAO SE APLICA;-9;-9;-9;13CT0004 - PRESTACAO DE SERVICOS DE AUXILIAR DE SAUDE BUCAL. CONTRATO Nº 04/13APOSTILAMENTO Nº 03 E TERMO ADITIVO Nº 07.;-9;NAO SE APLICA;;;;;(35.179,03);;;;;;;;;;;;;;;
14107;TRIBUNAL REGIONAL ELEITORAL DO DIST. FEDERAL;070025;TRIBUNAL REGIONAL ELEITORAL DO D. FEDERAL;02122057020GP0053;20GP;JULGAMENTO DE CAUSAS E GESTAO ADMINISTRATIVA NA JUSTICA ELEI;0001;JULGAMENTO DE CAUSAS E GESTAO ADMINISTRATIVA;084782;AOSA APOIO;APOIO ADMINISTRATIVO, TECNICO E OPERACIONAL;0100;RECURSOS ORDINARIOS;1;ORCAMENTO FISCAL;3;DESPESAS CORRENTES;3;OUTRAS DESPESAS CORRENTES;37;LOCACAO DE MAO-DE-OBRA;339037;LOCACAO DE MAO-DE-OBRA;339037-9;NAO SE APLICA;-9;NAO SE APLICA;-9;NAO SE APLICA;-9;NAO SE APLICA;NAO SE APLICA;-9;-9;-9;14CT0026 - PRESTACAO DE SERVICOS TERCEIRIZADOS DE CONDUCAO DE VEICULOS OFICI- AIS - PREGAO ELETRONICO Nº 02/14. CONTRATO Nº 26/2014. TERMO ADITIVO Nº 08.;-9;NAO SE APLICA;;;;;(494.153,52);;;;;;;;;;;;;;;
14107;TRIBUNAL REGIONAL ELEITORAL DO DIST. FEDERAL;070025;TRIBUNAL REGIONAL ELEITORAL DO D. FEDERAL;02122057020GP0053;20GP;JULGAMENTO DE CAUSAS E GESTAO ADMINISTRATIVA NA JUSTICA ELEI;0001;JULGAMENTO DE CAUSAS E GESTAO ADMINISTRATIVA;084782;AOSA APOIO;APOIO ADMINISTRATIVO, TECNICO E OPERACIONAL;0100;RECURSOS ORDINARIOS;1;ORCAMENTO FISCAL;3;DESPESAS CORRENTES;3;OUTRAS DESPESAS CORRENTES;37;LOCACAO DE MAO-DE-OBRA;339037;LOCACAO DE MAO-DE-OBRA;339037-9;NAO SE APLICA;-9;NAO SE APLICA;-9;NAO SE APLICA;-9;NAO SE APLICA;NAO SE APLICA;-9;-9;-9;16CT0019 - PRESTACAO DE SERVICOS CONTINUADOS DE TELECOMUNICACOES, CONFORME CONTRATO Nº 19/2016. TERMO ADITIVO Nº 03.;-9;NAO SE APLICA;;;;;(39.709,76);;;;;;;;;;;;;;;
14107;TRIBUNAL REGIONAL ELEITORAL DO DIST. FEDERAL;070025;TRIBUNAL REGIONAL ELEITORAL DO D. FEDERAL;02122057020GP0053;20GP;JULGAMENTO DE CAUSAS E GESTAO ADMINISTRATIVA NA JUSTICA ELEI;0001;JULGAMENTO DE CAUSAS E GESTAO ADMINISTRATIVA;084782;AOSA APOIO;APOIO ADMINISTRATIVO, TECNICO E OPERACIONAL;0100;RECURSOS ORDINARIOS;1;ORCAMENTO FISCAL;3;DESPESAS CORRENTES;3;OUTRAS DESPESAS CORRENTES;37;LOCACAO DE MAO-DE-OBRA;339037;LOCACAO DE MAO-DE-OBRA;339037-9;NAO SE APLICA;-9;NAO SE APLICA;-9;NAO SE APLICA;-9;NAO SE APLICA;NAO SE APLICA;-9;-9;-9;16CT0019 - PRESTACAO DE SERVICOS CONTINUADOS DE TELECOMUNICACOES, CONFORME CONTRATO Nº 19/2016. TERMO ADITIVO Nº 04. REFORCO.;-9;NAO SE APLICA;;;;;(19.116,28);;;;;;;;;;;;;;;
14107;TRIBUNAL REGIONAL ELEITORAL DO DIST. FEDERAL;070025;TRIBUNAL REGIONAL ELEITORAL DO D. FEDERAL;02122057020GP0053;20GP;JULGAMENTO DE CAUSAS E GESTAO ADMINISTRATIVA NA JUSTICA ELEI;0001;JULGAMENTO DE CAUSAS E GESTAO ADMINISTRATIVA;084782;AOSA APOIO;APOIO ADMINISTRATIVO, TECNICO E OPERACIONAL;0100;RECURSOS ORDINARIOS;1;ORCAMENTO FISCAL;3;DESPESAS CORRENTES;3;OUTRAS DESPESAS CORRENTES;37;LOCACAO DE MAO-DE-OBRA;339037;LOCACAO DE MAO-DE-OBRA;339037-9;NAO SE APLICA;-9;NAO SE APLICA;-9;NAO SE APLICA;-9;NAO SE APLICA;NAO SE APLICA;-9;-9;-9;17CT0035 - PRESTACAO DE SERVICOS CONTINUADOS DE APOIO ADMINISTRATIVO, DE  ACORDO COM O CONTRATO Nº 35/2017.;-9;NAO SE APLICA;;;;;(1.784.154,00);;;;;;;;;;;;;;;
14107;TRIBUNAL REGIONAL ELEITORAL DO DIST. FEDERAL;070025;TRIBUNAL REGIONAL ELEITORAL DO D. FEDERAL;02122057020GP0053;20GP;JULGAMENTO DE CAUSAS E GESTAO ADMINISTRATIVA NA JUSTICA ELEI;0001;JULGAMENTO DE CAUSAS E GESTAO ADMINISTRATIVA;084782;AOSA APOIO;APOIO ADMINISTRATIVO, TECNICO E OPERACIONAL;0100;RECURSOS ORDINARIOS;1;ORCAMENTO FISCAL;3;DESPESAS CORRENTES;3;OUTRAS DESPESAS CORRENTES;37;LOCACAO DE MAO-DE-OBRA;339037;LOCACAO DE MAO-DE-OBRA;339037-9;NAO SE APLICA;-9;NAO SE APLICA;-9;NAO SE APLICA;-9;NAO SE APLICA;NAO SE APLICA;-9;-9;-9;18CT0015 - PRESTACAO DE SERVICOS CONTINUADOS DE AUXILIAR DE SAUDE BUCAL.      PREGAO ELETRONICO Nº 05/2018. CONTRATO Nº 15/2018.;-9;NAO SE APLICA;;;;;(71.876,53);;;;;;;;;;;;;;;
14107;TRIBUNAL REGIONAL ELEITORAL DO DIST. FEDERAL;070025;TRIBUNAL REGIONAL ELEITORAL DO D. FEDERAL;02122057020GP0053;20GP;JULGAMENTO DE CAUSAS E GESTAO ADMINISTRATIVA NA JUSTICA ELEI;0001;JULGAMENTO DE CAUSAS E GESTAO ADMINISTRATIVA;084782;AOSA APOIO;APOIO ADMINISTRATIVO, TECNICO E OPERACIONAL;0100;RECURSOS ORDINARIOS;1;ORCAMENTO FISCAL;3;DESPESAS CORRENTES;3;OUTRAS DESPESAS CORRENTES;37;LOCACAO DE MAO-DE-OBRA;339037;LOCACAO DE MAO-DE-OBRA;339037-9;NAO SE APLICA;-9;NAO SE APLICA;-9;NAO SE APLICA;-9;NAO SE APLICA;NAO SE APLICA;-9;-9;-9;ALTERACAO PARA EMISSAO DE NE. SERV. TERC. DE CONDUCAO DE VEICULOS OFICIAIS.   PAE 0002722-94.2016.6.07.8100;-9;NAO SE APLICA;494.153,52;494.153,52;;;494.153,52;;;;;;;;;;;;;;;
14107;TRIBUNAL REGIONAL ELEITORAL DO DIST. FEDERAL;070025;TRIBUNAL REGIONAL ELEITORAL DO D. FEDERAL;02122057020GP0053;20GP;JULGAMENTO DE CAUSAS E GESTAO ADMINISTRATIVA NA JUSTICA ELEI;0001;JULGAMENTO DE CAUSAS E GESTAO ADMINISTRATIVA;084782;AOSA APOIO;APOIO ADMINISTRATIVO, TECNICO E OPERACIONAL;0100;RECURSOS ORDINARIOS;1;ORCAMENTO FISCAL;3;DESPESAS CORRENTES;3;OUTRAS DESPESAS CORRENTES;37;LOCACAO DE MAO-DE-OBRA;339037;LOCACAO DE MAO-DE-OBRA;339037-9;NAO SE APLICA;-9;NAO SE APLICA;-9;NAO SE APLICA;-9;NAO SE APLICA;NAO SE APLICA;-9;-9;-9;ALTERACAO PARA EMISSAO DE NE. SERVICOS CONTINUADOS DE APOIO ADMINISTRATIVO, COPA E COZINHA. PAE 0003305-45.2017.6.07.8100;-9;NAO SE APLICA;1.784.154,00;1.784.154,00;;;1.784.154,00;;;;;;;;;;;;;;;
14107;TRIBUNAL REGIONAL ELEITORAL DO DIST. FEDERAL;070025;TRIBUNAL REGIONAL ELEITORAL DO D. FEDERAL;02122057020GP0053;20GP;JULGAMENTO DE CAUSAS E GESTAO ADMINISTRATIVA NA JUSTICA ELEI;0001;JULGAMENTO DE CAUSAS E GESTAO ADMINISTRATIVA;084782;AOSA APOIO;APOIO ADMINISTRATIVO, TECNICO E OPERACIONAL;0100;RECURSOS ORDINARIOS;1;ORCAMENTO FISCAL;3;DESPESAS CORRENTES;3;OUTRAS DESPESAS CORRENTES;37;LOCACAO DE MAO-DE-OBRA;339037;LOCACAO DE MAO-DE-OBRA;339037-9;NAO SE APLICA;-9;NAO SE APLICA;-9;NAO SE APLICA;-9;NAO SE APLICA;NAO SE APLICA;-9;-9;-9;ALTERACAO PARA EMISSAO DE NE. SERVICOS CONTINUADOS DE TELECOMUNICACOES.       PAE 0000037-80.2017.6.07.8100;-9;NAO SE APLICA;39.709,76;39.709,76;;;39.709,76;;;;;;;;;;;;;;;
14107;TRIBUNAL REGIONAL ELEITORAL DO DIST. FEDERAL;070025;TRIBUNAL REGIONAL ELEITORAL DO D. FEDERAL;02122057020GP0053;20GP;JULGAMENTO DE CAUSAS E GESTAO ADMINISTRATIVA NA JUSTICA ELEI;0001;JULGAMENTO DE CAUSAS E GESTAO ADMINISTRATIVA;084782;AOSA APOIO;APOIO ADMINISTRATIVO, TECNICO E OPERACIONAL;0100;RECURSOS ORDINARIOS;1;ORCAMENTO FISCAL;3;DESPESAS CORRENTES;3;OUTRAS DESPESAS CORRENTES;37;LOCACAO DE MAO-DE-OBRA;339037;LOCACAO DE MAO-DE-OBRA;339037-9;NAO SE APLICA;-9;NAO SE APLICA;-9;NAO SE APLICA;-9;NAO SE APLICA;NAO SE APLICA;-9;-9;-9;ALTERACAO PARA EMISSAO DE NE. SERVICOS DE AUXILIAR DE SAUDE BUCAL.            PAE 0003843-60.2016.6.07.8100;-9;NAO SE APLICA;35.179,03;35.179,03;;;35.179,03;;;;;;;;;;;;;;;
14107;TRIBUNAL REGIONAL ELEITORAL DO DIST. FEDERAL;070025;TRIBUNAL REGIONAL ELEITORAL DO D. FEDERAL;02122057020GP0053;20GP;JULGAMENTO DE CAUSAS E GESTAO ADMINISTRATIVA NA JUSTICA ELEI;0001;JULGAMENTO DE CAUSAS E GESTAO ADMINISTRATIVA;084782;AOSA APOIO;APOIO ADMINISTRATIVO, TECNICO E OPERACIONAL;0100;RECURSOS ORDINARIOS;1;ORCAMENTO FISCAL;3;DESPESAS CORRENTES;3;OUTRAS DESPESAS CORRENTES;37;LOCACAO DE MAO-DE-OBRA;339037;LOCACAO DE MAO-DE-OBRA;339037-9;NAO SE APLICA;-9;NAO SE APLICA;-9;NAO SE APLICA;-9;NAO SE APLICA;NAO SE APLICA;-9;-9;-9;ALTERACAO PARA EMISSAO DE PE - SERVICOS DE MANUTENCAO PREDIAL E TECNICO EM TE LECOMUNICACOES (PA 0000846-07.2016.6.07.8100) - TERMO ADITIVO 4;-9;NAO SE APLICA;19.116,28;19.116,28;;;19.116,28;;;;;;;;;;;;;;;
14107;TRIBUNAL REGIONAL ELEITORAL DO DIST. FEDERAL;070025;TRIBUNAL REGIONAL ELEITORAL DO D. FEDERAL;02122057020GP0053;20GP;JULGAMENTO DE CAUSAS E GESTAO ADMINISTRATIVA NA JUSTICA ELEI;0001;JULGAMENTO DE CAUSAS E GESTAO ADMINISTRATIVA;084782;AOSA APOIO;APOIO ADMINISTRATIVO, TECNICO E OPERACIONAL;0100;RECURSOS ORDINARIOS;1;ORCAMENTO FISCAL;3;DESPESAS CORRENTES;3;OUTRAS DESPESAS CORRENTES;37;LOCACAO DE MAO-DE-OBRA;339037;LOCACAO DE MAO-DE-OBRA;339037-9;NAO SE APLICA;-9;NAO SE APLICA;-9;NAO SE APLICA;-9;NAO SE APLICA;NAO SE APLICA;-9;-9;-9;ALTERACAO PARA EMISSAO DE PE. SERVICOS DE APOIO ADMINISTRATIVO. TERMO ADITIVO Nº 01 AO CONTRATO Nº 35/2017.                                                 PAE 0003305-45.2017.6.07.8100;-9;NAO SE APLICA;122.358,41;122.358,41;;;122.358,41;;;;;;;;;;;;;;;
14107;TRIBUNAL REGIONAL ELEITORAL DO DIST. FEDERAL;070025;TRIBUNAL REGIONAL ELEITORAL DO D. FEDERAL;02122057020GP0053;20GP;JULGAMENTO DE CAUSAS E GESTAO ADMINISTRATIVA NA JUSTICA ELEI;0001;JULGAMENTO DE CAUSAS E GESTAO ADMINISTRATIVA;084782;AOSA APOIO;APOIO ADMINISTRATIVO, TECNICO E OPERACIONAL;0100;RECURSOS ORDINARIOS;1;ORCAMENTO FISCAL;3;DESPESAS CORRENTES;3;OUTRAS DESPESAS CORRENTES;37;LOCACAO DE MAO-DE-OBRA;339037;LOCACAO DE MAO-DE-OBRA;339037-9;NAO SE APLICA;-9;NAO SE APLICA;-9;NAO SE APLICA;-9;NAO SE APLICA;NAO SE APLICA;-9;-9;-9;ALTERACAO PARA EMISSAO DE PRE-EMPENHO - SERVICOS DE AUXILIAR DE SAUDE BUCAL   (PA 0004390-66.2017.6.07.8100);-9;NAO SE APLICA;76.520,02;76.520,02;;;76.520,02;;;;;;;;;;;;;;;
14107;TRIBUNAL REGIONAL ELEITORAL DO DIST. FEDERAL;070025;TRIBUNAL REGIONAL ELEITORAL DO D. FEDERAL;02122057020GP0053;20GP;JULGAMENTO DE CAUSAS E GESTAO ADMINISTRATIVA NA JUSTICA ELEI;0001;JULGAMENTO DE CAUSAS E GESTAO ADMINISTRATIVA;084782;AOSA APOIO;APOIO ADMINISTRATIVO, TECNICO E OPERACIONAL;0100;RECURSOS ORDINARIOS;1;ORCAMENTO FISCAL;3;DESPESAS CORRENTES;3;OUTRAS DESPESAS CORRENTES;37;LOCACAO DE MAO-DE-OBRA;339037;LOCACAO DE MAO-DE-OBRA;339037-9;NAO SE APLICA;-9;NAO SE APLICA;-9;NAO SE APLICA;-9;NAO SE APLICA;NAO SE APLICA;-9;-9;-9;SERVICOS CONTINUADOS DE AUXILIAR DE SAUDE BUCAL (PA 0004390-66.2017.6.07.8100);-9;NAO SE APLICA;;;;;0,00;0,00;0,00;;;;;;;;;;;;;
14107;TRIBUNAL REGIONAL ELEITORAL DO DIST. FEDERAL;070025;TRIBUNAL REGIONAL ELEITORAL DO D. FEDERAL;02122057020GP0053;20GP;JULGAMENTO DE CAUSAS E GESTAO ADMINISTRATIVA NA JUSTICA ELEI;0001;JULGAMENTO DE CAUSAS E GESTAO ADMINISTRATIVA;084782;AOSA APOIO;APOIO ADMINISTRATIVO, TECNICO E OPERACIONAL;0100;RECURSOS ORDINARIOS;1;ORCAMENTO FISCAL;3;DESPESAS CORRENTES;3;OUTRAS DESPESAS CORRENTES;37;LOCACAO DE MAO-DE-OBRA;339037;LOCACAO DE MAO-DE-OBRA;339037-9;NAO SE APLICA;-9;NAO SE APLICA;-9;NAO SE APLICA;-9;NAO SE APLICA;NAO SE APLICA;-9;-9;-9;SERVICOS CONTINUADOS DE TELECOMUNICACOES (PA 0000846-07.2016.6.07.8100);-9;NAO SE APLICA;;;;;19.116,28;(19.116,28);(19.116,28);;;;;;;;;;;;;
14107;TRIBUNAL REGIONAL ELEITORAL DO DIST. FEDERAL;070025;TRIBUNAL REGIONAL ELEITORAL DO D. FEDERAL;02122057020GP0053;20GP;JULGAMENTO DE CAUSAS E GESTAO ADMINISTRATIVA NA JUSTICA ELEI;0001;JULGAMENTO DE CAUSAS E GESTAO ADMINISTRATIVA;084782;AOSA APOIO;APOIO ADMINISTRATIVO, TECNICO E OPERACIONAL;0100;RECURSOS ORDINARIOS;1;ORCAMENTO FISCAL;3;DESPESAS CORRENTES;3;OUTRAS DESPESAS CORRENTES;37;LOCACAO DE MAO-DE-OBRA;339037;LOCACAO DE MAO-DE-OBRA;339037-9;NAO SE APLICA;-9;NAO SE APLICA;-9;NAO SE APLICA;-9;NAO SE APLICA;NAO SE APLICA;-9;-9;-9;SERVICOS CONTINUADOS DE TELECOMUNICACORES (PA 0000846-07.2016.6.07.8100);-9;NAO SE APLICA;;;;;(19.116,28);19.116,28;19.116,28;;;;;;;;;;;;;
14107;TRIBUNAL REGIONAL ELEITORAL DO DIST. FEDERAL;070025;TRIBUNAL REGIONAL ELEITORAL DO D. FEDERAL;02122057020GP0053;20GP;JULGAMENTO DE CAUSAS E GESTAO ADMINISTRATIVA NA JUSTICA ELEI;0001;JULGAMENTO DE CAUSAS E GESTAO ADMINISTRATIVA;084782;AOSA APOIO;APOIO ADMINISTRATIVO, TECNICO E OPERACIONAL;0100;RECURSOS ORDINARIOS;1;ORCAMENTO FISCAL;3;DESPESAS CORRENTES;3;OUTRAS DESPESAS CORRENTES;37;LOCACAO DE MAO-DE-OBRA;339037;LOCACAO DE MAO-DE-OBRA;339037-9;NAO SE APLICA;-9;NAO SE APLICA;-9;NAO SE APLICA;-9;NAO SE APLICA;NAO SE APLICA;-9;-9;-9;SERVICOS DE APOIO ADMINISTRATIVO. RESERVA PARA FAZER FACE AO TERMO ADITIVO Nº 01 AO CONTRATO Nº 35/2017.                                                    PAE 0003305-45.2017.6.07.8100;-9;NAO SE APLICA;;;;;(122.358,41);122.358,41;122.358,41;;;;;;;;;;;;;
14107;TRIBUNAL REGIONAL ELEITORAL DO DIST. FEDERAL;070025;TRIBUNAL REGIONAL ELEITORAL DO D. FEDERAL;02122057020GP0053;20GP;JULGAMENTO DE CAUSAS E GESTAO ADMINISTRATIVA NA JUSTICA ELEI;0001;JULGAMENTO DE CAUSAS E GESTAO ADMINISTRATIVA;084782;AOSA APOIO;APOIO ADMINISTRATIVO, TECNICO E OPERACIONAL;0100;RECURSOS ORDINARIOS;1;ORCAMENTO FISCAL;3;DESPESAS CORRENTES;3;OUTRAS DESPESAS CORRENTES;37;LOCACAO DE MAO-DE-OBRA;339037;LOCACAO DE MAO-DE-OBRA;339037-9;NAO SE APLICA;-9;NAO SE APLICA;-9;NAO SE APLICA;-9;NAO SE APLICA;NAO SE APLICA;-9;-9;-9;SERVICOS DE AUXILIAR DE SAUDE BUCAL                                           (PA 0004390-66.2017.6.07.8100)                                                RETORNO AO DISPONIVEL (DIFERENCA ENTRE PE 46 E NE 206).;-9;NAO SE APLICA;(4.643,49);(4.643,49);;;(4.643,49);;;;;;;;;;;;;;;
14107;TRIBUNAL REGIONAL ELEITORAL DO DIST. FEDERAL;070025;TRIBUNAL REGIONAL ELEITORAL DO D. FEDERAL;02122057020GP0053;20GP;JULGAMENTO DE CAUSAS E GESTAO ADMINISTRATIVA NA JUSTICA ELEI;0001;JULGAMENTO DE CAUSAS E GESTAO ADMINISTRATIVA;084782;AOSA APOIO;APOIO ADMINISTRATIVO, TECNICO E OPERACIONAL;0100;RECURSOS ORDINARIOS;1;ORCAMENTO FISCAL;3;DESPESAS CORRENTES;3;OUTRAS DESPESAS CORRENTES;37;LOCACAO DE MAO-DE-OBRA;339037;LOCACAO DE MAO-DE-OBRA;33903701;APOIO ADMINISTRATIVO, TECNICO E OPERACIONAL;5;GLOBAL;12;PREGAO;-8;17/01/2017;JAN/2017;2017;070025000012017NE000050;00038436020166078100;NAO SE APLICA;08247960000162;REAL JG SERVICOS GERAIS EIRELI;;;;;;;;;;;;;1.748,67;;;;;1.748,67;;
14107;TRIBUNAL REGIONAL ELEITORAL DO DIST. FEDERAL;070025;TRIBUNAL REGIONAL ELEITORAL DO D. FEDERAL;02122057020GP0053;20GP;JULGAMENTO DE CAUSAS E GESTAO ADMINISTRATIVA NA JUSTICA ELEI;0001;JULGAMENTO DE CAUSAS E GESTAO ADMINISTRATIVA;084782;AOSA APOIO;APOIO ADMINISTRATIVO, TECNICO E OPERACIONAL;0100;RECURSOS ORDINARIOS;1;ORCAMENTO FISCAL;3;DESPESAS CORRENTES;3;OUTRAS DESPESAS CORRENTES;37;LOCACAO DE MAO-DE-OBRA;339037;LOCACAO DE MAO-DE-OBRA;33903701;APOIO ADMINISTRATIVO, TECNICO E OPERACIONAL;5;GLOBAL;12;PREGAO;-8;17/01/2017;JAN/2017;2017;070025000012017NE000050;00038436020166078100;PGTO NF 3896. SERVICOS DE AUXILIAR DE SAUDE BUCAL DE 26 A 31 DE DEZEMBRO/2017. RETENCAO 9,45 IMP FED (R$ 145,81), 5,00 ISS (R$ 77,15) E 11,00 INSS (R$ 135,40). PA 4319-98.2016.6.07.8100.;08247960000162;REAL JG SERVICOS GERAIS EIRELI;;;;;;;;;;;;;;;;1.542,94;1.542,94;(1.542,94);1.542,94;1.542,94
14107;TRIBUNAL REGIONAL ELEITORAL DO DIST. FEDERAL;070025;TRIBUNAL REGIONAL ELEITORAL DO D. FEDERAL;02122057020GP0053;20GP;JULGAMENTO DE CAUSAS E GESTAO ADMINISTRATIVA NA JUSTICA ELEI;0001;JULGAMENTO DE CAUSAS E GESTAO ADMINISTRATIVA;084782;AOSA APOIO;APOIO ADMINISTRATIVO, TECNICO E OPERACIONAL;0100;RECURSOS ORDINARIOS;1;ORCAMENTO FISCAL;3;DESPESAS CORRENTES;3;OUTRAS DESPESAS CORRENTES;37;LOCACAO DE MAO-DE-OBRA;339037;LOCACAO DE MAO-DE-OBRA;33903701;APOIO ADMINISTRATIVO, TECNICO E OPERACIONAL;5;GLOBAL;12;PREGAO;-8;23/01/2017;JAN/2017;2017;070025000012017NE000057;00003256220166078100;MULTA INEXECUCAO CONTRATUAL. CONTRATO 21/2016. PA 5158-89.2017.;00308141000923;CONNECTCOM TELEINFORMATICA COMERCIO E SERVICOS LTDA;;;;;;;;;;;;;;;;318,63;318,63;(318,63);318,63;318,63
14107;TRIBUNAL REGIONAL ELEITORAL DO DIST. FEDERAL;070025;TRIBUNAL REGIONAL ELEITORAL DO D. FEDERAL;02122057020GP0053;20GP;JULGAMENTO DE CAUSAS E GESTAO ADMINISTRATIVA NA JUSTICA ELEI;0001;JULGAMENTO DE CAUSAS E GESTAO ADMINISTRATIVA;084782;AOSA APOIO;APOIO ADMINISTRATIVO, TECNICO E OPERACIONAL;0100;RECURSOS ORDINARIOS;1;ORCAMENTO FISCAL;3;DESPESAS CORRENTES;3;OUTRAS DESPESAS CORRENTES;37;LOCACAO DE MAO-DE-OBRA;339037;LOCACAO DE MAO-DE-OBRA;33903701;APOIO ADMINISTRATIVO, TECNICO E OPERACIONAL;5;GLOBAL;12;PREGAO;-8;23/01/2017;JAN/2017;2017;070025000012017NE000057;00003256220166078100;MULTA INEXECUCAO CONTRATUAL. DECISAO 3495/2017. CONTRATO 21/2016. PA 1223-41.2017.;00308141000923;CONNECTCOM TELEINFORMATICA COMERCIO E SERVICOS LTDA;;;;;;;;;;;;;;;;15.931,34;15.931,34;(15.931,34);15.931,34;15.931,34
14107;TRIBUNAL REGIONAL ELEITORAL DO DIST. FEDERAL;070025;TRIBUNAL REGIONAL ELEITORAL DO D. FEDERAL;02122057020GP0053;20GP;JULGAMENTO DE CAUSAS E GESTAO ADMINISTRATIVA NA JUSTICA ELEI;0001;JULGAMENTO DE CAUSAS E GESTAO ADMINISTRATIVA;084782;AOSA APOIO;APOIO ADMINISTRATIVO, TECNICO E OPERACIONAL;0100;RECURSOS ORDINARIOS;1;ORCAMENTO FISCAL;3;DESPESAS CORRENTES;3;OUTRAS DESPESAS CORRENTES;37;LOCACAO DE MAO-DE-OBRA;339037;LOCACAO DE MAO-DE-OBRA;33903701;APOIO ADMINISTRATIVO, TECNICO E OPERACIONAL;5;GLOBAL;12;PREGAO;-8;23/01/2017;JAN/2017;2017;070025000012017NE000057;00003256220166078100;NAO SE APLICA;00308141000923;CONNECTCOM TELEINFORMATICA COMERCIO E SERVICOS LTDA;;;;;;;;;;;;;45.011,86;;;;;45.011,86;;
14107;TRIBUNAL REGIONAL ELEITORAL DO DIST. FEDERAL;070025;TRIBUNAL REGIONAL ELEITORAL DO D. FEDERAL;02122057020GP0053;20GP;JULGAMENTO DE CAUSAS E GESTAO ADMINISTRATIVA NA JUSTICA ELEI;0001;JULGAMENTO DE CAUSAS E GESTAO ADMINISTRATIVA;084782;AOSA APOIO;APOIO ADMINISTRATIVO, TECNICO E OPERACIONAL;0100;RECURSOS ORDINARIOS;1;ORCAMENTO FISCAL;3;DESPESAS CORRENTES;3;OUTRAS DESPESAS CORRENTES;37;LOCACAO DE MAO-DE-OBRA;339037;LOCACAO DE MAO-DE-OBRA;33903701;APOIO ADMINISTRATIVO, TECNICO E OPERACIONAL;5;GLOBAL;12;PREGAO;-8;25/01/2017;JAN/2017;2017;070025000012017NE000070;00038496720166078100;NAO SE APLICA;00308141000923;CONNECTCOM TELEINFORMATICA COMERCIO E SERVICOS LTDA;;;;;;;;;;;;;104.847,67;;;;;104.847,67;;
14107;TRIBUNAL REGIONAL ELEITORAL DO DIST. FEDERAL;070025;TRIBUNAL REGIONAL ELEITORAL DO D. FEDERAL;02122057020GP0053;20GP;JULGAMENTO DE CAUSAS E GESTAO ADMINISTRATIVA NA JUSTICA ELEI;0001;JULGAMENTO DE CAUSAS E GESTAO ADMINISTRATIVA;084782;AOSA APOIO;APOIO ADMINISTRATIVO, TECNICO E OPERACIONAL;0100;RECURSOS ORDINARIOS;1;ORCAMENTO FISCAL;3;DESPESAS CORRENTES;3;OUTRAS DESPESAS CORRENTES;37;LOCACAO DE MAO-DE-OBRA;339037;LOCACAO DE MAO-DE-OBRA;33903701;APOIO ADMINISTRATIVO, TECNICO E OPERACIONAL;5;GLOBAL;12;PREGAO;-8;14/02/2017;FEV/2017;2017;070025000012017NE000147;00000378020176078100;NAO SE APLICA;14355750000190;ATLANTICO ENGENHARIA LTDA;;;;;;;;;;;;;827,29;;;;;827,29;;
14107;TRIBUNAL REGIONAL ELEITORAL DO DIST. FEDERAL;070025;TRIBUNAL REGIONAL ELEITORAL DO D. FEDERAL;02122057020GP0053;20GP;JULGAMENTO DE CAUSAS E GESTAO ADMINISTRATIVA NA JUSTICA ELEI;0001;JULGAMENTO DE CAUSAS E GESTAO ADMINISTRATIVA;084782;AOSA APOIO;APOIO ADMINISTRATIVO, TECNICO E OPERACIONAL;0100;RECURSOS ORDINARIOS;1;ORCAMENTO FISCAL;3;DESPESAS CORRENTES;3;OUTRAS DESPESAS CORRENTES;37;LOCACAO DE MAO-DE-OBRA;339037;LOCACAO DE MAO-DE-OBRA;33903701;APOIO ADMINISTRATIVO, TECNICO E OPERACIONAL;5;GLOBAL;12;PREGAO;-8;14/02/2017;FEV/2017;2017;070025000012017NE000147;00000378020176078100;PGTO NF 2280. SERVICOS DE TELECOMUNICACOES 25 A 31/12/17. RETENCAO IMP. FED. 5,85 (R$ 48,40) ISS 5,00 (R$ 41,36) E INSS 3,50 (R$ 28,96). PA 8122-89.2016.;14355750000190;ATLANTICO ENGENHARIA LTDA;;;;;;;;;;;;;;;;827,29;827,29;(827,29);827,29;827,29
14107;TRIBUNAL REGIONAL ELEITORAL DO DIST. FEDERAL;070025;TRIBUNAL REGIONAL ELEITORAL DO D. FEDERAL;02122057020GP0053;20GP;JULGAMENTO DE CAUSAS E GESTAO ADMINISTRATIVA NA JUSTICA ELEI;0001;JULGAMENTO DE CAUSAS E GESTAO ADMINISTRATIVA;084782;AOSA APOIO;APOIO ADMINISTRATIVO, TECNICO E OPERACIONAL;0100;RECURSOS ORDINARIOS;1;ORCAMENTO FISCAL;3;DESPESAS CORRENTES;3;OUTRAS DESPESAS CORRENTES;37;LOCACAO DE MAO-DE-OBRA;339037;LOCACAO DE MAO-DE-OBRA;33903701;APOIO ADMINISTRATIVO, TECNICO E OPERACIONAL;5;GLOBAL;12;PREGAO;-8;15/02/2017;FEV/2017;2017;070025000012017NE000153;00027229420166078100;NAO SE APLICA;10660342000191;3 R - CONSTRUCOES E SERVICOS EIRELI;;;;;;;;;;;;;8.136,02;;;;;8.136,02;;
14107;TRIBUNAL REGIONAL ELEITORAL DO DIST. FEDERAL;070025;TRIBUNAL REGIONAL ELEITORAL DO D. FEDERAL;02122057020GP0053;20GP;JULGAMENTO DE CAUSAS E GESTAO ADMINISTRATIVA NA JUSTICA ELEI;0001;JULGAMENTO DE CAUSAS E GESTAO ADMINISTRATIVA;084782;AOSA APOIO;APOIO ADMINISTRATIVO, TECNICO E OPERACIONAL;0100;RECURSOS ORDINARIOS;1;ORCAMENTO FISCAL;3;DESPESAS CORRENTES;3;OUTRAS DESPESAS CORRENTES;37;LOCACAO DE MAO-DE-OBRA;339037;LOCACAO DE MAO-DE-OBRA;33903701;APOIO ADMINISTRATIVO, TECNICO E OPERACIONAL;5;GLOBAL;12;PREGAO;-8;15/02/2017;FEV/2017;2017;070025000012017NE000153;00027229420166078100;PGTO NF 833, 842, 853, 863. CONDUCAO DE VEICULOS OFICIAIS DE 25 A 31/12/17 E MESES DE JANEIRO, FEVEREIRO E MARCO/18. RETENCAO IMP.FED. 9,45 (R$ 12.322,95), ISS 5,00 (R$ 6520,08), INSS 11,00 (R$ 11.690,83). PA 3042-47.2016;10660342000191;3 R - CONSTRUCOES E SERVICOS EIRELI;;;;;;;;;;;;;;;;6.863,22;6.863,22;(6.863,22);6.863,22;6.863,22
14107;TRIBUNAL REGIONAL ELEITORAL DO DIST. FEDERAL;070025;TRIBUNAL REGIONAL ELEITORAL DO D. FEDERAL;02122057020GP0053;20GP;JULGAMENTO DE CAUSAS E GESTAO ADMINISTRATIVA NA JUSTICA ELEI;0001;JULGAMENTO DE CAUSAS E GESTAO ADMINISTRATIVA;084782;AOSA APOIO;APOIO ADMINISTRATIVO, TECNICO E OPERACIONAL;0100;RECURSOS ORDINARIOS;1;ORCAMENTO FISCAL;3;DESPESAS CORRENTES;3;OUTRAS DESPESAS CORRENTES;37;LOCACAO DE MAO-DE-OBRA;339037;LOCACAO DE MAO-DE-OBRA;33903701;APOIO ADMINISTRATIVO, TECNICO E OPERACIONAL;5;GLOBAL;12;PREGAO;-8;12/09/2017;SET/2017;2017;070025000012017NE000400;00033054520176078100;NAO SE APLICA;08744139000151;G&E SERVICOS TERCEIRIZADOS LTDA;;;;;;;;;;;;;24.880,71;;;;;24.880,71;;
14107;TRIBUNAL REGIONAL ELEITORAL DO DIST. FEDERAL;070025;TRIBUNAL REGIONAL ELEITORAL DO D. FEDERAL;02122057020GP0053;20GP;JULGAMENTO DE CAUSAS E GESTAO ADMINISTRATIVA NA JUSTICA ELEI;0001;JULGAMENTO DE CAUSAS E GESTAO ADMINISTRATIVA;084782;AOSA APOIO;APOIO ADMINISTRATIVO, TECNICO E OPERACIONAL;0100;RECURSOS ORDINARIOS;1;ORCAMENTO FISCAL;3;DESPESAS CORRENTES;3;OUTRAS DESPESAS CORRENTES;37;LOCACAO DE MAO-DE-OBRA;339037;LOCACAO DE MAO-DE-OBRA;33903701;APOIO ADMINISTRATIVO, TECNICO E OPERACIONAL;5;GLOBAL;12;PREGAO;-8;12/09/2017;SET/2017;2017;070025000012017NE000400;00033054520176078100;PGTO NFS 1433 E 1471. SERVICOS DE APOIO ADMINISTRATIVO - 26 A 31/12/17 E JANEIRO/18. RETENCAO 9,45 IMP FED (R$ 19.718,83), 5,00 ISS (R$ 10.433,24) E 11,00 INSS (R$ 22.953,14). PA 5898-47.2017;08744139000151;G&E SERVICOS TERCEIRIZADOS LTDA;;;;;;;;;;;;;;;;24.880,71;24.880,71;(24.880,71);24.880,71;24.880,71
14107;TRIBUNAL REGIONAL ELEITORAL DO DIST. FEDERAL;070025;TRIBUNAL REGIONAL ELEITORAL DO D. FEDERAL;02122057020GP0053;20GP;JULGAMENTO DE CAUSAS E GESTAO ADMINISTRATIVA NA JUSTICA ELEI;0001;JULGAMENTO DE CAUSAS E GESTAO ADMINISTRATIVA;084782;AOSA APOIO;APOIO ADMINISTRATIVO, TECNICO E OPERACIONAL;0100;RECURSOS ORDINARIOS;1;ORCAMENTO FISCAL;3;DESPESAS CORRENTES;3;OUTRAS DESPESAS CORRENTES;37;LOCACAO DE MAO-DE-OBRA;339037;LOCACAO DE MAO-DE-OBRA;33903701;APOIO ADMINISTRATIVO, TECNICO E OPERACIONAL;5;GLOBAL;12;PREGAO;-8;05/01/2018;JAN/2018;2018;070025000012018NE000026;00033054520176078100;17CT0035 - PRESTACAO DE SERVICOS CONTINUADOS DE APOIO ADMINISTRATIVO, DE  ACORDO COM O CONTRATO Nº 35/2017.;08744139000151;G&E SERVICOS TERCEIRIZADOS LTDA;;;;;;;;1.784.154,00;;;;;;;;;;;;
14107;TRIBUNAL REGIONAL ELEITORAL DO DIST. FEDERAL;070025;TRIBUNAL REGIONAL ELEITORAL DO D. FEDERAL;02122057020GP0053;20GP;JULGAMENTO DE CAUSAS E GESTAO ADMINISTRATIVA NA JUSTICA ELEI;0001;JULGAMENTO DE CAUSAS E GESTAO ADMINISTRATIVA;084782;AOSA APOIO;APOIO ADMINISTRATIVO, TECNICO E OPERACIONAL;0100;RECURSOS ORDINARIOS;1;ORCAMENTO FISCAL;3;DESPESAS CORRENTES;3;OUTRAS DESPESAS CORRENTES;37;LOCACAO DE MAO-DE-OBRA;339037;LOCACAO DE MAO-DE-OBRA;33903701;APOIO ADMINISTRATIVO, TECNICO E OPERACIONAL;5;GLOBAL;12;PREGAO;-8;05/01/2018;JAN/2018;2018;070025000012018NE000026;00033054520176078100;PGTO NFS 1433 E 1471. SERVICOS DE APOIO ADMINISTRATIVO - 26 A 31/12/17 E JANEIRO/18. RETENCAO 9,45 IMP FED (R$ 19.718,83), 5,00 ISS (R$ 10.433,24) E 11,00 INSS (R$ 22.953,14). PA 5898-47.2017;08744139000151;G&E SERVICOS TERCEIRIZADOS LTDA;;;;;;;;0,00;148.679,50;148.679,50;;;;;;;;;148.679,50;148.679,50
14107;TRIBUNAL REGIONAL ELEITORAL DO DIST. FEDERAL;070025;TRIBUNAL REGIONAL ELEITORAL DO D. FEDERAL;02122057020GP0053;20GP;JULGAMENTO DE CAUSAS E GESTAO ADMINISTRATIVA NA JUSTICA ELEI;0001;JULGAMENTO DE CAUSAS E GESTAO ADMINISTRATIVA;084782;AOSA APOIO;APOIO ADMINISTRATIVO, TECNICO E OPERACIONAL;0100;RECURSOS ORDINARIOS;1;ORCAMENTO FISCAL;3;DESPESAS CORRENTES;3;OUTRAS DESPESAS CORRENTES;37;LOCACAO DE MAO-DE-OBRA;339037;LOCACAO DE MAO-DE-OBRA;33903701;APOIO ADMINISTRATIVO, TECNICO E OPERACIONAL;5;GLOBAL;12;PREGAO;-8;05/01/2018;JAN/2018;2018;070025000012018NE000026;00033054520176078100;PGTO NFS 1541 E 1615. SERVICOS DE APOIO ADMINISTRATIVO - FEVEREIRO E MARCO/18. RETENCAO 9,45 IMP FED (R$ 33.803,71), 5,00 ISS (R$ 17.855,56) E 11,00 INSS (R$ 39.348,24). PA 5898-47.2017;08744139000151;G&E SERVICOS TERCEIRIZADOS LTDA;;;;;;;;0,00;562.011,74;562.011,74;;;;;;;;;562.011,74;562.011,74
14107;TRIBUNAL REGIONAL ELEITORAL DO DIST. FEDERAL;070025;TRIBUNAL REGIONAL ELEITORAL DO D. FEDERAL;02122057020GP0053;20GP;JULGAMENTO DE CAUSAS E GESTAO ADMINISTRATIVA NA JUSTICA ELEI;0001;JULGAMENTO DE CAUSAS E GESTAO ADMINISTRATIVA;084782;AOSA APOIO;APOIO ADMINISTRATIVO, TECNICO E OPERACIONAL;0100;RECURSOS ORDINARIOS;1;ORCAMENTO FISCAL;3;DESPESAS CORRENTES;3;OUTRAS DESPESAS CORRENTES;37;LOCACAO DE MAO-DE-OBRA;339037;LOCACAO DE MAO-DE-OBRA;33903701;APOIO ADMINISTRATIVO, TECNICO E OPERACIONAL;5;GLOBAL;12;PREGAO;-8;05/01/2018;JAN/2018;2018;070025000012018NE000026;00033054520176078100;PGTO NFS 1653. SERVICOS DE APOIO ADMINISTRATIVO - REPACTUACAO JAN A MAR/18. RETENCAO 9,45 IMP FED (R$ 1.806,63), 5,00 ISS (R$ 955,89) E 11,00 INSS (R$ 2.102,95). PA 5898-47.2017;08744139000151;G&E SERVICOS TERCEIRIZADOS LTDA;;;;;;;;0,00;15.772,32;15.772,32;;;;;;;;;15.772,32;15.772,32
14107;TRIBUNAL REGIONAL ELEITORAL DO DIST. FEDERAL;070025;TRIBUNAL REGIONAL ELEITORAL DO D. FEDERAL;02122057020GP0053;20GP;JULGAMENTO DE CAUSAS E GESTAO ADMINISTRATIVA NA JUSTICA ELEI;0001;JULGAMENTO DE CAUSAS E GESTAO ADMINISTRATIVA;084782;AOSA APOIO;APOIO ADMINISTRATIVO, TECNICO E OPERACIONAL;0100;RECURSOS ORDINARIOS;1;ORCAMENTO FISCAL;3;DESPESAS CORRENTES;3;OUTRAS DESPESAS CORRENTES;37;LOCACAO DE MAO-DE-OBRA;339037;LOCACAO DE MAO-DE-OBRA;33903701;APOIO ADMINISTRATIVO, TECNICO E OPERACIONAL;5;GLOBAL;12;PREGAO;-8;05/01/2018;JAN/2018;2018;070025000012018NE000026;00033054520176078100;REPROGRAMACAO;08744139000151;G&E SERVICOS TERCEIRIZADOS LTDA;;;;;;;;0,00;(258.010,76);(258.010,76);;;;;;;;;(258.010,76);(258.010,76)
14107;TRIBUNAL REGIONAL ELEITORAL DO DIST. FEDERAL;070025;TRIBUNAL REGIONAL ELEITORAL DO D. FEDERAL;02122057020GP0053;20GP;JULGAMENTO DE CAUSAS E GESTAO ADMINISTRATIVA NA JUSTICA ELEI;0001;JULGAMENTO DE CAUSAS E GESTAO ADMINISTRATIVA;084782;AOSA APOIO;APOIO ADMINISTRATIVO, TECNICO E OPERACIONAL;0100;RECURSOS ORDINARIOS;1;ORCAMENTO FISCAL;3;DESPESAS CORRENTES;3;OUTRAS DESPESAS CORRENTES;37;LOCACAO DE MAO-DE-OBRA;339037;LOCACAO DE MAO-DE-OBRA;33903701;APOIO ADMINISTRATIVO, TECNICO E OPERACIONAL;5;GLOBAL;12;PREGAO;-8;17/01/2018;JAN/2018;2018;070025000012018NE000062;00027229420166078100;14CT0026 - PRESTACAO DE SERVICOS TERCEIRIZADOS DE CONDUCAO DE VEICULOS OFICI- AIS - PREGAO ELETRONICO Nº 02/14. CONTRATO Nº 26/2014. TERMO ADITIVO Nº 08.;10660342000191;3 R - CONSTRUCOES E SERVICOS EIRELI;;;;;;;;494.153,52;;;;;;;;;;;;
14107;TRIBUNAL REGIONAL ELEITORAL DO DIST. FEDERAL;070025;TRIBUNAL REGIONAL ELEITORAL DO D. FEDERAL;02122057020GP0053;20GP;JULGAMENTO DE CAUSAS E GESTAO ADMINISTRATIVA NA JUSTICA ELEI;0001;JULGAMENTO DE CAUSAS E GESTAO ADMINISTRATIVA;084782;AOSA APOIO;APOIO ADMINISTRATIVO, TECNICO E OPERACIONAL;0100;RECURSOS ORDINARIOS;1;ORCAMENTO FISCAL;3;DESPESAS CORRENTES;3;OUTRAS DESPESAS CORRENTES;37;LOCACAO DE MAO-DE-OBRA;339037;LOCACAO DE MAO-DE-OBRA;33903701;APOIO ADMINISTRATIVO, TECNICO E OPERACIONAL;5;GLOBAL;12;PREGAO;-8;17/01/2018;JAN/2018;2018;070025000012018NE000062;00027229420166078100;PGTO NF 833, 842, 853, 863. CONDUCAO DE VEICULOS OFICIAIS DE 25 A 31/12/17 E MESES DE JANEIRO, FEVEREIRO E MARCO/18. RETENCAO IMP.FED. 9,45 (R$ 12.322,95), ISS 5,00 (R$ 6520,08), INSS 11,00 (R$ 11.690,83). PA 3042-47.2016;10660342000191;3 R - CONSTRUCOES E SERVICOS EIRELI;;;;;;;;0,00;117.361,46;117.361,46;;;;;;;;;117.361,46;117.361,46
14107;TRIBUNAL REGIONAL ELEITORAL DO DIST. FEDERAL;070025;TRIBUNAL REGIONAL ELEITORAL DO D. FEDERAL;02122057020GP0053;20GP;JULGAMENTO DE CAUSAS E GESTAO ADMINISTRATIVA NA JUSTICA ELEI;0001;JULGAMENTO DE CAUSAS E GESTAO ADMINISTRATIVA;084782;AOSA APOIO;APOIO ADMINISTRATIVO, TECNICO E OPERACIONAL;0100;RECURSOS ORDINARIOS;1;ORCAMENTO FISCAL;3;DESPESAS CORRENTES;3;OUTRAS DESPESAS CORRENTES;37;LOCACAO DE MAO-DE-OBRA;339037;LOCACAO DE MAO-DE-OBRA;33903701;APOIO ADMINISTRATIVO, TECNICO E OPERACIONAL;5;GLOBAL;12;PREGAO;-8;05/02/2018;FEV/2018;2018;070025000012018NE000092;00000378020176078100;16CT0019 - PRESTACAO DE SERVICOS CONTINUADOS DE TELECOMUNICACOES, CONFORME CONTRATO Nº 19/2016. TERMO ADITIVO Nº 03.;14355750000190;ATLANTICO ENGENHARIA LTDA;;;;;;;;39.709,76;;;;;;;;;;;;
14107;TRIBUNAL REGIONAL ELEITORAL DO DIST. FEDERAL;070025;TRIBUNAL REGIONAL ELEITORAL DO D. FEDERAL;02122057020GP0053;20GP;JULGAMENTO DE CAUSAS E GESTAO ADMINISTRATIVA NA JUSTICA ELEI;0001;JULGAMENTO DE CAUSAS E GESTAO ADMINISTRATIVA;084782;AOSA APOIO;APOIO ADMINISTRATIVO, TECNICO E OPERACIONAL;0100;RECURSOS ORDINARIOS;1;ORCAMENTO FISCAL;3;DESPESAS CORRENTES;3;OUTRAS DESPESAS CORRENTES;37;LOCACAO DE MAO-DE-OBRA;339037;LOCACAO DE MAO-DE-OBRA;33903701;APOIO ADMINISTRATIVO, TECNICO E OPERACIONAL;5;GLOBAL;12;PREGAO;-8;05/02/2018;FEV/2018;2018;070025000012018NE000092;00000378020176078100;16CT0019 - PRESTACAO DE SERVICOS CONTINUADOS DE TELECOMUNICACOES, CONFORME CONTRATO Nº 19/2016. TERMO ADITIVO Nº 04. REFORCO.;14355750000190;ATLANTICO ENGENHARIA LTDA;;;;;;;;19.116,28;;;;;;;;;;;;
14107;TRIBUNAL REGIONAL ELEITORAL DO DIST. FEDERAL;070025;TRIBUNAL REGIONAL ELEITORAL DO D. FEDERAL;02122057020GP0053;20GP;JULGAMENTO DE CAUSAS E GESTAO ADMINISTRATIVA NA JUSTICA ELEI;0001;JULGAMENTO DE CAUSAS E GESTAO ADMINISTRATIVA;084782;AOSA APOIO;APOIO ADMINISTRATIVO, TECNICO E OPERACIONAL;0100;RECURSOS ORDINARIOS;1;ORCAMENTO FISCAL;3;DESPESAS CORRENTES;3;OUTRAS DESPESAS CORRENTES;37;LOCACAO DE MAO-DE-OBRA;339037;LOCACAO DE MAO-DE-OBRA;33903701;APOIO ADMINISTRATIVO, TECNICO E OPERACIONAL;5;GLOBAL;12;PREGAO;-8;05/02/2018;FEV/2018;2018;070025000012018NE000092;00000378020176078100;PGTO NF 2354. SERVICOS DE TELECOMUNICACOES, JANEIRO/2018. RETENCAO IMP. FED. 5,85 (R$ 290,38), ISS 5,00 (R$ 248,19) E INSS 3,50 (R$ 173,73). PA 8122-89.2016.;14355750000190;ATLANTICO ENGENHARIA LTDA;;;;;;;;0,00;4.963,72;4.963,72;;;;;;;;;4.963,72;4.963,72
14107;TRIBUNAL REGIONAL ELEITORAL DO DIST. FEDERAL;070025;TRIBUNAL REGIONAL ELEITORAL DO D. FEDERAL;02122057020GP0053;20GP;JULGAMENTO DE CAUSAS E GESTAO ADMINISTRATIVA NA JUSTICA ELEI;0001;JULGAMENTO DE CAUSAS E GESTAO ADMINISTRATIVA;084782;AOSA APOIO;APOIO ADMINISTRATIVO, TECNICO E OPERACIONAL;0100;RECURSOS ORDINARIOS;1;ORCAMENTO FISCAL;3;DESPESAS CORRENTES;3;OUTRAS DESPESAS CORRENTES;37;LOCACAO DE MAO-DE-OBRA;339037;LOCACAO DE MAO-DE-OBRA;33903701;APOIO ADMINISTRATIVO, TECNICO E OPERACIONAL;5;GLOBAL;12;PREGAO;-8;05/02/2018;FEV/2018;2018;070025000012018NE000092;00000378020176078100;PGTO NF 2401. SERVICOS DE TELECOMUNICACOES, FEVEREIRO/2018. RETENCAO IMP. FED. 5,85 (R$ 290,38), ISS 5,00 (R$ 248,19) E INSS 3,50 (R$ 173,73). PA 8122-89.2016.;14355750000190;ATLANTICO ENGENHARIA LTDA;;;;;;;;0,00;4.963,72;4.963,72;;;;;;;;;4.963,72;4.963,72
14107;TRIBUNAL REGIONAL ELEITORAL DO DIST. FEDERAL;070025;TRIBUNAL REGIONAL ELEITORAL DO D. FEDERAL;02122057020GP0053;20GP;JULGAMENTO DE CAUSAS E GESTAO ADMINISTRATIVA NA JUSTICA ELEI;0001;JULGAMENTO DE CAUSAS E GESTAO ADMINISTRATIVA;084782;AOSA APOIO;APOIO ADMINISTRATIVO, TECNICO E OPERACIONAL;0100;RECURSOS ORDINARIOS;1;ORCAMENTO FISCAL;3;DESPESAS CORRENTES;3;OUTRAS DESPESAS CORRENTES;37;LOCACAO DE MAO-DE-OBRA;339037;LOCACAO DE MAO-DE-OBRA;33903701;APOIO ADMINISTRATIVO, TECNICO E OPERACIONAL;5;GLOBAL;12;PREGAO;-8;05/02/2018;FEV/2018;2018;070025000012018NE000092;00000378020176078100;PGTO NF 2434. SERVICOS DE TELECOMUNICACOES, MARCO/2018. RETENCAO IMP. FED. 5,85 (R$ 290,38), ISS 5,00 (R$ 248,19) E INSS 3,50 (R$ 173,73). PA 8122-89.2016.;14355750000190;ATLANTICO ENGENHARIA LTDA;;;;;;;;0,00;4.963,72;4.963,72;;;;;;;;;4.963,72;4.963,72
14107;TRIBUNAL REGIONAL ELEITORAL DO DIST. FEDERAL;070025;TRIBUNAL REGIONAL ELEITORAL DO D. FEDERAL;02122057020GP0053;20GP;JULGAMENTO DE CAUSAS E GESTAO ADMINISTRATIVA NA JUSTICA ELEI;0001;JULGAMENTO DE CAUSAS E GESTAO ADMINISTRATIVA;084782;AOSA APOIO;APOIO ADMINISTRATIVO, TECNICO E OPERACIONAL;0100;RECURSOS ORDINARIOS;1;ORCAMENTO FISCAL;3;DESPESAS CORRENTES;3;OUTRAS DESPESAS CORRENTES;37;LOCACAO DE MAO-DE-OBRA;339037;LOCACAO DE MAO-DE-OBRA;33903701;APOIO ADMINISTRATIVO, TECNICO E OPERACIONAL;5;GLOBAL;12;PREGAO;-8;05/02/2018;FEV/2018;2018;070025000012018NE000092;00000378020176078100;PGTO NF 2460. SERVICOS DE TELECOMUNICACOES, ABRIL/2018. RETENCAO IMP. FED. 5,85 (R$ 290,38), ISS 5,00 (R$ 248,19) E INSS 3,50 (R$ 173,73). PA 8122-89.2016.;14355750000190;ATLANTICO ENGENHARIA LTDA;;;;;;;;0,00;4.963,72;4.963,72;;;;;;;;;4.963,72;4.963,72
14107;TRIBUNAL REGIONAL ELEITORAL DO DIST. FEDERAL;070025;TRIBUNAL REGIONAL ELEITORAL DO D. FEDERAL;02122057020GP0053;20GP;JULGAMENTO DE CAUSAS E GESTAO ADMINISTRATIVA NA JUSTICA ELEI;0001;JULGAMENTO DE CAUSAS E GESTAO ADMINISTRATIVA;084782;AOSA APOIO;APOIO ADMINISTRATIVO, TECNICO E OPERACIONAL;0100;RECURSOS ORDINARIOS;1;ORCAMENTO FISCAL;3;DESPESAS CORRENTES;3;OUTRAS DESPESAS CORRENTES;37;LOCACAO DE MAO-DE-OBRA;339037;LOCACAO DE MAO-DE-OBRA;33903701;APOIO ADMINISTRATIVO, TECNICO E OPERACIONAL;5;GLOBAL;12;PREGAO;-8;08/02/2018;FEV/2018;2018;070025000012018NE000105;00038436020166078100;13CT0004 - PRESTACAO DE SERVICOS DE AUXILIAR DE SAUDE BUCAL. CONTRATO Nº 04/13APOSTILAMENTO Nº 03 E TERMO ADITIVO Nº 07.;08247960000162;REAL JG SERVICOS GERAIS EIRELI;;;;;;;;35.179,03;;;;;;;;;;;;
14107;TRIBUNAL REGIONAL ELEITORAL DO DIST. FEDERAL;070025;TRIBUNAL REGIONAL ELEITORAL DO D. FEDERAL;02122057020GP0053;20GP;JULGAMENTO DE CAUSAS E GESTAO ADMINISTRATIVA NA JUSTICA ELEI;0001;JULGAMENTO DE CAUSAS E GESTAO ADMINISTRATIVA;084782;AOSA APOIO;APOIO ADMINISTRATIVO, TECNICO E OPERACIONAL;0100;RECURSOS ORDINARIOS;1;ORCAMENTO FISCAL;3;DESPESAS CORRENTES;3;OUTRAS DESPESAS CORRENTES;37;LOCACAO DE MAO-DE-OBRA;339037;LOCACAO DE MAO-DE-OBRA;33903701;APOIO ADMINISTRATIVO, TECNICO E OPERACIONAL;5;GLOBAL;12;PREGAO;-8;08/02/2018;FEV/2018;2018;070025000012018NE000105;00038436020166078100;PGTO NF 4024. SERVICOS DE AUXILIAR DE SAUDE BUCAL, JAN/2018. RETENCAO 9,45 IMP FED (R$ 874,85), 5,00 ISS (R$ 462,88) E 11,00 INSS (R$ 829,58). PA 4319-98.2016.6.07.8100.;08247960000162;REAL JG SERVICOS GERAIS EIRELI;;;;;;;;0,00;9.257,64;9.257,64;;;;;;;;;9.257,64;9.257,64
14107;TRIBUNAL REGIONAL ELEITORAL DO DIST. FEDERAL;070025;TRIBUNAL REGIONAL ELEITORAL DO D. FEDERAL;02122057020GP0053;20GP;JULGAMENTO DE CAUSAS E GESTAO ADMINISTRATIVA NA JUSTICA ELEI;0001;JULGAMENTO DE CAUSAS E GESTAO ADMINISTRATIVA;084782;AOSA APOIO;APOIO ADMINISTRATIVO, TECNICO E OPERACIONAL;0100;RECURSOS ORDINARIOS;1;ORCAMENTO FISCAL;3;DESPESAS CORRENTES;3;OUTRAS DESPESAS CORRENTES;37;LOCACAO DE MAO-DE-OBRA;339037;LOCACAO DE MAO-DE-OBRA;33903701;APOIO ADMINISTRATIVO, TECNICO E OPERACIONAL;5;GLOBAL;12;PREGAO;-8;08/02/2018;FEV/2018;2018;070025000012018NE000105;00038436020166078100;PGTO NF 4179. SERVICOS DE AUXILIAR DE SAUDE BUCAL, FEV/2018. RETENCAO 9,45 IMP FED (R$ 874,85), 5,00 ISS (R$ 462,88) E 11,00 INSS (R$ 829,58). PA 4319-98.2016.6.07.8100.;08247960000162;REAL JG SERVICOS GERAIS EIRELI;;;;;;;;0,00;9.257,64;9.257,64;;;;;;;;;9.257,64;9.257,64
14107;TRIBUNAL REGIONAL ELEITORAL DO DIST. FEDERAL;070025;TRIBUNAL REGIONAL ELEITORAL DO D. FEDERAL;02122057020GP0053;20GP;JULGAMENTO DE CAUSAS E GESTAO ADMINISTRATIVA NA JUSTICA ELEI;0001;JULGAMENTO DE CAUSAS E GESTAO ADMINISTRATIVA;084782;AOSA APOIO;APOIO ADMINISTRATIVO, TECNICO E OPERACIONAL;0100;RECURSOS ORDINARIOS;1;ORCAMENTO FISCAL;3;DESPESAS CORRENTES;3;OUTRAS DESPESAS CORRENTES;37;LOCACAO DE MAO-DE-OBRA;339037;LOCACAO DE MAO-DE-OBRA;33903701;APOIO ADMINISTRATIVO, TECNICO E OPERACIONAL;5;GLOBAL;12;PREGAO;-8;08/02/2018;FEV/2018;2018;070025000012018NE000105;00038436020166078100;PGTO NF 4351. SERVICOS DE AUXILIAR DE SAUDE BUCAL, MAR/2018. RETENCAO 9,45 IMP FED (R$ 874,85), 5,00 ISS (R$ 462,88) E 11,00 INSS (R$ 829,58). PA 4319-98.2016.6.07.8100.;08247960000162;REAL JG SERVICOS GERAIS EIRELI;;;;;;;;0,00;9.257,64;9.257,64;;;;;;;;;9.257,64;9.257,64
14107;TRIBUNAL REGIONAL ELEITORAL DO DIST. FEDERAL;070025;TRIBUNAL REGIONAL ELEITORAL DO D. FEDERAL;02122057020GP0053;20GP;JULGAMENTO DE CAUSAS E GESTAO ADMINISTRATIVA NA JUSTICA ELEI;0001;JULGAMENTO DE CAUSAS E GESTAO ADMINISTRATIVA;084782;AOSA APOIO;APOIO ADMINISTRATIVO, TECNICO E OPERACIONAL;0100;RECURSOS ORDINARIOS;1;ORCAMENTO FISCAL;3;DESPESAS CORRENTES;3;OUTRAS DESPESAS CORRENTES;37;LOCACAO DE MAO-DE-OBRA;339037;LOCACAO DE MAO-DE-OBRA;33903701;APOIO ADMINISTRATIVO, TECNICO E OPERACIONAL;5;GLOBAL;12;PREGAO;-8;12/04/2018;ABR/2018;2018;070025000012018NE000206;00043906620176078100;18CT0015 - PRESTACAO DE SERVICOS CONTINUADOS DE AUXILIAR DE SAUDE BUCAL.      PREGAO ELETRONICO Nº 05/2018. CONTRATO Nº 15/2018.;12978051000171;PHOENIX COMERCIO E SERVICOS DE LIMPEZA LTDA - ME;;;;;;;;71.876,53;;;;;;;;;;;;
14107;TRIBUNAL REGIONAL ELEITORAL DO DIST. FEDERAL;070025;TRIBUNAL REGIONAL ELEITORAL DO D. FEDERAL;02122057020GP0053;20GP;JULGAMENTO DE CAUSAS E GESTAO ADMINISTRATIVA NA JUSTICA ELEI;0001;JULGAMENTO DE CAUSAS E GESTAO ADMINISTRATIVA;084782;AOSA APOIO;APOIO ADMINISTRATIVO, TECNICO E OPERACIONAL;0100;RECURSOS ORDINARIOS;1;ORCAMENTO FISCAL;3;DESPESAS CORRENTES;3;OUTRAS DESPESAS CORRENTES;39;OUTROS SERVICOS DE TERCEIROS PJ - OP.INT.ORC.;339039;OUTROS SERVICOS DE TERCEIROS - PESSOA JURIDICA;339039-9;NAO SE APLICA;-9;NAO SE APLICA;-9;NAO SE APLICA;-9;NAO SE APLICA;NAO SE APLICA;-9;-9;-9;13CT0015 - SERVICOS DE LAVANDERIA, CONFORME CONTRATO Nº 15/13 - TERMO ADITIVO Nº 04.;-9;NAO SE APLICA;;;;;(8.000,00);;;;;;;;;;;;;;;
14107;TRIBUNAL REGIONAL ELEITORAL DO DIST. FEDERAL;070025;TRIBUNAL REGIONAL ELEITORAL DO D. FEDERAL;02122057020GP0053;20GP;JULGAMENTO DE CAUSAS E GESTAO ADMINISTRATIVA NA JUSTICA ELEI;0001;JULGAMENTO DE CAUSAS E GESTAO ADMINISTRATIVA;084782;AOSA APOIO;APOIO ADMINISTRATIVO, TECNICO E OPERACIONAL;0100;RECURSOS ORDINARIOS;1;ORCAMENTO FISCAL;3;DESPESAS CORRENTES;3;OUTRAS DESPESAS CORRENTES;39;OUTROS SERVICOS DE TERCEIROS PJ - OP.INT.ORC.;339039;OUTROS SERVICOS DE TERCEIROS - PESSOA JURIDICA;339039-9;NAO SE APLICA;-9;NAO SE APLICA;-9;NAO SE APLICA;-9;NAO SE APLICA;NAO SE APLICA;-9;-9;-9;15CT0029 - PRESTACAO DE SERVICOS DE LAVANDERIA HOSPITALAR.CONTRATO Nº 29/2015.TERMO DE APOSTILAMENTO Nº 01. TERMO ADITIVO Nº 02.;-9;NAO SE APLICA;;;;;(2.500,00);;;;;;;;;;;;;;;
14107;TRIBUNAL REGIONAL ELEITORAL DO DIST. FEDERAL;070025;TRIBUNAL REGIONAL ELEITORAL DO D. FEDERAL;02122057020GP0053;20GP;JULGAMENTO DE CAUSAS E GESTAO ADMINISTRATIVA NA JUSTICA ELEI;0001;JULGAMENTO DE CAUSAS E GESTAO ADMINISTRATIVA;084782;AOSA APOIO;APOIO ADMINISTRATIVO, TECNICO E OPERACIONAL;0100;RECURSOS ORDINARIOS;1;ORCAMENTO FISCAL;3;DESPESAS CORRENTES;3;OUTRAS DESPESAS CORRENTES;39;OUTROS SERVICOS DE TERCEIROS PJ - OP.INT.ORC.;339039;OUTROS SERVICOS DE TERCEIROS - PESSOA JURIDICA;339039-9;NAO SE APLICA;-9;NAO SE APLICA;-9;NAO SE APLICA;-9;NAO SE APLICA;NAO SE APLICA;-9;-9;-9;16CT0059 - SERVICOS DE GERENCIAMENTO DE RESIDUOS DE SAUDE, DE ACORDO COM O CONTRATO Nº 59/2016. TERMO ADITIVO Nº 01.;-9;NAO SE APLICA;;;;;(4.800,00);;;;;;;;;;;;;;;
14107;TRIBUNAL REGIONAL ELEITORAL DO DIST. FEDERAL;070025;TRIBUNAL REGIONAL ELEITORAL DO D. FEDERAL;02122057020GP0053;20GP;JULGAMENTO DE CAUSAS E GESTAO ADMINISTRATIVA NA JUSTICA ELEI;0001;JULGAMENTO DE CAUSAS E GESTAO ADMINISTRATIVA;084782;AOSA APOIO;APOIO ADMINISTRATIVO, TECNICO E OPERACIONAL;0100;RECURSOS ORDINARIOS;1;ORCAMENTO FISCAL;3;DESPESAS CORRENTES;3;OUTRAS DESPESAS CORRENTES;39;OUTROS SERVICOS DE TERCEIROS PJ - OP.INT.ORC.;339039;OUTROS SERVICOS DE TERCEIROS - PESSOA JURIDICA;339039-9;NAO SE APLICA;-9;NAO SE APLICA;-9;NAO SE APLICA;-9;NAO SE APLICA;NAO SE APLICA;-9;-9;-9;17CT0048 - PRESTACAO DE SERVICOS DE CONSERTO E AJUSTES DE TOGAS, BECAS, PELERINES E ETIQUETAS, DE ACORDO COM O CONTRATO 48/2017.;-9;NAO SE APLICA;;;;;(3.500,00);;;;;;;;;;;;;;;
14107;TRIBUNAL REGIONAL ELEITORAL DO DIST. FEDERAL;070025;TRIBUNAL REGIONAL ELEITORAL DO D. FEDERAL;02122057020GP0053;20GP;JULGAMENTO DE CAUSAS E GESTAO ADMINISTRATIVA NA JUSTICA ELEI;0001;JULGAMENTO DE CAUSAS E GESTAO ADMINISTRATIVA;084782;AOSA APOIO;APOIO ADMINISTRATIVO, TECNICO E OPERACIONAL;0100;RECURSOS ORDINARIOS;1;ORCAMENTO FISCAL;3;DESPESAS CORRENTES;3;OUTRAS DESPESAS CORRENTES;39;OUTROS SERVICOS DE TERCEIROS PJ - OP.INT.ORC.;339039;OUTROS SERVICOS DE TERCEIROS - PESSOA JURIDICA;339039-9;NAO SE APLICA;-9;NAO SE APLICA;-9;NAO SE APLICA;-9;NAO SE APLICA;NAO SE APLICA;-9;-9;-9;ALTERACAO PARA EMISSAO DE NE - PRESTACAO DE SERVICOS DE CONSERTO E AJUSTES DE TOGAS, BECAS, PELERINES E ETIQUETAS. (PA 0003531-50.2017.6.07.8100);-9;NAO SE APLICA;3.500,00;3.500,00;;;3.500,00;;;;;;;;;;;;;;;
14107;TRIBUNAL REGIONAL ELEITORAL DO DIST. FEDERAL;070025;TRIBUNAL REGIONAL ELEITORAL DO D. FEDERAL;02122057020GP0053;20GP;JULGAMENTO DE CAUSAS E GESTAO ADMINISTRATIVA NA JUSTICA ELEI;0001;JULGAMENTO DE CAUSAS E GESTAO ADMINISTRATIVA;084782;AOSA APOIO;APOIO ADMINISTRATIVO, TECNICO E OPERACIONAL;0100;RECURSOS ORDINARIOS;1;ORCAMENTO FISCAL;3;DESPESAS CORRENTES;3;OUTRAS DESPESAS CORRENTES;39;OUTROS SERVICOS DE TERCEIROS PJ - OP.INT.ORC.;339039;OUTROS SERVICOS DE TERCEIROS - PESSOA JURIDICA;339039-9;NAO SE APLICA;-9;NAO SE APLICA;-9;NAO SE APLICA;-9;NAO SE APLICA;NAO SE APLICA;-9;-9;-9;ALTERACAO PARA EMISSAO DE NE - SERVICOS DE LAVANDERIA, CONFORME CONTRATO Nº15/2013, TERMO ADITIVO Nº 04. (PA 0000042-39.2016.6.07.8100);-9;NAO SE APLICA;8.000,00;8.000,00;;;8.000,00;;;;;;;;;;;;;;;
14107;TRIBUNAL REGIONAL ELEITORAL DO DIST. FEDERAL;070025;TRIBUNAL REGIONAL ELEITORAL DO D. FEDERAL;02122057020GP0053;20GP;JULGAMENTO DE CAUSAS E GESTAO ADMINISTRATIVA NA JUSTICA ELEI;0001;JULGAMENTO DE CAUSAS E GESTAO ADMINISTRATIVA;084782;AOSA APOIO;APOIO ADMINISTRATIVO, TECNICO E OPERACIONAL;0100;RECURSOS ORDINARIOS;1;ORCAMENTO FISCAL;3;DESPESAS CORRENTES;3;OUTRAS DESPESAS CORRENTES;39;OUTROS SERVICOS DE TERCEIROS PJ - OP.INT.ORC.;339039;OUTROS SERVICOS DE TERCEIROS - PESSOA JURIDICA;339039-9;NAO SE APLICA;-9;NAO SE APLICA;-9;NAO SE APLICA;-9;NAO SE APLICA;NAO SE APLICA;-9;-9;-9;ALTERACAO PARA EMISSAO DE NE. SERVICOS DE GERENCIAMENTO DE RESIDUOS DE SAUDE. PAE 0004617-90.2016.6.07.8100;-9;NAO SE APLICA;4.800,00;4.800,00;;;4.800,00;;;;;;;;;;;;;;;
14107;TRIBUNAL REGIONAL ELEITORAL DO DIST. FEDERAL;070025;TRIBUNAL REGIONAL ELEITORAL DO D. FEDERAL;02122057020GP0053;20GP;JULGAMENTO DE CAUSAS E GESTAO ADMINISTRATIVA NA JUSTICA ELEI;0001;JULGAMENTO DE CAUSAS E GESTAO ADMINISTRATIVA;084782;AOSA APOIO;APOIO ADMINISTRATIVO, TECNICO E OPERACIONAL;0100;RECURSOS ORDINARIOS;1;ORCAMENTO FISCAL;3;DESPESAS CORRENTES;3;OUTRAS DESPESAS CORRENTES;39;OUTROS SERVICOS DE TERCEIROS PJ - OP.INT.ORC.;339039;OUTROS SERVICOS DE TERCEIROS - PESSOA JURIDICA;339039-9;NAO SE APLICA;-9;NAO SE APLICA;-9;NAO SE APLICA;-9;NAO SE APLICA;NAO SE APLICA;-9;-9;-9;ALTERACAO PARA EMISSAO DE NE. SERVICOS DE LAVANDERIA HOSPITALAR.              PAE 0000092-65.2016.6.07.8100;-9;NAO SE APLICA;2.500,00;2.500,00;;;2.500,00;;;;;;;;;;;;;;;
14107;TRIBUNAL REGIONAL ELEITORAL DO DIST. FEDERAL;070025;TRIBUNAL REGIONAL ELEITORAL DO D. FEDERAL;02122057020GP0053;20GP;JULGAMENTO DE CAUSAS E GESTAO ADMINISTRATIVA NA JUSTICA ELEI;0001;JULGAMENTO DE CAUSAS E GESTAO ADMINISTRATIVA;084782;AOSA APOIO;APOIO ADMINISTRATIVO, TECNICO E OPERACIONAL;0100;RECURSOS ORDINARIOS;1;ORCAMENTO FISCAL;3;DESPESAS CORRENTES;3;OUTRAS DESPESAS CORRENTES;39;OUTROS SERVICOS DE TERCEIROS PJ - OP.INT.ORC.;339039;OUTROS SERVICOS DE TERCEIROS - PESSOA JURIDICA;33903946;SERVICOS DOMESTICOS;3;ESTIMATIVO;12;PREGAO;-8;09/01/2018;JAN/2018;2018;070025000012018NE000031;00000926520166078100;15CT0029 - PRESTACAO DE SERVICOS DE LAVANDERIA HOSPITALAR.CONTRATO Nº 29/2015.TERMO DE APOSTILAMENTO Nº 01. TERMO ADITIVO Nº 02.;00814860000169;ESTERILAV ESTERILIZACAO DE MAT HOSPITALARES LTDA - EPP;;;;;;;;2.500,00;;;;;;;;;;;;
14107;TRIBUNAL REGIONAL ELEITORAL DO DIST. FEDERAL;070025;TRIBUNAL REGIONAL ELEITORAL DO D. FEDERAL;02122057020GP0053;20GP;JULGAMENTO DE CAUSAS E GESTAO ADMINISTRATIVA NA JUSTICA ELEI;0001;JULGAMENTO DE CAUSAS E GESTAO ADMINISTRATIVA;084782;AOSA APOIO;APOIO ADMINISTRATIVO, TECNICO E OPERACIONAL;0100;RECURSOS ORDINARIOS;1;ORCAMENTO FISCAL;3;DESPESAS CORRENTES;3;OUTRAS DESPESAS CORRENTES;39;OUTROS SERVICOS DE TERCEIROS PJ - OP.INT.ORC.;339039;OUTROS SERVICOS DE TERCEIROS - PESSOA JURIDICA;33903946;SERVICOS DOMESTICOS;3;ESTIMATIVO;12;PREGAO;-8;09/01/2018;JAN/2018;2018;070025000012018NE000031;00000926520166078100;ERRO;00814860000169;ESTERILAV ESTERILIZACAO DE MAT HOSPITALARES LTDA - EPP;;;;;;;;0,00;(141,00);(141,00);;;;;;;;;(141,00);(141,00)
14107;TRIBUNAL REGIONAL ELEITORAL DO DIST. FEDERAL;070025;TRIBUNAL REGIONAL ELEITORAL DO D. FEDERAL;02122057020GP0053;20GP;JULGAMENTO DE CAUSAS E GESTAO ADMINISTRATIVA NA JUSTICA ELEI;0001;JULGAMENTO DE CAUSAS E GESTAO ADMINISTRATIVA;084782;AOSA APOIO;APOIO ADMINISTRATIVO, TECNICO E OPERACIONAL;0100;RECURSOS ORDINARIOS;1;ORCAMENTO FISCAL;3;DESPESAS CORRENTES;3;OUTRAS DESPESAS CORRENTES;39;OUTROS SERVICOS DE TERCEIROS PJ - OP.INT.ORC.;339039;OUTROS SERVICOS DE TERCEIROS - PESSOA JURIDICA;33903946;SERVICOS DOMESTICOS;3;ESTIMATIVO;12;PREGAO;-8;09/01/2018;JAN/2018;2018;070025000012018NE000031;00000926520166078100;PAGTO NF 12373. SERVICOS DE LAVANDERIA HOSPITALAR, JANEIRO 2018. RETENCAO 5,00 ISS (R$ 8,57). OPTANTE SIMPLES NACIONAL. PA 0239-91.2016;00814860000169;ESTERILAV ESTERILIZACAO DE MAT HOSPITALARES LTDA - EPP;;;;;;;;0,00;171,35;171,35;;;;;;;;;171,35;171,35
14107;TRIBUNAL REGIONAL ELEITORAL DO DIST. FEDERAL;070025;TRIBUNAL REGIONAL ELEITORAL DO D. FEDERAL;02122057020GP0053;20GP;JULGAMENTO DE CAUSAS E GESTAO ADMINISTRATIVA NA JUSTICA ELEI;0001;JULGAMENTO DE CAUSAS E GESTAO ADMINISTRATIVA;084782;AOSA APOIO;APOIO ADMINISTRATIVO, TECNICO E OPERACIONAL;0100;RECURSOS ORDINARIOS;1;ORCAMENTO FISCAL;3;DESPESAS CORRENTES;3;OUTRAS DESPESAS CORRENTES;39;OUTROS SERVICOS DE TERCEIROS PJ - OP.INT.ORC.;339039;OUTROS SERVICOS DE TERCEIROS - PESSOA JURIDICA;33903946;SERVICOS DOMESTICOS;3;ESTIMATIVO;12;PREGAO;-8;09/01/2018;JAN/2018;2018;070025000012018NE000031;00000926520166078100;PAGTO NF 12511. SERVICOS DE LAVANDERIA HOSPITALAR, FEVEREIRO 2018. RETENCAO 5,00 ISS (R$ 8,18). OPTANTE SIMPLES NACIONAL. PA 0239-91.2016;00814860000169;ESTERILAV ESTERILIZACAO DE MAT HOSPITALARES LTDA - EPP;;;;;;;;0,00;163,67;163,67;;;;;;;;;163,67;163,67
14107;TRIBUNAL REGIONAL ELEITORAL DO DIST. FEDERAL;070025;TRIBUNAL REGIONAL ELEITORAL DO D. FEDERAL;02122057020GP0053;20GP;JULGAMENTO DE CAUSAS E GESTAO ADMINISTRATIVA NA JUSTICA ELEI;0001;JULGAMENTO DE CAUSAS E GESTAO ADMINISTRATIVA;084782;AOSA APOIO;APOIO ADMINISTRATIVO, TECNICO E OPERACIONAL;0100;RECURSOS ORDINARIOS;1;ORCAMENTO FISCAL;3;DESPESAS CORRENTES;3;OUTRAS DESPESAS CORRENTES;39;OUTROS SERVICOS DE TERCEIROS PJ - OP.INT.ORC.;339039;OUTROS SERVICOS DE TERCEIROS - PESSOA JURIDICA;33903946;SERVICOS DOMESTICOS;3;ESTIMATIVO;12;PREGAO;-8;09/01/2018;JAN/2018;2018;070025000012018NE000031;00000926520166078100;PAGTO NF 12962. SERVICOS DE LAVANDERIA HOSPITALAR, MARCO 2018. RETENCAO 5,00 ISS (R$ 9,56). OPTANTE SIMPLES NACIONAL. PA 0239-91.2016;00814860000169;ESTERILAV ESTERILIZACAO DE MAT HOSPITALARES LTDA - EPP;;;;;;;;0,00;191,23;191,23;;;;;;;;;191,23;191,23
14107;TRIBUNAL REGIONAL ELEITORAL DO DIST. FEDERAL;070025;TRIBUNAL REGIONAL ELEITORAL DO D. FEDERAL;02122057020GP0053;20GP;JULGAMENTO DE CAUSAS E GESTAO ADMINISTRATIVA NA JUSTICA ELEI;0001;JULGAMENTO DE CAUSAS E GESTAO ADMINISTRATIVA;084782;AOSA APOIO;APOIO ADMINISTRATIVO, TECNICO E OPERACIONAL;0100;RECURSOS ORDINARIOS;1;ORCAMENTO FISCAL;3;DESPESAS CORRENTES;3;OUTRAS DESPESAS CORRENTES;39;OUTROS SERVICOS DE TERCEIROS PJ - OP.INT.ORC.;339039;OUTROS SERVICOS DE TERCEIROS - PESSOA JURIDICA;33903946;SERVICOS DOMESTICOS;3;ESTIMATIVO;12;PREGAO;-8;09/01/2018;JAN/2018;2018;070025000012018NE000031;00000926520166078100;PAGTO NF 13.092 SERVICOS DE LAVANDERIA HOSPITALAR, ABRIL 2018. RETENCAO 5,00 ISS (R$ 7,05). OPTANTE SIMPLES NACIONAL. PA 0239-91.2016;00814860000169;ESTERILAV ESTERILIZACAO DE MAT HOSPITALARES LTDA - EPP;;;;;;;;0,00;141,00;141,00;;;;;;;;;141,00;141,00
14107;TRIBUNAL REGIONAL ELEITORAL DO DIST. FEDERAL;070025;TRIBUNAL REGIONAL ELEITORAL DO D. FEDERAL;02122057020GP0053;20GP;JULGAMENTO DE CAUSAS E GESTAO ADMINISTRATIVA NA JUSTICA ELEI;0001;JULGAMENTO DE CAUSAS E GESTAO ADMINISTRATIVA;084782;AOSA APOIO;APOIO ADMINISTRATIVO, TECNICO E OPERACIONAL;0100;RECURSOS ORDINARIOS;1;ORCAMENTO FISCAL;3;DESPESAS CORRENTES;3;OUTRAS DESPESAS CORRENTES;39;OUTROS SERVICOS DE TERCEIROS PJ - OP.INT.ORC.;339039;OUTROS SERVICOS DE TERCEIROS - PESSOA JURIDICA;33903946;SERVICOS DOMESTICOS;3;ESTIMATIVO;12;PREGAO;-8;09/01/2018;JAN/2018;2018;070025000012018NE000031;00000926520166078100;PAGTO NF 13.092 SERVICOS DE LAVANDERIA HOSPITALAR, MARCO 2018. RETENCAO 5,00 ISS (R$ 7,05). OPTANTE SIMPLES NACIONAL. PA 0239-91.2016;00814860000169;ESTERILAV ESTERILIZACAO DE MAT HOSPITALARES LTDA - EPP;;;;;;;;0,00;141,00;141,00;;;;;;;;;141,00;141,00
14107;TRIBUNAL REGIONAL ELEITORAL DO DIST. FEDERAL;070025;TRIBUNAL REGIONAL ELEITORAL DO D. FEDERAL;02122057020GP0053;20GP;JULGAMENTO DE CAUSAS E GESTAO ADMINISTRATIVA NA JUSTICA ELEI;0001;JULGAMENTO DE CAUSAS E GESTAO ADMINISTRATIVA;084782;AOSA APOIO;APOIO ADMINISTRATIVO, TECNICO E OPERACIONAL;0100;RECURSOS ORDINARIOS;1;ORCAMENTO FISCAL;3;DESPESAS CORRENTES;3;OUTRAS DESPESAS CORRENTES;39;OUTROS SERVICOS DE TERCEIROS PJ - OP.INT.ORC.;339039;OUTROS SERVICOS DE TERCEIROS - PESSOA JURIDICA;33903946;SERVICOS DOMESTICOS;3;ESTIMATIVO;12;PREGAO;-8;10/01/2018;JAN/2018;2018;070025000012018NE000036;00000423920166078100;13CT0015 - SERVICOS DE LAVANDERIA, CONFORME CONTRATO Nº 15/13 - TERMO ADITIVO Nº 04.;00949483000175;A ABBA SERVICOS GERAIS LTDA - ME;;;;;;;;8.000,00;;;;;;;;;;;;
14107;TRIBUNAL REGIONAL ELEITORAL DO DIST. FEDERAL;070025;TRIBUNAL REGIONAL ELEITORAL DO D. FEDERAL;02122057020GP0053;20GP;JULGAMENTO DE CAUSAS E GESTAO ADMINISTRATIVA NA JUSTICA ELEI;0001;JULGAMENTO DE CAUSAS E GESTAO ADMINISTRATIVA;084782;AOSA APOIO;APOIO ADMINISTRATIVO, TECNICO E OPERACIONAL;0100;RECURSOS ORDINARIOS;1;ORCAMENTO FISCAL;3;DESPESAS CORRENTES;3;OUTRAS DESPESAS CORRENTES;39;OUTROS SERVICOS DE TERCEIROS PJ - OP.INT.ORC.;339039;OUTROS SERVICOS DE TERCEIROS - PESSOA JURIDICA;33903946;SERVICOS DOMESTICOS;3;ESTIMATIVO;12;PREGAO;-8;10/01/2018;JAN/2018;2018;070025000012018NE000036;00000423920166078100;PAGTO NF 2391. SERVICOS DE LAVANDERIA, JANEIRO/2018. RETENCAO 3,84 ISS (R$ 13,61). PA 0186-13.2016;00949483000175;A ABBA SERVICOS GERAIS LTDA - ME;;;;;;;;0,00;354,50;354,50;;;;;;;;;354,50;354,50
14107;TRIBUNAL REGIONAL ELEITORAL DO DIST. FEDERAL;070025;TRIBUNAL REGIONAL ELEITORAL DO D. FEDERAL;02122057020GP0053;20GP;JULGAMENTO DE CAUSAS E GESTAO ADMINISTRATIVA NA JUSTICA ELEI;0001;JULGAMENTO DE CAUSAS E GESTAO ADMINISTRATIVA;084782;AOSA APOIO;APOIO ADMINISTRATIVO, TECNICO E OPERACIONAL;0100;RECURSOS ORDINARIOS;1;ORCAMENTO FISCAL;3;DESPESAS CORRENTES;3;OUTRAS DESPESAS CORRENTES;39;OUTROS SERVICOS DE TERCEIROS PJ - OP.INT.ORC.;339039;OUTROS SERVICOS DE TERCEIROS - PESSOA JURIDICA;33903946;SERVICOS DOMESTICOS;3;ESTIMATIVO;12;PREGAO;-8;10/01/2018;JAN/2018;2018;070025000012018NE000036;00000423920166078100;PAGTO NF 2442. SERVICOS DE LAVANDERIA, FEVEREIRO/2018. RETENCAO 3,84 ISS (R$ 35,98). PA 0186-13.2016;00949483000175;A ABBA SERVICOS GERAIS LTDA - ME;;;;;;;;0,00;936,87;936,87;;;;;;;;;936,87;936,87
14107;TRIBUNAL REGIONAL ELEITORAL DO DIST. FEDERAL;070025;TRIBUNAL REGIONAL ELEITORAL DO D. FEDERAL;02122057020GP0053;20GP;JULGAMENTO DE CAUSAS E GESTAO ADMINISTRATIVA NA JUSTICA ELEI;0001;JULGAMENTO DE CAUSAS E GESTAO ADMINISTRATIVA;084782;AOSA APOIO;APOIO ADMINISTRATIVO, TECNICO E OPERACIONAL;0100;RECURSOS ORDINARIOS;1;ORCAMENTO FISCAL;3;DESPESAS CORRENTES;3;OUTRAS DESPESAS CORRENTES;39;OUTROS SERVICOS DE TERCEIROS PJ - OP.INT.ORC.;339039;OUTROS SERVICOS DE TERCEIROS - PESSOA JURIDICA;33903946;SERVICOS DOMESTICOS;3;ESTIMATIVO;12;PREGAO;-8;10/01/2018;JAN/2018;2018;070025000012018NE000036;00000423920166078100;PAGTO NF 2489. SERVICOS DE LAVANDERIA, MARCO/2018. RETENCAO 3,84 ISS (R$ 28,65). PA 0186-13.2016;00949483000175;A ABBA SERVICOS GERAIS LTDA - ME;;;;;;;;0,00;746,13;746,13;;;;;;;;;746,13;746,13
14107;TRIBUNAL REGIONAL ELEITORAL DO DIST. FEDERAL;070025;TRIBUNAL REGIONAL ELEITORAL DO D. FEDERAL;02122057020GP0053;20GP;JULGAMENTO DE CAUSAS E GESTAO ADMINISTRATIVA NA JUSTICA ELEI;0001;JULGAMENTO DE CAUSAS E GESTAO ADMINISTRATIVA;084782;AOSA APOIO;APOIO ADMINISTRATIVO, TECNICO E OPERACIONAL;0100;RECURSOS ORDINARIOS;1;ORCAMENTO FISCAL;3;DESPESAS CORRENTES;3;OUTRAS DESPESAS CORRENTES;39;OUTROS SERVICOS DE TERCEIROS PJ - OP.INT.ORC.;339039;OUTROS SERVICOS DE TERCEIROS - PESSOA JURIDICA;33903946;SERVICOS DOMESTICOS;3;ESTIMATIVO;12;PREGAO;-8;10/01/2018;JAN/2018;2018;070025000012018NE000036;00000423920166078100;PAGTO NF 2526. SERVICOS DE LAVANDERIA, ABRIL/2018. RETENCAO 3,84 ISS (R$ 29,87). PA 0186-13.2016;00949483000175;A ABBA SERVICOS GERAIS LTDA - ME;;;;;;;;0,00;777,95;777,95;;;;;;;;;777,95;777,95
14107;TRIBUNAL REGIONAL ELEITORAL DO DIST. FEDERAL;070025;TRIBUNAL REGIONAL ELEITORAL DO D. FEDERAL;02122057020GP0053;20GP;JULGAMENTO DE CAUSAS E GESTAO ADMINISTRATIVA NA JUSTICA ELEI;0001;JULGAMENTO DE CAUSAS E GESTAO ADMINISTRATIVA;084782;AOSA APOIO;APOIO ADMINISTRATIVO, TECNICO E OPERACIONAL;0100;RECURSOS ORDINARIOS;1;ORCAMENTO FISCAL;3;DESPESAS CORRENTES;3;OUTRAS DESPESAS CORRENTES;39;OUTROS SERVICOS DE TERCEIROS PJ - OP.INT.ORC.;339039;OUTROS SERVICOS DE TERCEIROS - PESSOA JURIDICA;33903970;CONFECCAO DE UNIFORMES, BANDEIRAS E FLAMULAS;3;ESTIMATIVO;12;PREGAO;-8;27/04/2018;ABR/2018;2018;070025000012018NE000221;00035315020176078100;17CT0048 - PRESTACAO DE SERVICOS DE CONSERTO E AJUSTES DE TOGAS, BECAS, PELERINES E ETIQUETAS, DE ACORDO COM O CONTRATO 48/2017.;02776353000103;DESTAK EMPREENDIMENTOS COMERCIAIS LTDA - ME;;;;;;;;3.500,00;;;;;;;;;;;;
14107;TRIBUNAL REGIONAL ELEITORAL DO DIST. FEDERAL;070025;TRIBUNAL REGIONAL ELEITORAL DO D. FEDERAL;02122057020GP0053;20GP;JULGAMENTO DE CAUSAS E GESTAO ADMINISTRATIVA NA JUSTICA ELEI;0001;JULGAMENTO DE CAUSAS E GESTAO ADMINISTRATIVA;084782;AOSA APOIO;APOIO ADMINISTRATIVO, TECNICO E OPERACIONAL;0100;RECURSOS ORDINARIOS;1;ORCAMENTO FISCAL;3;DESPESAS CORRENTES;3;OUTRAS DESPESAS CORRENTES;39;OUTROS SERVICOS DE TERCEIROS PJ - OP.INT.ORC.;339039;OUTROS SERVICOS DE TERCEIROS - PESSOA JURIDICA;33903970;CONFECCAO DE UNIFORMES, BANDEIRAS E FLAMULAS;3;ESTIMATIVO;12;PREGAO;-8;27/04/2018;ABR/2018;2018;070025000012018NE000221;00035315020176078100;PAGTO NF 1115. FORNECIMENTO, CONSERTO E AJUSTES DE TOGAS. OPTANTE PELO SIMPLES NACIONAL. PA 3531-50.2017;02776353000103;DESTAK EMPREENDIMENTOS COMERCIAIS LTDA - ME;;;;;;;;0,00;300,00;300,00;;;;;;;;;300,00;300,00
14107;TRIBUNAL REGIONAL ELEITORAL DO DIST. FEDERAL;070025;TRIBUNAL REGIONAL ELEITORAL DO D. FEDERAL;02122057020GP0053;20GP;JULGAMENTO DE CAUSAS E GESTAO ADMINISTRATIVA NA JUSTICA ELEI;0001;JULGAMENTO DE CAUSAS E GESTAO ADMINISTRATIVA;084782;AOSA APOIO;APOIO ADMINISTRATIVO, TECNICO E OPERACIONAL;0100;RECURSOS ORDINARIOS;1;ORCAMENTO FISCAL;3;DESPESAS CORRENTES;3;OUTRAS DESPESAS CORRENTES;39;OUTROS SERVICOS DE TERCEIROS PJ - OP.INT.ORC.;339039;OUTROS SERVICOS DE TERCEIROS - PESSOA JURIDICA;33903975;SERVICO DE INCINERACAO,DESTRUICAO E DEMOLICAO;5;GLOBAL;06;DISPENSA DE LICITACAO;05;05/01/2017;JAN/2017;2017;070025000012017NE000030;00046179020166078100;NAO SE APLICA;10865146000153;BELFORT GERENCIAMENTO DE RESIDUOS LTDA - EPP;;;;;;;;;;;;;200,00;;;;;200,00;;
14107;TRIBUNAL REGIONAL ELEITORAL DO DIST. FEDERAL;070025;TRIBUNAL REGIONAL ELEITORAL DO D. FEDERAL;02122057020GP0053;20GP;JULGAMENTO DE CAUSAS E GESTAO ADMINISTRATIVA NA JUSTICA ELEI;0001;JULGAMENTO DE CAUSAS E GESTAO ADMINISTRATIVA;084782;AOSA APOIO;APOIO ADMINISTRATIVO, TECNICO E OPERACIONAL;0100;RECURSOS ORDINARIOS;1;ORCAMENTO FISCAL;3;DESPESAS CORRENTES;3;OUTRAS DESPESAS CORRENTES;39;OUTROS SERVICOS DE TERCEIROS PJ - OP.INT.ORC.;339039;OUTROS SERVICOS DE TERCEIROS - PESSOA JURIDICA;33903975;SERVICO DE INCINERACAO,DESTRUICAO E DEMOLICAO;5;GLOBAL;06;DISPENSA DE LICITACAO;05;05/01/2017;JAN/2017;2017;070025000012017NE000030;00046179020166078100;PAGTO NFS 360355 E 1048853. GERENCIAMENTO DE RESIDUOS DE SAUDE, DEZ/17 E JAN/18. RETENCAO 5,00 ISS (R$ 30,00). PA 1124-71.2017;10865146000153;BELFORT GERENCIAMENTO DE RESIDUOS LTDA - EPP;;;;;;;;;;;;;;;;200,00;200,00;(200,00);200,00;200,00
14107;TRIBUNAL REGIONAL ELEITORAL DO DIST. FEDERAL;070025;TRIBUNAL REGIONAL ELEITORAL DO D. FEDERAL;02122057020GP0053;20GP;JULGAMENTO DE CAUSAS E GESTAO ADMINISTRATIVA NA JUSTICA ELEI;0001;JULGAMENTO DE CAUSAS E GESTAO ADMINISTRATIVA;084782;AOSA APOIO;APOIO ADMINISTRATIVO, TECNICO E OPERACIONAL;0100;RECURSOS ORDINARIOS;1;ORCAMENTO FISCAL;3;DESPESAS CORRENTES;3;OUTRAS DESPESAS CORRENTES;39;OUTROS SERVICOS DE TERCEIROS PJ - OP.INT.ORC.;339039;OUTROS SERVICOS DE TERCEIROS - PESSOA JURIDICA;33903975;SERVICO DE INCINERACAO,DESTRUICAO E DEMOLICAO;5;GLOBAL;06;DISPENSA DE LICITACAO;05;17/01/2018;JAN/2018;2018;070025000012018NE000064;00046179020166078100;16CT0059 - SERVICOS DE GERENCIAMENTO DE RESIDUOS DE SAUDE, DE ACORDO COM O CONTRATO Nº 59/2016. TERMO ADITIVO Nº 01.;10865146000153;BELFORT GERENCIAMENTO DE RESIDUOS LTDA - EPP;;;;;;;;4.800,00;;;;;;;;;;;;
14107;TRIBUNAL REGIONAL ELEITORAL DO DIST. FEDERAL;070025;TRIBUNAL REGIONAL ELEITORAL DO D. FEDERAL;02122057020GP0053;20GP;JULGAMENTO DE CAUSAS E GESTAO ADMINISTRATIVA NA JUSTICA ELEI;0001;JULGAMENTO DE CAUSAS E GESTAO ADMINISTRATIVA;084782;AOSA APOIO;APOIO ADMINISTRATIVO, TECNICO E OPERACIONAL;0100;RECURSOS ORDINARIOS;1;ORCAMENTO FISCAL;3;DESPESAS CORRENTES;3;OUTRAS DESPESAS CORRENTES;39;OUTROS SERVICOS DE TERCEIROS PJ - OP.INT.ORC.;339039;OUTROS SERVICOS DE TERCEIROS - PESSOA JURIDICA;33903975;SERVICO DE INCINERACAO,DESTRUICAO E DEMOLICAO;5;GLOBAL;06;DISPENSA DE LICITACAO;05;17/01/2018;JAN/2018;2018;070025000012018NE000064;00046179020166078100;PAGTO NF 1049136. GERENCIAMENTO DE RESIDUOS DE SAUDE, FEV/18. RETENCAO 5,00 ISS (R$ 15,00). PA 1124-71.2017;10865146000153;BELFORT GERENCIAMENTO DE RESIDUOS LTDA - EPP;;;;;;;;0,00;300,00;300,00;;;;;;;;;300,00;300,00
14107;TRIBUNAL REGIONAL ELEITORAL DO DIST. FEDERAL;070025;TRIBUNAL REGIONAL ELEITORAL DO D. FEDERAL;02122057020GP0053;20GP;JULGAMENTO DE CAUSAS E GESTAO ADMINISTRATIVA NA JUSTICA ELEI;0001;JULGAMENTO DE CAUSAS E GESTAO ADMINISTRATIVA;084782;AOSA APOIO;APOIO ADMINISTRATIVO, TECNICO E OPERACIONAL;0100;RECURSOS ORDINARIOS;1;ORCAMENTO FISCAL;3;DESPESAS CORRENTES;3;OUTRAS DESPESAS CORRENTES;39;OUTROS SERVICOS DE TERCEIROS PJ - OP.INT.ORC.;339039;OUTROS SERVICOS DE TERCEIROS - PESSOA JURIDICA;33903975;SERVICO DE INCINERACAO,DESTRUICAO E DEMOLICAO;5;GLOBAL;06;DISPENSA DE LICITACAO;05;17/01/2018;JAN/2018;2018;070025000012018NE000064;00046179020166078100;PAGTO NF 1049476. GERENCIAMENTO DE RESIDUOS DE SAUDE, MAR/18. RETENCAO 5,00 ISS (R$ 22,50). PA 1124-71.2017;10865146000153;BELFORT GERENCIAMENTO DE RESIDUOS LTDA - EPP;;;;;;;;0,00;450,00;450,00;;;;;;;;;450,00;450,00
14107;TRIBUNAL REGIONAL ELEITORAL DO DIST. FEDERAL;070025;TRIBUNAL REGIONAL ELEITORAL DO D. FEDERAL;02122057020GP0053;20GP;JULGAMENTO DE CAUSAS E GESTAO ADMINISTRATIVA NA JUSTICA ELEI;0001;JULGAMENTO DE CAUSAS E GESTAO ADMINISTRATIVA;084782;AOSA APOIO;APOIO ADMINISTRATIVO, TECNICO E OPERACIONAL;0100;RECURSOS ORDINARIOS;1;ORCAMENTO FISCAL;3;DESPESAS CORRENTES;3;OUTRAS DESPESAS CORRENTES;39;OUTROS SERVICOS DE TERCEIROS PJ - OP.INT.ORC.;339039;OUTROS SERVICOS DE TERCEIROS - PESSOA JURIDICA;33903975;SERVICO DE INCINERACAO,DESTRUICAO E DEMOLICAO;5;GLOBAL;06;DISPENSA DE LICITACAO;05;17/01/2018;JAN/2018;2018;070025000012018NE000064;00046179020166078100;PAGTO NFS 360355 E 1048853. GERENCIAMENTO DE RESIDUOS DE SAUDE, DEZ/17 E JAN/18. RETENCAO 5,00 ISS (R$ 30,00). PA 1124-71.2017;10865146000153;BELFORT GERENCIAMENTO DE RESIDUOS LTDA - EPP;;;;;;;;0,00;400,00;400,00;;;;;;;;;400,00;400,00
14107;TRIBUNAL REGIONAL ELEITORAL DO DIST. FEDERAL;070025;TRIBUNAL REGIONAL ELEITORAL DO D. FEDERAL;02122057020GP0053;20GP;JULGAMENTO DE CAUSAS E GESTAO ADMINISTRATIVA NA JUSTICA ELEI;0001;JULGAMENTO DE CAUSAS E GESTAO ADMINISTRATIVA;084782;AOSA ASSINA;ASSINATURAS DE REVISTAS E PERIODICOS;0100;RECURSOS ORDINARIOS;1;ORCAMENTO FISCAL;3;DESPESAS CORRENTES;3;OUTRAS DESPESAS CORRENTES;39;OUTROS SERVICOS DE TERCEIROS PJ - OP.INT.ORC.;339039;OUTROS SERVICOS DE TERCEIROS - PESSOA JURIDICA;33903901;ASSINATURAS DE PERIODICOS E ANUIDADES;1;ORDINARIO;07;INEXIGIBILIDADE;CP;13/12/2017;DEZ/2017;2017;070025000012017NE000660;00052861220176078100;NAO SE APLICA;86781069000115;ZENITE INFORMACAO E CONSULTORIA S/A;;;;;;;;;;;;;6.846,00;;;;;6.846,00;;
14107;TRIBUNAL REGIONAL ELEITORAL DO DIST. FEDERAL;070025;TRIBUNAL REGIONAL ELEITORAL DO D. FEDERAL;02122057020GP0053;20GP;JULGAMENTO DE CAUSAS E GESTAO ADMINISTRATIVA NA JUSTICA ELEI;0001;JULGAMENTO DE CAUSAS E GESTAO ADMINISTRATIVA;084782;AOSA ASSINA;ASSINATURAS DE REVISTAS E PERIODICOS;0100;RECURSOS ORDINARIOS;1;ORCAMENTO FISCAL;3;DESPESAS CORRENTES;3;OUTRAS DESPESAS CORRENTES;39;OUTROS SERVICOS DE TERCEIROS PJ - OP.INT.ORC.;339039;OUTROS SERVICOS DE TERCEIROS - PESSOA JURIDICA;33903901;ASSINATURAS DE PERIODICOS E ANUIDADES;1;ORDINARIO;07;INEXIGIBILIDADE;CP;13/12/2017;DEZ/2017;2017;070025000012017NE000660;00052861220176078100;PAGTO NF 17.331. FORNECIMENTO DE ACESSO A FERRAMENTA/SOLUCAO ZENITE FACIL, POR MEIO DE UMA ASSINATURA ELETRONICA. RETENCAO DE IMPOSTOS FEDERAIS 9,45 (R$ 646,95) . PA 5286-12.2017;86781069000115;ZENITE INFORMACAO E CONSULTORIA S/A;;;;;;;;;;;;;;;;6.846,00;6.846,00;(6.846,00);6.846,00;6.846,00
14107;TRIBUNAL REGIONAL ELEITORAL DO DIST. FEDERAL;070025;TRIBUNAL REGIONAL ELEITORAL DO D. FEDERAL;02122057020GP0053;20GP;JULGAMENTO DE CAUSAS E GESTAO ADMINISTRATIVA NA JUSTICA ELEI;0001;JULGAMENTO DE CAUSAS E GESTAO ADMINISTRATIVA;084782;AOSA ASSINA;ASSINATURAS DE REVISTAS E PERIODICOS;0127;CUSTAS E EMOLUMENTOS - PODER JUDICIARIO;1;ORCAMENTO FISCAL;3;DESPESAS CORRENTES;3;OUTRAS DESPESAS CORRENTES;39;OUTROS SERVICOS DE TERCEIROS PJ - OP.INT.ORC.;339039;OUTROS SERVICOS DE TERCEIROS - PESSOA JURIDICA;339039-9;NAO SE APLICA;-9;NAO SE APLICA;-9;NAO SE APLICA;-9;NAO SE APLICA;NAO SE APLICA;-9;-9;-9;"ALTERACAO PARA EMISSAO DE PE - PRORROGACAO DO PRAZO DE VIGENCIA,POR MAIS 12 MESES, DO CONTRATO N.21/2017, ATINENTE A PRESTACAO DE SERVICOS MEDIANTE ASSINATURA ANUAL PARA 02 ACESSOS AO SISTEMA ""BANCO DE PRECOS"". (PA 0002579-71.2017)";-9;NAO SE APLICA;15.980,00;15.980,00;;;15.980,00;;;;;;;;;;;;;;;
14107;TRIBUNAL REGIONAL ELEITORAL DO DIST. FEDERAL;070025;TRIBUNAL REGIONAL ELEITORAL DO D. FEDERAL;02122057020GP0053;20GP;JULGAMENTO DE CAUSAS E GESTAO ADMINISTRATIVA NA JUSTICA ELEI;0001;JULGAMENTO DE CAUSAS E GESTAO ADMINISTRATIVA;084782;AOSA ASSINA;ASSINATURAS DE REVISTAS E PERIODICOS;0127;CUSTAS E EMOLUMENTOS - PODER JUDICIARIO;1;ORCAMENTO FISCAL;3;DESPESAS CORRENTES;3;OUTRAS DESPESAS CORRENTES;39;OUTROS SERVICOS DE TERCEIROS PJ - OP.INT.ORC.;339039;OUTROS SERVICOS DE TERCEIROS - PESSOA JURIDICA;339039-9;NAO SE APLICA;-9;NAO SE APLICA;-9;NAO SE APLICA;-9;NAO SE APLICA;NAO SE APLICA;-9;-9;-9;"PRORROGACAO DO PRAZO DE VIGENCIA,POR MAIS 12 MESES,DO CONTRATO Nº 21/2017, A  TINENTE A PRESTACAO DE SERVICOS MEDIANTE ASSINATURA ANUAL PARA 02 ACESSOS AO  SISTEMA ""BANCO DE PRECOS"". (PA 0002579-71.2017.6.07.8100)";-9;NAO SE APLICA;;;;;(15.980,00);15.980,00;15.980,00;;;;;;;;;;;;;
14107;TRIBUNAL REGIONAL ELEITORAL DO DIST. FEDERAL;070025;TRIBUNAL REGIONAL ELEITORAL DO D. FEDERAL;02122057020GP0053;20GP;JULGAMENTO DE CAUSAS E GESTAO ADMINISTRATIVA NA JUSTICA ELEI;0001;JULGAMENTO DE CAUSAS E GESTAO ADMINISTRATIVA;084782;AOSA COMBUS;COMBUSTIVEIS E LUBRIFICAN;0100;RECURSOS ORDINARIOS;1;ORCAMENTO FISCAL;3;DESPESAS CORRENTES;3;OUTRAS DESPESAS CORRENTES;30;MATERIAL DE CONSUMO;339030;MATERIAL DE CONSUMO;339030-9;NAO SE APLICA;-9;NAO SE APLICA;-9;NAO SE APLICA;-9;NAO SE APLICA;NAO SE APLICA;-9;-9;-9;17CT0002 - FORNECIMENTO DE COMBUSTIVEIS PARA OS VEICULOS DO TRIBUNAL REGIONAL ELEITORAL DO DISTRITO FEDERAL (EXERCICIO 2018). CONTRATO Nº 02/2017.;-9;NAO SE APLICA;;;;;(8.566,05);;;;;;;;;;;;;;;
14107;TRIBUNAL REGIONAL ELEITORAL DO DIST. FEDERAL;070025;TRIBUNAL REGIONAL ELEITORAL DO D. FEDERAL;02122057020GP0053;20GP;JULGAMENTO DE CAUSAS E GESTAO ADMINISTRATIVA NA JUSTICA ELEI;0001;JULGAMENTO DE CAUSAS E GESTAO ADMINISTRATIVA;084782;AOSA COMBUS;COMBUSTIVEIS E LUBRIFICAN;0100;RECURSOS ORDINARIOS;1;ORCAMENTO FISCAL;3;DESPESAS CORRENTES;3;OUTRAS DESPESAS CORRENTES;30;MATERIAL DE CONSUMO;339030;MATERIAL DE CONSUMO;339030-9;NAO SE APLICA;-9;NAO SE APLICA;-9;NAO SE APLICA;-9;NAO SE APLICA;NAO SE APLICA;-9;-9;-9;17CT0002 - FORNECIMENTO DE COMBUSTIVEIS PARA OS VEICULOS DO TRIBUNAL REGIONAL ELEITORAL DO DISTRITO FEDERAL (EXERCICIO 2018). CONTRATO Nº 02/2017.          ANULACAO PARA CORRECAO DO VALOR EMPENHADO.;-9;NAO SE APLICA;;;;;4.281,54;;;;;;;;;;;;;;;
14107;TRIBUNAL REGIONAL ELEITORAL DO DIST. FEDERAL;070025;TRIBUNAL REGIONAL ELEITORAL DO D. FEDERAL;02122057020GP0053;20GP;JULGAMENTO DE CAUSAS E GESTAO ADMINISTRATIVA NA JUSTICA ELEI;0001;JULGAMENTO DE CAUSAS E GESTAO ADMINISTRATIVA;084782;AOSA COMBUS;COMBUSTIVEIS E LUBRIFICAN;0100;RECURSOS ORDINARIOS;1;ORCAMENTO FISCAL;3;DESPESAS CORRENTES;3;OUTRAS DESPESAS CORRENTES;30;MATERIAL DE CONSUMO;339030;MATERIAL DE CONSUMO;339030-9;NAO SE APLICA;-9;NAO SE APLICA;-9;NAO SE APLICA;-9;NAO SE APLICA;NAO SE APLICA;-9;-9;-9;18CT0003 - CONTRATO DE FORNECIMENTO DE COMBUSTIVEIS PARA OS VEICULOS DO TRE-DFPREGAO ELETRONICO N.º 35/2017. CONTRATO Nº 03/2018.;-9;NAO SE APLICA;;;;;(13.193,83);;;;;;;;;;;;;;;
14107;TRIBUNAL REGIONAL ELEITORAL DO DIST. FEDERAL;070025;TRIBUNAL REGIONAL ELEITORAL DO D. FEDERAL;02122057020GP0053;20GP;JULGAMENTO DE CAUSAS E GESTAO ADMINISTRATIVA NA JUSTICA ELEI;0001;JULGAMENTO DE CAUSAS E GESTAO ADMINISTRATIVA;084782;AOSA COMBUS;COMBUSTIVEIS E LUBRIFICAN;0100;RECURSOS ORDINARIOS;1;ORCAMENTO FISCAL;3;DESPESAS CORRENTES;3;OUTRAS DESPESAS CORRENTES;30;MATERIAL DE CONSUMO;339030;MATERIAL DE CONSUMO;339030-9;NAO SE APLICA;-9;NAO SE APLICA;-9;NAO SE APLICA;-9;NAO SE APLICA;NAO SE APLICA;-9;-9;-9;ALTERACAO PARA EMISSAO DE NE -CONTRATO DE FORNECIMENTO DE COMBUSTIVEIS PARA OSVEICULOS DO TRE-DF. (PA 0004325-71.2017.6.07.8100);-9;NAO SE APLICA;13.193,83;13.193,83;;;13.193,83;;;;;;;;;;;;;;;
14107;TRIBUNAL REGIONAL ELEITORAL DO DIST. FEDERAL;070025;TRIBUNAL REGIONAL ELEITORAL DO D. FEDERAL;02122057020GP0053;20GP;JULGAMENTO DE CAUSAS E GESTAO ADMINISTRATIVA NA JUSTICA ELEI;0001;JULGAMENTO DE CAUSAS E GESTAO ADMINISTRATIVA;084782;AOSA COMBUS;COMBUSTIVEIS E LUBRIFICAN;0100;RECURSOS ORDINARIOS;1;ORCAMENTO FISCAL;3;DESPESAS CORRENTES;3;OUTRAS DESPESAS CORRENTES;30;MATERIAL DE CONSUMO;339030;MATERIAL DE CONSUMO;339030-9;NAO SE APLICA;-9;NAO SE APLICA;-9;NAO SE APLICA;-9;NAO SE APLICA;NAO SE APLICA;-9;-9;-9;ALTERACAO PARA EMISSAO DE NE'S. FORNECIMENTO DE COMBUSTIVEIS PARA VEICULOS DO TRE-DF. PAE 0008206-90.2016.6.07.8100;-9;NAO SE APLICA;4.281,54;4.281,54;;;4.281,54;;;;;;;;;;;;;;;
14107;TRIBUNAL REGIONAL ELEITORAL DO DIST. FEDERAL;070025;TRIBUNAL REGIONAL ELEITORAL DO D. FEDERAL;02122057020GP0053;20GP;JULGAMENTO DE CAUSAS E GESTAO ADMINISTRATIVA NA JUSTICA ELEI;0001;JULGAMENTO DE CAUSAS E GESTAO ADMINISTRATIVA;084782;AOSA COMBUS;COMBUSTIVEIS E LUBRIFICAN;0100;RECURSOS ORDINARIOS;1;ORCAMENTO FISCAL;3;DESPESAS CORRENTES;3;OUTRAS DESPESAS CORRENTES;30;MATERIAL DE CONSUMO;339030;MATERIAL DE CONSUMO;339030-9;NAO SE APLICA;-9;NAO SE APLICA;-9;NAO SE APLICA;-9;NAO SE APLICA;NAO SE APLICA;-9;-9;-9;ALTERACAO PARA EMISSAO DE NE'S. FORNECIMENTO DE COMBUSTIVEIS PARA VEICULOS DO TRE-DF. PAE 0008206-90.2016.6.07.8100                                         AJUSTE DO VALOR DA ND 67.;-9;NAO SE APLICA;2,97;2,97;;;2,97;;;;;;;;;;;;;;;
14107;TRIBUNAL REGIONAL ELEITORAL DO DIST. FEDERAL;070025;TRIBUNAL REGIONAL ELEITORAL DO D. FEDERAL;02122057020GP0053;20GP;JULGAMENTO DE CAUSAS E GESTAO ADMINISTRATIVA NA JUSTICA ELEI;0001;JULGAMENTO DE CAUSAS E GESTAO ADMINISTRATIVA;084782;AOSA COMBUS;COMBUSTIVEIS E LUBRIFICAN;0100;RECURSOS ORDINARIOS;1;ORCAMENTO FISCAL;3;DESPESAS CORRENTES;3;OUTRAS DESPESAS CORRENTES;30;MATERIAL DE CONSUMO;339030;MATERIAL DE CONSUMO;33903001;COMBUSTIVEIS E LUBRIFICANTES AUTOMOTIVOS;3;ESTIMATIVO;12;PREGAO;-8;26/01/2018;JAN/2018;2018;070025000012018NE000075;00082069020166078100;17CT0002 - FORNECIMENTO DE COMBUSTIVEIS PARA OS VEICULOS DO TRIBUNAL REGIONAL ELEITORAL DO DISTRITO FEDERAL (EXERCICIO 2018). CONTRATO Nº 02/2017.;06071706000120;PETRONORTE COMBUSTIVEIS LTDA;;;;;;;;4.281,54;;;;;;;;;;;;
14107;TRIBUNAL REGIONAL ELEITORAL DO DIST. FEDERAL;070025;TRIBUNAL REGIONAL ELEITORAL DO D. FEDERAL;02122057020GP0053;20GP;JULGAMENTO DE CAUSAS E GESTAO ADMINISTRATIVA NA JUSTICA ELEI;0001;JULGAMENTO DE CAUSAS E GESTAO ADMINISTRATIVA;084782;AOSA COMBUS;COMBUSTIVEIS E LUBRIFICAN;0100;RECURSOS ORDINARIOS;1;ORCAMENTO FISCAL;3;DESPESAS CORRENTES;3;OUTRAS DESPESAS CORRENTES;30;MATERIAL DE CONSUMO;339030;MATERIAL DE CONSUMO;33903001;COMBUSTIVEIS E LUBRIFICANTES AUTOMOTIVOS;3;ESTIMATIVO;12;PREGAO;-8;26/01/2018;JAN/2018;2018;070025000012018NE000075;00082069020166078100;17CT0002 - FORNECIMENTO DE COMBUSTIVEIS PARA OS VEICULOS DO TRIBUNAL REGIONAL ELEITORAL DO DISTRITO FEDERAL (EXERCICIO 2018). CONTRATO Nº 02/2017.          ANULACAO PARA CORRECAO DO VALOR EMPENHADO.;06071706000120;PETRONORTE COMBUSTIVEIS LTDA;;;;;;;;(4.281,54);;;;;;;;;;;;
14107;TRIBUNAL REGIONAL ELEITORAL DO DIST. FEDERAL;070025;TRIBUNAL REGIONAL ELEITORAL DO D. FEDERAL;02122057020GP0053;20GP;JULGAMENTO DE CAUSAS E GESTAO ADMINISTRATIVA NA JUSTICA ELEI;0001;JULGAMENTO DE CAUSAS E GESTAO ADMINISTRATIVA;084782;AOSA COMBUS;COMBUSTIVEIS E LUBRIFICAN;0100;RECURSOS ORDINARIOS;1;ORCAMENTO FISCAL;3;DESPESAS CORRENTES;3;OUTRAS DESPESAS CORRENTES;30;MATERIAL DE CONSUMO;339030;MATERIAL DE CONSUMO;33903001;COMBUSTIVEIS E LUBRIFICANTES AUTOMOTIVOS;3;ESTIMATIVO;12;PREGAO;-8;26/01/2018;JAN/2018;2018;070025000012018NE000077;00082069020166078100;17CT0002 - FORNECIMENTO DE COMBUSTIVEIS PARA OS VEICULOS DO TRIBUNAL REGIONAL ELEITORAL DO DISTRITO FEDERAL (EXERCICIO 2018). CONTRATO Nº 02/2017.;06071706000120;PETRONORTE COMBUSTIVEIS LTDA;;;;;;;;4.284,51;;;;;;;;;;;;
14107;TRIBUNAL REGIONAL ELEITORAL DO DIST. FEDERAL;070025;TRIBUNAL REGIONAL ELEITORAL DO D. FEDERAL;02122057020GP0053;20GP;JULGAMENTO DE CAUSAS E GESTAO ADMINISTRATIVA NA JUSTICA ELEI;0001;JULGAMENTO DE CAUSAS E GESTAO ADMINISTRATIVA;084782;AOSA COMBUS;COMBUSTIVEIS E LUBRIFICAN;0100;RECURSOS ORDINARIOS;1;ORCAMENTO FISCAL;3;DESPESAS CORRENTES;3;OUTRAS DESPESAS CORRENTES;30;MATERIAL DE CONSUMO;339030;MATERIAL DE CONSUMO;33903001;COMBUSTIVEIS E LUBRIFICANTES AUTOMOTIVOS;3;ESTIMATIVO;12;PREGAO;-8;26/01/2018;JAN/2018;2018;070025000012018NE000077;00082069020166078100;PGTO NF. 6099 E 6100. FORNECIMENTO DE COMBUSTIVEIS NOS MESES DE DEZEMBRO/2017 E JANEIRO/2018. IMP.FED. 1,24 (R$ 84,89). PA. 1032-93.2017.;06071706000120;PETRONORTE COMBUSTIVEIS LTDA;;;;;;;;0,00;4.284,51;4.284,51;;;;;;;;;4.284,51;4.284,51
14107;TRIBUNAL REGIONAL ELEITORAL DO DIST. FEDERAL;070025;TRIBUNAL REGIONAL ELEITORAL DO D. FEDERAL;02122057020GP0053;20GP;JULGAMENTO DE CAUSAS E GESTAO ADMINISTRATIVA NA JUSTICA ELEI;0001;JULGAMENTO DE CAUSAS E GESTAO ADMINISTRATIVA;084782;AOSA COMBUS;COMBUSTIVEIS E LUBRIFICAN;0100;RECURSOS ORDINARIOS;1;ORCAMENTO FISCAL;3;DESPESAS CORRENTES;3;OUTRAS DESPESAS CORRENTES;30;MATERIAL DE CONSUMO;339030;MATERIAL DE CONSUMO;33903001;COMBUSTIVEIS E LUBRIFICANTES AUTOMOTIVOS;3;ESTIMATIVO;12;PREGAO;-8;31/01/2018;JAN/2018;2018;070025000012018NE000086;00043257120176078100;18CT0003 - CONTRATO DE FORNECIMENTO DE COMBUSTIVEIS PARA OS VEICULOS DO TRE-DFPREGAO ELETRONICO N.º 35/2017. CONTRATO Nº 03/2018.;00097626000168;BRASAL COMBUSTIVEIS LTDA;;;;;;;;13.193,83;;;;;;;;;;;;
14107;TRIBUNAL REGIONAL ELEITORAL DO DIST. FEDERAL;070025;TRIBUNAL REGIONAL ELEITORAL DO D. FEDERAL;02122057020GP0053;20GP;JULGAMENTO DE CAUSAS E GESTAO ADMINISTRATIVA NA JUSTICA ELEI;0001;JULGAMENTO DE CAUSAS E GESTAO ADMINISTRATIVA;084782;AOSA COMBUS;COMBUSTIVEIS E LUBRIFICAN;0100;RECURSOS ORDINARIOS;1;ORCAMENTO FISCAL;3;DESPESAS CORRENTES;3;OUTRAS DESPESAS CORRENTES;30;MATERIAL DE CONSUMO;339030;MATERIAL DE CONSUMO;33903001;COMBUSTIVEIS E LUBRIFICANTES AUTOMOTIVOS;3;ESTIMATIVO;12;PREGAO;-8;31/01/2018;JAN/2018;2018;070025000012018NE000086;00043257120176078100;PGTO NF 5746. FORNECIMENTO DE COMBUSTIVEL. RETENCAO IMP. FED. 1,24 (R$ 67,09). PA 1220-52.2018;00097626000168;BRASAL COMBUSTIVEIS LTDA;;;;;;;;0,00;5.410,24;5.410,24;;;;;;;;;5.410,24;5.410,24
14107;TRIBUNAL REGIONAL ELEITORAL DO DIST. FEDERAL;070025;TRIBUNAL REGIONAL ELEITORAL DO D. FEDERAL;02122057020GP0053;20GP;JULGAMENTO DE CAUSAS E GESTAO ADMINISTRATIVA NA JUSTICA ELEI;0001;JULGAMENTO DE CAUSAS E GESTAO ADMINISTRATIVA;084782;AOSA COMBUS;COMBUSTIVEIS E LUBRIFICAN;0100;RECURSOS ORDINARIOS;1;ORCAMENTO FISCAL;3;DESPESAS CORRENTES;3;OUTRAS DESPESAS CORRENTES;30;MATERIAL DE CONSUMO;339030;MATERIAL DE CONSUMO;33903001;COMBUSTIVEIS E LUBRIFICANTES AUTOMOTIVOS;3;ESTIMATIVO;12;PREGAO;-8;31/01/2018;JAN/2018;2018;070025000012018NE000086;00043257120176078100;PGTO NF 5866 E 7642. FORNECIMENTO DE COMBUSTIVEL. RETENCAO IMP. FED. 1,24 (R$ 62,47). PA 1220-52.2018;00097626000168;BRASAL COMBUSTIVEIS LTDA;;;;;;;;0,00;5.037,61;5.037,61;;;;;;;;;5.037,61;5.037,61
14107;TRIBUNAL REGIONAL ELEITORAL DO DIST. FEDERAL;070025;TRIBUNAL REGIONAL ELEITORAL DO D. FEDERAL;02122057020GP0053;20GP;JULGAMENTO DE CAUSAS E GESTAO ADMINISTRATIVA NA JUSTICA ELEI;0001;JULGAMENTO DE CAUSAS E GESTAO ADMINISTRATIVA;084782;AOSA COMBUS;COMBUSTIVEIS E LUBRIFICAN;0100;RECURSOS ORDINARIOS;1;ORCAMENTO FISCAL;3;DESPESAS CORRENTES;3;OUTRAS DESPESAS CORRENTES;92;DESPESAS DE EXERCICIOS ANTERIORES;339092;DESPESAS DE EXERCICIOS ANTERIORES;339092-9;NAO SE APLICA;-9;NAO SE APLICA;-9;NAO SE APLICA;-9;NAO SE APLICA;NAO SE APLICA;-9;-9;-9;17CT0002 - FORNECIMENTO DE COMBUSTIVEIS PARA OS VEICULOS DO TRIBUNAL REGIONAL ELEITORAL DO DISTRITO FEDERAL (EXERCICIO 2017). CONTRATO Nº 02/2017.          EXERCICIOS ANTERIORES;-9;NAO SE APLICA;;;;;(2.561,66);;;;;;;;;;;;;;;
14107;TRIBUNAL REGIONAL ELEITORAL DO DIST. FEDERAL;070025;TRIBUNAL REGIONAL ELEITORAL DO D. FEDERAL;02122057020GP0053;20GP;JULGAMENTO DE CAUSAS E GESTAO ADMINISTRATIVA NA JUSTICA ELEI;0001;JULGAMENTO DE CAUSAS E GESTAO ADMINISTRATIVA;084782;AOSA COMBUS;COMBUSTIVEIS E LUBRIFICAN;0100;RECURSOS ORDINARIOS;1;ORCAMENTO FISCAL;3;DESPESAS CORRENTES;3;OUTRAS DESPESAS CORRENTES;92;DESPESAS DE EXERCICIOS ANTERIORES;339092;DESPESAS DE EXERCICIOS ANTERIORES;339092-9;NAO SE APLICA;-9;NAO SE APLICA;-9;NAO SE APLICA;-9;NAO SE APLICA;NAO SE APLICA;-9;-9;-9;ALTERACAO PARA EMISSAO DE NE'S. FORNECIMENTO DE COMBUSTIVEIS PARA VEICULOS DO TRE-DF. PAE 0008206-90.2016.6.07.8100;-9;NAO SE APLICA;2.561,66;2.561,66;;;2.561,66;;;;;;;;;;;;;;;
14107;TRIBUNAL REGIONAL ELEITORAL DO DIST. FEDERAL;070025;TRIBUNAL REGIONAL ELEITORAL DO D. FEDERAL;02122057020GP0053;20GP;JULGAMENTO DE CAUSAS E GESTAO ADMINISTRATIVA NA JUSTICA ELEI;0001;JULGAMENTO DE CAUSAS E GESTAO ADMINISTRATIVA;084782;AOSA COMBUS;COMBUSTIVEIS E LUBRIFICAN;0100;RECURSOS ORDINARIOS;1;ORCAMENTO FISCAL;3;DESPESAS CORRENTES;3;OUTRAS DESPESAS CORRENTES;92;DESPESAS DE EXERCICIOS ANTERIORES;339092;DESPESAS DE EXERCICIOS ANTERIORES;33909292;MATERIAL DE CONSUMO;1;ORDINARIO;12;PREGAO;-8;26/01/2018;JAN/2018;2018;070025000012018NE000074;00082069020166078100;17CT0002 - FORNECIMENTO DE COMBUSTIVEIS PARA OS VEICULOS DO TRIBUNAL REGIONAL ELEITORAL DO DISTRITO FEDERAL (EXERCICIO 2017). CONTRATO Nº 02/2017.          EXERCICIOS ANTERIORES;06071706000120;PETRONORTE COMBUSTIVEIS LTDA;;;;;;;;2.561,66;;;;;;;;;;;;
14107;TRIBUNAL REGIONAL ELEITORAL DO DIST. FEDERAL;070025;TRIBUNAL REGIONAL ELEITORAL DO D. FEDERAL;02122057020GP0053;20GP;JULGAMENTO DE CAUSAS E GESTAO ADMINISTRATIVA NA JUSTICA ELEI;0001;JULGAMENTO DE CAUSAS E GESTAO ADMINISTRATIVA;084782;AOSA COMBUS;COMBUSTIVEIS E LUBRIFICAN;0100;RECURSOS ORDINARIOS;1;ORCAMENTO FISCAL;3;DESPESAS CORRENTES;3;OUTRAS DESPESAS CORRENTES;92;DESPESAS DE EXERCICIOS ANTERIORES;339092;DESPESAS DE EXERCICIOS ANTERIORES;33909292;MATERIAL DE CONSUMO;1;ORDINARIO;12;PREGAO;-8;26/01/2018;JAN/2018;2018;070025000012018NE000074;00082069020166078100;PGTO NF. 6099 E 6100. FORNECIMENTO DE COMBUSTIVEIS NOS MESES DE DEZEMBRO/2017 E JANEIRO/2018. IMP.FED. 1,24 (R$ 84,89). PA. 1032-93.2017.;06071706000120;PETRONORTE COMBUSTIVEIS LTDA;;;;;;;;0,00;2.561,66;2.561,66;;;;;;;;;2.561,66;2.561,66
14107;TRIBUNAL REGIONAL ELEITORAL DO DIST. FEDERAL;070025;TRIBUNAL REGIONAL ELEITORAL DO D. FEDERAL;02122057020GP0053;20GP;JULGAMENTO DE CAUSAS E GESTAO ADMINISTRATIVA NA JUSTICA ELEI;0001;JULGAMENTO DE CAUSAS E GESTAO ADMINISTRATIVA;084782;AOSA COMUNI;COMUNICACAO E CORRESPONDENCIAS;0100;RECURSOS ORDINARIOS;1;ORCAMENTO FISCAL;3;DESPESAS CORRENTES;3;OUTRAS DESPESAS CORRENTES;39;OUTROS SERVICOS DE TERCEIROS PJ - OP.INT.ORC.;339039;OUTROS SERVICOS DE TERCEIROS - PESSOA JURIDICA;339039-9;NAO SE APLICA;-9;NAO SE APLICA;-9;NAO SE APLICA;-9;NAO SE APLICA;NAO SE APLICA;-9;-9;-9;15CT0020 - CONTRATO MULTIPLO DE PRESTACAO DE SERVICOS DE VENDA DE PRODUTOS(SERVICOS DE POSTAGENS E OUTROS), TERMO ADITIVO Nº 2 AO CONTRATO Nº 20/2015.;-9;NAO SE APLICA;;;;;(17.500,02);;;;;;;;;;;;;;;
14107;TRIBUNAL REGIONAL ELEITORAL DO DIST. FEDERAL;070025;TRIBUNAL REGIONAL ELEITORAL DO D. FEDERAL;02122057020GP0053;20GP;JULGAMENTO DE CAUSAS E GESTAO ADMINISTRATIVA NA JUSTICA ELEI;0001;JULGAMENTO DE CAUSAS E GESTAO ADMINISTRATIVA;084782;AOSA COMUNI;COMUNICACAO E CORRESPONDENCIAS;0100;RECURSOS ORDINARIOS;1;ORCAMENTO FISCAL;3;DESPESAS CORRENTES;3;OUTRAS DESPESAS CORRENTES;39;OUTROS SERVICOS DE TERCEIROS PJ - OP.INT.ORC.;339039;OUTROS SERVICOS DE TERCEIROS - PESSOA JURIDICA;339039-9;NAO SE APLICA;-9;NAO SE APLICA;-9;NAO SE APLICA;-9;NAO SE APLICA;NAO SE APLICA;-9;-9;-9;15CT0020 - CONTRATO MULTIPLO DE PRESTACAO DE SERVICOS DE VENDA DE PRODUTOS(SERVICOS DE POSTAGENS E OUTROS), TERMO ADITIVO Nº 2 AO CONTRATO Nº 20/2015.      REFORCO.;-9;NAO SE APLICA;;;;;(2.000,00);;;;;;;;;;;;;;;
14107;TRIBUNAL REGIONAL ELEITORAL DO DIST. FEDERAL;070025;TRIBUNAL REGIONAL ELEITORAL DO D. FEDERAL;02122057020GP0053;20GP;JULGAMENTO DE CAUSAS E GESTAO ADMINISTRATIVA NA JUSTICA ELEI;0001;JULGAMENTO DE CAUSAS E GESTAO ADMINISTRATIVA;084782;AOSA COMUNI;COMUNICACAO E CORRESPONDENCIAS;0100;RECURSOS ORDINARIOS;1;ORCAMENTO FISCAL;3;DESPESAS CORRENTES;3;OUTRAS DESPESAS CORRENTES;39;OUTROS SERVICOS DE TERCEIROS PJ - OP.INT.ORC.;339039;OUTROS SERVICOS DE TERCEIROS - PESSOA JURIDICA;339039-9;NAO SE APLICA;-9;NAO SE APLICA;-9;NAO SE APLICA;-9;NAO SE APLICA;NAO SE APLICA;-9;-9;-9;15CT0020 - CONTRATO MULTIPLO DE PRESTACAO DE SERVICOS DE VENDA DE PRODUTOS(SERVICOS DE POSTAGENS E OUTROS), TERMO ADITIVO Nº 3 AO CONTRATO Nº 20/2015.      REFORCO.;-9;NAO SE APLICA;;;;;(50.000,00);;;;;;;;;;;;;;;
14107;TRIBUNAL REGIONAL ELEITORAL DO DIST. FEDERAL;070025;TRIBUNAL REGIONAL ELEITORAL DO D. FEDERAL;02122057020GP0053;20GP;JULGAMENTO DE CAUSAS E GESTAO ADMINISTRATIVA NA JUSTICA ELEI;0001;JULGAMENTO DE CAUSAS E GESTAO ADMINISTRATIVA;084782;AOSA COMUNI;COMUNICACAO E CORRESPONDENCIAS;0100;RECURSOS ORDINARIOS;1;ORCAMENTO FISCAL;3;DESPESAS CORRENTES;3;OUTRAS DESPESAS CORRENTES;39;OUTROS SERVICOS DE TERCEIROS PJ - OP.INT.ORC.;339039;OUTROS SERVICOS DE TERCEIROS - PESSOA JURIDICA;339039-9;NAO SE APLICA;-9;NAO SE APLICA;-9;NAO SE APLICA;-9;NAO SE APLICA;NAO SE APLICA;-9;-9;-9;ALTERACAO PARA EMISSAO DE NE - PRESTACAO DE SERVICOS DE VENDA DE PRODUTOS (SERVICOS DE POSTAGENS E OUTROS). (PA 0001670-63.2016.6.07.8100);-9;NAO SE APLICA;106.157,98;106.157,98;;;106.157,98;;;;;;;;;;;;;;;
14107;TRIBUNAL REGIONAL ELEITORAL DO DIST. FEDERAL;070025;TRIBUNAL REGIONAL ELEITORAL DO D. FEDERAL;02122057020GP0053;20GP;JULGAMENTO DE CAUSAS E GESTAO ADMINISTRATIVA NA JUSTICA ELEI;0001;JULGAMENTO DE CAUSAS E GESTAO ADMINISTRATIVA;084782;AOSA COMUNI;COMUNICACAO E CORRESPONDENCIAS;0100;RECURSOS ORDINARIOS;1;ORCAMENTO FISCAL;3;DESPESAS CORRENTES;3;OUTRAS DESPESAS CORRENTES;39;OUTROS SERVICOS DE TERCEIROS PJ - OP.INT.ORC.;339039;OUTROS SERVICOS DE TERCEIROS - PESSOA JURIDICA;339039-9;NAO SE APLICA;-9;NAO SE APLICA;-9;NAO SE APLICA;-9;NAO SE APLICA;NAO SE APLICA;-9;-9;-9;ALTERACAO PARA EMISSAO DE NE. SERVICOS DE POSTAGEM DE CORRESPONDENCIAS.       PAE 0001670-63.2016.6.07.8100;-9;NAO SE APLICA;17.500,02;17.500,02;;;17.500,02;;;;;;;;;;;;;;;
14107;TRIBUNAL REGIONAL ELEITORAL DO DIST. FEDERAL;070025;TRIBUNAL REGIONAL ELEITORAL DO D. FEDERAL;02122057020GP0053;20GP;JULGAMENTO DE CAUSAS E GESTAO ADMINISTRATIVA NA JUSTICA ELEI;0001;JULGAMENTO DE CAUSAS E GESTAO ADMINISTRATIVA;084782;AOSA COMUNI;COMUNICACAO E CORRESPONDENCIAS;0100;RECURSOS ORDINARIOS;1;ORCAMENTO FISCAL;3;DESPESAS CORRENTES;3;OUTRAS DESPESAS CORRENTES;39;OUTROS SERVICOS DE TERCEIROS PJ - OP.INT.ORC.;339039;OUTROS SERVICOS DE TERCEIROS - PESSOA JURIDICA;339039-9;NAO SE APLICA;-9;NAO SE APLICA;-9;NAO SE APLICA;-9;NAO SE APLICA;NAO SE APLICA;-9;-9;-9;ALTERACAO PARA REFORCO DA NE 68 - SERVICOS DE POSTAGEM DE CORRESPONDENCIAS    (PA 0001670-63.2016.6.07.8100);-9;NAO SE APLICA;2.000,00;2.000,00;;;2.000,00;;;;;;;;;;;;;;;
14107;TRIBUNAL REGIONAL ELEITORAL DO DIST. FEDERAL;070025;TRIBUNAL REGIONAL ELEITORAL DO D. FEDERAL;02122057020GP0053;20GP;JULGAMENTO DE CAUSAS E GESTAO ADMINISTRATIVA NA JUSTICA ELEI;0001;JULGAMENTO DE CAUSAS E GESTAO ADMINISTRATIVA;084782;AOSA COMUNI;COMUNICACAO E CORRESPONDENCIAS;0100;RECURSOS ORDINARIOS;1;ORCAMENTO FISCAL;3;DESPESAS CORRENTES;3;OUTRAS DESPESAS CORRENTES;39;OUTROS SERVICOS DE TERCEIROS PJ - OP.INT.ORC.;339039;OUTROS SERVICOS DE TERCEIROS - PESSOA JURIDICA;339039-9;NAO SE APLICA;-9;NAO SE APLICA;-9;NAO SE APLICA;-9;NAO SE APLICA;NAO SE APLICA;-9;-9;-9;ANULACAO DO PE 23 PARA EMISSAO DE NE (PA 0001670-63.2016.6.07.8100);-9;NAO SE APLICA;;;;;106.157,98;(106.157,98);(106.157,98);;;;;;;;;;;;;
14107;TRIBUNAL REGIONAL ELEITORAL DO DIST. FEDERAL;070025;TRIBUNAL REGIONAL ELEITORAL DO D. FEDERAL;02122057020GP0053;20GP;JULGAMENTO DE CAUSAS E GESTAO ADMINISTRATIVA NA JUSTICA ELEI;0001;JULGAMENTO DE CAUSAS E GESTAO ADMINISTRATIVA;084782;AOSA COMUNI;COMUNICACAO E CORRESPONDENCIAS;0100;RECURSOS ORDINARIOS;1;ORCAMENTO FISCAL;3;DESPESAS CORRENTES;3;OUTRAS DESPESAS CORRENTES;39;OUTROS SERVICOS DE TERCEIROS PJ - OP.INT.ORC.;339039;OUTROS SERVICOS DE TERCEIROS - PESSOA JURIDICA;339039-9;NAO SE APLICA;-9;NAO SE APLICA;-9;NAO SE APLICA;-9;NAO SE APLICA;NAO SE APLICA;-9;-9;-9;CONTRATO MULTIPLO DE PRESTACAO DE SERVICOS DE VENDA DE PRODUTOS  (SERVICOS  DEPOSTAGENS E OUTROS), TERMO ADITIVO Nº 3 AO CONTRATO Nº 20/2015.               (PA 0001670-63.2016.6.07.8100);-9;NAO SE APLICA;;;;;(106.157,98);106.157,98;106.157,98;;;;;;;;;;;;;
14107;TRIBUNAL REGIONAL ELEITORAL DO DIST. FEDERAL;070025;TRIBUNAL REGIONAL ELEITORAL DO D. FEDERAL;02122057020GP0053;20GP;JULGAMENTO DE CAUSAS E GESTAO ADMINISTRATIVA NA JUSTICA ELEI;0001;JULGAMENTO DE CAUSAS E GESTAO ADMINISTRATIVA;084782;AOSA COMUNI;COMUNICACAO E CORRESPONDENCIAS;0100;RECURSOS ORDINARIOS;1;ORCAMENTO FISCAL;3;DESPESAS CORRENTES;3;OUTRAS DESPESAS CORRENTES;39;OUTROS SERVICOS DE TERCEIROS PJ - OP.INT.ORC.;339039;OUTROS SERVICOS DE TERCEIROS - PESSOA JURIDICA;339039-9;NAO SE APLICA;-9;NAO SE APLICA;-9;NAO SE APLICA;-9;NAO SE APLICA;NAO SE APLICA;-9;-9;-9;RETORNO AO DISPONIVEL REFERENTE A ANULACAO DO PE 23 (PA 1670-63.2016);-9;NAO SE APLICA;(56.157,98);(56.157,98);;;(56.157,98);;;;;;;;;;;;;;;
14107;TRIBUNAL REGIONAL ELEITORAL DO DIST. FEDERAL;070025;TRIBUNAL REGIONAL ELEITORAL DO D. FEDERAL;02122057020GP0053;20GP;JULGAMENTO DE CAUSAS E GESTAO ADMINISTRATIVA NA JUSTICA ELEI;0001;JULGAMENTO DE CAUSAS E GESTAO ADMINISTRATIVA;084782;AOSA COMUNI;COMUNICACAO E CORRESPONDENCIAS;0100;RECURSOS ORDINARIOS;1;ORCAMENTO FISCAL;3;DESPESAS CORRENTES;3;OUTRAS DESPESAS CORRENTES;39;OUTROS SERVICOS DE TERCEIROS PJ - OP.INT.ORC.;339039;OUTROS SERVICOS DE TERCEIROS - PESSOA JURIDICA;33903947;SERVICOS DE COMUNICACAO EM GERAL;3;ESTIMATIVO;06;DISPENSA DE LICITACAO;08;14/02/2017;FEV/2017;2017;070025000012017NE000145;00016706320166078100;NAO SE APLICA;34028316000707;EMPRESA BRASILEIRA DE CORREIOS E TELEGRAFOS;;;;;;;;;;;;;4.397,02;;;;;4.397,02;;
14107;TRIBUNAL REGIONAL ELEITORAL DO DIST. FEDERAL;070025;TRIBUNAL REGIONAL ELEITORAL DO D. FEDERAL;02122057020GP0053;20GP;JULGAMENTO DE CAUSAS E GESTAO ADMINISTRATIVA NA JUSTICA ELEI;0001;JULGAMENTO DE CAUSAS E GESTAO ADMINISTRATIVA;084782;AOSA COMUNI;COMUNICACAO E CORRESPONDENCIAS;0100;RECURSOS ORDINARIOS;1;ORCAMENTO FISCAL;3;DESPESAS CORRENTES;3;OUTRAS DESPESAS CORRENTES;39;OUTROS SERVICOS DE TERCEIROS PJ - OP.INT.ORC.;339039;OUTROS SERVICOS DE TERCEIROS - PESSOA JURIDICA;33903947;SERVICOS DE COMUNICACAO EM GERAL;3;ESTIMATIVO;06;DISPENSA DE LICITACAO;08;14/02/2017;FEV/2017;2017;070025000012017NE000145;00016706320166078100;PGTO FATURA 173064. PRESTACAO DE SERVICOS POSTAIS, EM DEZEMBRO DE 2017. RETENCAO DE 9,45 DE IMP. FED. (R$ 317,77). PA 1672-33.2016.;34028316000707;EMPRESA BRASILEIRA DE CORREIOS E TELEGRAFOS;;;;;;;;;;;;;;;;3.362,64;3.362,64;(3.362,64);3.362,64;3.362,64
14107;TRIBUNAL REGIONAL ELEITORAL DO DIST. FEDERAL;070025;TRIBUNAL REGIONAL ELEITORAL DO D. FEDERAL;02122057020GP0053;20GP;JULGAMENTO DE CAUSAS E GESTAO ADMINISTRATIVA NA JUSTICA ELEI;0001;JULGAMENTO DE CAUSAS E GESTAO ADMINISTRATIVA;084782;AOSA COMUNI;COMUNICACAO E CORRESPONDENCIAS;0100;RECURSOS ORDINARIOS;1;ORCAMENTO FISCAL;3;DESPESAS CORRENTES;3;OUTRAS DESPESAS CORRENTES;39;OUTROS SERVICOS DE TERCEIROS PJ - OP.INT.ORC.;339039;OUTROS SERVICOS DE TERCEIROS - PESSOA JURIDICA;33903947;SERVICOS DE COMUNICACAO EM GERAL;3;ESTIMATIVO;06;DISPENSA DE LICITACAO;08;19/01/2018;JAN/2018;2018;070025000012018NE000068;00016706320166078100;15CT0020 - CONTRATO MULTIPLO DE PRESTACAO DE SERVICOS DE VENDA DE PRODUTOS(SERVICOS DE POSTAGENS E OUTROS), TERMO ADITIVO Nº 2 AO CONTRATO Nº 20/2015.;34028316000707;EMPRESA BRASILEIRA DE CORREIOS E TELEGRAFOS;;;;;;;;17.500,02;;;;;;;;;;;;
14107;TRIBUNAL REGIONAL ELEITORAL DO DIST. FEDERAL;070025;TRIBUNAL REGIONAL ELEITORAL DO D. FEDERAL;02122057020GP0053;20GP;JULGAMENTO DE CAUSAS E GESTAO ADMINISTRATIVA NA JUSTICA ELEI;0001;JULGAMENTO DE CAUSAS E GESTAO ADMINISTRATIVA;084782;AOSA COMUNI;COMUNICACAO E CORRESPONDENCIAS;0100;RECURSOS ORDINARIOS;1;ORCAMENTO FISCAL;3;DESPESAS CORRENTES;3;OUTRAS DESPESAS CORRENTES;39;OUTROS SERVICOS DE TERCEIROS PJ - OP.INT.ORC.;339039;OUTROS SERVICOS DE TERCEIROS - PESSOA JURIDICA;33903947;SERVICOS DE COMUNICACAO EM GERAL;3;ESTIMATIVO;06;DISPENSA DE LICITACAO;08;19/01/2018;JAN/2018;2018;070025000012018NE000068;00016706320166078100;15CT0020 - CONTRATO MULTIPLO DE PRESTACAO DE SERVICOS DE VENDA DE PRODUTOS(SERVICOS DE POSTAGENS E OUTROS), TERMO ADITIVO Nº 2 AO CONTRATO Nº 20/2015.      REFORCO.;34028316000707;EMPRESA BRASILEIRA DE CORREIOS E TELEGRAFOS;;;;;;;;2.000,00;;;;;;;;;;;;
14107;TRIBUNAL REGIONAL ELEITORAL DO DIST. FEDERAL;070025;TRIBUNAL REGIONAL ELEITORAL DO D. FEDERAL;02122057020GP0053;20GP;JULGAMENTO DE CAUSAS E GESTAO ADMINISTRATIVA NA JUSTICA ELEI;0001;JULGAMENTO DE CAUSAS E GESTAO ADMINISTRATIVA;084782;AOSA COMUNI;COMUNICACAO E CORRESPONDENCIAS;0100;RECURSOS ORDINARIOS;1;ORCAMENTO FISCAL;3;DESPESAS CORRENTES;3;OUTRAS DESPESAS CORRENTES;39;OUTROS SERVICOS DE TERCEIROS PJ - OP.INT.ORC.;339039;OUTROS SERVICOS DE TERCEIROS - PESSOA JURIDICA;33903947;SERVICOS DE COMUNICACAO EM GERAL;3;ESTIMATIVO;06;DISPENSA DE LICITACAO;08;19/01/2018;JAN/2018;2018;070025000012018NE000068;00016706320166078100;15CT0020 - CONTRATO MULTIPLO DE PRESTACAO DE SERVICOS DE VENDA DE PRODUTOS(SERVICOS DE POSTAGENS E OUTROS), TERMO ADITIVO Nº 3 AO CONTRATO Nº 20/2015.      REFORCO.;34028316000707;EMPRESA BRASILEIRA DE CORREIOS E TELEGRAFOS;;;;;;;;50.000,00;;;;;;;;;;;;
14107;TRIBUNAL REGIONAL ELEITORAL DO DIST. FEDERAL;070025;TRIBUNAL REGIONAL ELEITORAL DO D. FEDERAL;02122057020GP0053;20GP;JULGAMENTO DE CAUSAS E GESTAO ADMINISTRATIVA NA JUSTICA ELEI;0001;JULGAMENTO DE CAUSAS E GESTAO ADMINISTRATIVA;084782;AOSA COMUNI;COMUNICACAO E CORRESPONDENCIAS;0100;RECURSOS ORDINARIOS;1;ORCAMENTO FISCAL;3;DESPESAS CORRENTES;3;OUTRAS DESPESAS CORRENTES;39;OUTROS SERVICOS DE TERCEIROS PJ - OP.INT.ORC.;339039;OUTROS SERVICOS DE TERCEIROS - PESSOA JURIDICA;33903947;SERVICOS DE COMUNICACAO EM GERAL;3;ESTIMATIVO;06;DISPENSA DE LICITACAO;08;19/01/2018;JAN/2018;2018;070025000012018NE000068;00016706320166078100;INEXISTENCIA DE AUTORIZACAO PARA PAGAMENTO POR PARTE DO                       ORDENADOR DE DESPESA E/OU GESTOR FINANCEIRO DA UNIDADE;34028316000707;EMPRESA BRASILEIRA DE CORREIOS E TELEGRAFOS;;;;;;;;0,00;0,00;(2.192,23);;;;;;;;;0,00;(2.192,23)
14107;TRIBUNAL REGIONAL ELEITORAL DO DIST. FEDERAL;070025;TRIBUNAL REGIONAL ELEITORAL DO D. FEDERAL;02122057020GP0053;20GP;JULGAMENTO DE CAUSAS E GESTAO ADMINISTRATIVA NA JUSTICA ELEI;0001;JULGAMENTO DE CAUSAS E GESTAO ADMINISTRATIVA;084782;AOSA COMUNI;COMUNICACAO E CORRESPONDENCIAS;0100;RECURSOS ORDINARIOS;1;ORCAMENTO FISCAL;3;DESPESAS CORRENTES;3;OUTRAS DESPESAS CORRENTES;39;OUTROS SERVICOS DE TERCEIROS PJ - OP.INT.ORC.;339039;OUTROS SERVICOS DE TERCEIROS - PESSOA JURIDICA;33903947;SERVICOS DE COMUNICACAO EM GERAL;3;ESTIMATIVO;06;DISPENSA DE LICITACAO;08;19/01/2018;JAN/2018;2018;070025000012018NE000068;00016706320166078100;PGTO FATURA 175322. PRESTACAO DE SERVICOS POSTAIS, EM JANEIRO DE 2018. RETENCAO DE 9,45 DE IMP. FED. (R$ 505,38). PA 1672-33.2016.;34028316000707;EMPRESA BRASILEIRA DE CORREIOS E TELEGRAFOS;;;;;;;;0,00;5.347,97;5.347,97;;;;;;;;;5.347,97;5.347,97
14107;TRIBUNAL REGIONAL ELEITORAL DO DIST. FEDERAL;070025;TRIBUNAL REGIONAL ELEITORAL DO D. FEDERAL;02122057020GP0053;20GP;JULGAMENTO DE CAUSAS E GESTAO ADMINISTRATIVA NA JUSTICA ELEI;0001;JULGAMENTO DE CAUSAS E GESTAO ADMINISTRATIVA;084782;AOSA COMUNI;COMUNICACAO E CORRESPONDENCIAS;0100;RECURSOS ORDINARIOS;1;ORCAMENTO FISCAL;3;DESPESAS CORRENTES;3;OUTRAS DESPESAS CORRENTES;39;OUTROS SERVICOS DE TERCEIROS PJ - OP.INT.ORC.;339039;OUTROS SERVICOS DE TERCEIROS - PESSOA JURIDICA;33903947;SERVICOS DE COMUNICACAO EM GERAL;3;ESTIMATIVO;06;DISPENSA DE LICITACAO;08;19/01/2018;JAN/2018;2018;070025000012018NE000068;00016706320166078100;PGTO FATURA 177606. PRESTACAO DE SERVICOS POSTAIS, EM FEVEREIRO DE 2018. RETENCAO DE 9,45 DE IMP. FED. (R$ 1.169,24). PA 1672-33.2016.;34028316000707;EMPRESA BRASILEIRA DE CORREIOS E TELEGRAFOS;;;;;;;;0,00;12.372,96;12.372,96;;;;;;;;;12.372,96;12.372,96
14107;TRIBUNAL REGIONAL ELEITORAL DO DIST. FEDERAL;070025;TRIBUNAL REGIONAL ELEITORAL DO D. FEDERAL;02122057020GP0053;20GP;JULGAMENTO DE CAUSAS E GESTAO ADMINISTRATIVA NA JUSTICA ELEI;0001;JULGAMENTO DE CAUSAS E GESTAO ADMINISTRATIVA;084782;AOSA COMUNI;COMUNICACAO E CORRESPONDENCIAS;0100;RECURSOS ORDINARIOS;1;ORCAMENTO FISCAL;3;DESPESAS CORRENTES;3;OUTRAS DESPESAS CORRENTES;39;OUTROS SERVICOS DE TERCEIROS PJ - OP.INT.ORC.;339039;OUTROS SERVICOS DE TERCEIROS - PESSOA JURIDICA;33903947;SERVICOS DE COMUNICACAO EM GERAL;3;ESTIMATIVO;06;DISPENSA DE LICITACAO;08;19/01/2018;JAN/2018;2018;070025000012018NE000068;00016706320166078100;PGTO FATURA 179.927. PRESTACAO DE SERVICOS POSTAIS, EM MARCO DE 2018. RETENCAO DE 9,45 DE IMP. FED. (R$ 202,26). PA 1672-33.2016.;34028316000707;EMPRESA BRASILEIRA DE CORREIOS E TELEGRAFOS;;;;;;;;0,00;2.140,36;2.140,36;;;;;;;;;2.140,36;2.140,36
14107;TRIBUNAL REGIONAL ELEITORAL DO DIST. FEDERAL;070025;TRIBUNAL REGIONAL ELEITORAL DO D. FEDERAL;02122057020GP0053;20GP;JULGAMENTO DE CAUSAS E GESTAO ADMINISTRATIVA NA JUSTICA ELEI;0001;JULGAMENTO DE CAUSAS E GESTAO ADMINISTRATIVA;084782;AOSA COMUNI;COMUNICACAO E CORRESPONDENCIAS;0100;RECURSOS ORDINARIOS;1;ORCAMENTO FISCAL;3;DESPESAS CORRENTES;3;OUTRAS DESPESAS CORRENTES;39;OUTROS SERVICOS DE TERCEIROS PJ - OP.INT.ORC.;339039;OUTROS SERVICOS DE TERCEIROS - PESSOA JURIDICA;33903947;SERVICOS DE COMUNICACAO EM GERAL;3;ESTIMATIVO;06;DISPENSA DE LICITACAO;08;19/01/2018;JAN/2018;2018;070025000012018NE000068;00016706320166078100;PGTO FATURA 181995. PRESTACAO DE SERVICOS POSTAIS, EM ABRIL DE 2018. RETENCAO DE 9,45 DE IMP. FED. (R$ 228,79). PA 1672-33.2016.;34028316000707;EMPRESA BRASILEIRA DE CORREIOS E TELEGRAFOS;;;;;;;;0,00;2.421,02;2.421,02;;;;;;;;;2.421,02;2.421,02
14107;TRIBUNAL REGIONAL ELEITORAL DO DIST. FEDERAL;070025;TRIBUNAL REGIONAL ELEITORAL DO D. FEDERAL;02122057020GP0053;20GP;JULGAMENTO DE CAUSAS E GESTAO ADMINISTRATIVA NA JUSTICA ELEI;0001;JULGAMENTO DE CAUSAS E GESTAO ADMINISTRATIVA;084782;AOSA CONSUM;MATERIAL DE CONSUMO;0100;RECURSOS ORDINARIOS;1;ORCAMENTO FISCAL;3;DESPESAS CORRENTES;3;OUTRAS DESPESAS CORRENTES;30;MATERIAL DE CONSUMO;339030;MATERIAL DE CONSUMO;339030-9;NAO SE APLICA;-9;NAO SE APLICA;-9;NAO SE APLICA;-9;NAO SE APLICA;NAO SE APLICA;-9;-9;-9;17CT0005 - PRESTACAO DE SERVICOS DE JARDINAGEM E FORNECIMENTO DE PLANTAS  NAS INSTALACOES DO TRIBUNAL REGIONAL ELEITORAL DO DISTRITO FEDERAL, DE ACORDO COM O CONTRATO N¤ 05/2017 (MATERIAL DE CONSUMO-PLANTAS). TERMO ADITIVO Nº 01.;-9;NAO SE APLICA;;;;;(7.500,00);;;;;;;;;;;;;;;
14107;TRIBUNAL REGIONAL ELEITORAL DO DIST. FEDERAL;070025;TRIBUNAL REGIONAL ELEITORAL DO D. FEDERAL;02122057020GP0053;20GP;JULGAMENTO DE CAUSAS E GESTAO ADMINISTRATIVA NA JUSTICA ELEI;0001;JULGAMENTO DE CAUSAS E GESTAO ADMINISTRATIVA;084782;AOSA CONSUM;MATERIAL DE CONSUMO;0100;RECURSOS ORDINARIOS;1;ORCAMENTO FISCAL;3;DESPESAS CORRENTES;3;OUTRAS DESPESAS CORRENTES;30;MATERIAL DE CONSUMO;339030;MATERIAL DE CONSUMO;339030-9;NAO SE APLICA;-9;NAO SE APLICA;-9;NAO SE APLICA;-9;NAO SE APLICA;NAO SE APLICA;-9;-9;-9;17CT0036 - FORNECIMENTO DE GAS LIQUEFEITO DE PETROLEO (GLP),  DE ACORDO COM O CONTRATO Nº 36/2017.;-9;NAO SE APLICA;;;;;(4.500,00);;;;;;;;;;;;;;;
14107;TRIBUNAL REGIONAL ELEITORAL DO DIST. FEDERAL;070025;TRIBUNAL REGIONAL ELEITORAL DO D. FEDERAL;02122057020GP0053;20GP;JULGAMENTO DE CAUSAS E GESTAO ADMINISTRATIVA NA JUSTICA ELEI;0001;JULGAMENTO DE CAUSAS E GESTAO ADMINISTRATIVA;084782;AOSA CONSUM;MATERIAL DE CONSUMO;0100;RECURSOS ORDINARIOS;1;ORCAMENTO FISCAL;3;DESPESAS CORRENTES;3;OUTRAS DESPESAS CORRENTES;30;MATERIAL DE CONSUMO;339030;MATERIAL DE CONSUMO;339030-9;NAO SE APLICA;-9;NAO SE APLICA;-9;NAO SE APLICA;-9;NAO SE APLICA;NAO SE APLICA;-9;-9;-9;17CT0037 - FORNECIMENTO DE CARIMBOS, DE ACORDO COM O CONTRATO Nº 37/2017.;-9;NAO SE APLICA;;;;;(3.953,50);;;;;;;;;;;;;;;
14107;TRIBUNAL REGIONAL ELEITORAL DO DIST. FEDERAL;070025;TRIBUNAL REGIONAL ELEITORAL DO D. FEDERAL;02122057020GP0053;20GP;JULGAMENTO DE CAUSAS E GESTAO ADMINISTRATIVA NA JUSTICA ELEI;0001;JULGAMENTO DE CAUSAS E GESTAO ADMINISTRATIVA;084782;AOSA CONSUM;MATERIAL DE CONSUMO;0100;RECURSOS ORDINARIOS;1;ORCAMENTO FISCAL;3;DESPESAS CORRENTES;3;OUTRAS DESPESAS CORRENTES;30;MATERIAL DE CONSUMO;339030;MATERIAL DE CONSUMO;339030-9;NAO SE APLICA;-9;NAO SE APLICA;-9;NAO SE APLICA;-9;NAO SE APLICA;NAO SE APLICA;-9;-9;-9;2018NECT - SUPRIMENTO DE FUNDOS - MATERIAL DE CONSUMO.;-9;NAO SE APLICA;;;;;(20.000,00);;;;;;;;;;;;;;;
14107;TRIBUNAL REGIONAL ELEITORAL DO DIST. FEDERAL;070025;TRIBUNAL REGIONAL ELEITORAL DO D. FEDERAL;02122057020GP0053;20GP;JULGAMENTO DE CAUSAS E GESTAO ADMINISTRATIVA NA JUSTICA ELEI;0001;JULGAMENTO DE CAUSAS E GESTAO ADMINISTRATIVA;084782;AOSA CONSUM;MATERIAL DE CONSUMO;0100;RECURSOS ORDINARIOS;1;ORCAMENTO FISCAL;3;DESPESAS CORRENTES;3;OUTRAS DESPESAS CORRENTES;30;MATERIAL DE CONSUMO;339030;MATERIAL DE CONSUMO;339030-9;NAO SE APLICA;-9;NAO SE APLICA;-9;NAO SE APLICA;-9;NAO SE APLICA;NAO SE APLICA;-9;-9;-9;ALTERACAO PARA EMISSAO DE NE - FORNECIMENTO DE GAS LIQUEFEITO DE PETROLEO(GLP)(PA 0004192-29.2017.6.07.8100);-9;NAO SE APLICA;4.500,00;4.500,00;;;4.500,00;;;;;;;;;;;;;;;
14107;TRIBUNAL REGIONAL ELEITORAL DO DIST. FEDERAL;070025;TRIBUNAL REGIONAL ELEITORAL DO D. FEDERAL;02122057020GP0053;20GP;JULGAMENTO DE CAUSAS E GESTAO ADMINISTRATIVA NA JUSTICA ELEI;0001;JULGAMENTO DE CAUSAS E GESTAO ADMINISTRATIVA;084782;AOSA CONSUM;MATERIAL DE CONSUMO;0100;RECURSOS ORDINARIOS;1;ORCAMENTO FISCAL;3;DESPESAS CORRENTES;3;OUTRAS DESPESAS CORRENTES;30;MATERIAL DE CONSUMO;339030;MATERIAL DE CONSUMO;339030-9;NAO SE APLICA;-9;NAO SE APLICA;-9;NAO SE APLICA;-9;NAO SE APLICA;NAO SE APLICA;-9;-9;-9;ALTERACAO PARA EMISSAO DE NE - SUPRIMENTO DE FUNDOS;-9;NAO SE APLICA;20.000,00;20.000,00;;;20.000,00;;;;;;;;;;;;;;;
14107;TRIBUNAL REGIONAL ELEITORAL DO DIST. FEDERAL;070025;TRIBUNAL REGIONAL ELEITORAL DO D. FEDERAL;02122057020GP0053;20GP;JULGAMENTO DE CAUSAS E GESTAO ADMINISTRATIVA NA JUSTICA ELEI;0001;JULGAMENTO DE CAUSAS E GESTAO ADMINISTRATIVA;084782;AOSA CONSUM;MATERIAL DE CONSUMO;0100;RECURSOS ORDINARIOS;1;ORCAMENTO FISCAL;3;DESPESAS CORRENTES;3;OUTRAS DESPESAS CORRENTES;30;MATERIAL DE CONSUMO;339030;MATERIAL DE CONSUMO;339030-9;NAO SE APLICA;-9;NAO SE APLICA;-9;NAO SE APLICA;-9;NAO SE APLICA;NAO SE APLICA;-9;-9;-9;ALTERACAO PARA EMISSAO DE NE. SERVICOS DE JARDINAGEM E FORNECIMENTO DE PLANTASPAE 0006424-48.2016.6.07.8100;-9;NAO SE APLICA;7.500,00;7.500,00;;;7.500,00;;;;;;;;;;;;;;;
14107;TRIBUNAL REGIONAL ELEITORAL DO DIST. FEDERAL;070025;TRIBUNAL REGIONAL ELEITORAL DO D. FEDERAL;02122057020GP0053;20GP;JULGAMENTO DE CAUSAS E GESTAO ADMINISTRATIVA NA JUSTICA ELEI;0001;JULGAMENTO DE CAUSAS E GESTAO ADMINISTRATIVA;084782;AOSA CONSUM;MATERIAL DE CONSUMO;0100;RECURSOS ORDINARIOS;1;ORCAMENTO FISCAL;3;DESPESAS CORRENTES;3;OUTRAS DESPESAS CORRENTES;30;MATERIAL DE CONSUMO;339030;MATERIAL DE CONSUMO;339030-9;NAO SE APLICA;-9;NAO SE APLICA;-9;NAO SE APLICA;-9;NAO SE APLICA;NAO SE APLICA;-9;-9;-9;ALTERACAO PARA EMISSAO DE NOTA DE EMPENHO. AQUISICAO DE CARIMBOS.             PAE Nº 0004183-67.2017.6.07.8100;-9;NAO SE APLICA;3.953,50;3.953,50;;;3.953,50;;;;;;;;;;;;;;;
14107;TRIBUNAL REGIONAL ELEITORAL DO DIST. FEDERAL;070025;TRIBUNAL REGIONAL ELEITORAL DO D. FEDERAL;02122057020GP0053;20GP;JULGAMENTO DE CAUSAS E GESTAO ADMINISTRATIVA NA JUSTICA ELEI;0001;JULGAMENTO DE CAUSAS E GESTAO ADMINISTRATIVA;084782;AOSA CONSUM;MATERIAL DE CONSUMO;0100;RECURSOS ORDINARIOS;1;ORCAMENTO FISCAL;3;DESPESAS CORRENTES;3;OUTRAS DESPESAS CORRENTES;30;MATERIAL DE CONSUMO;339030;MATERIAL DE CONSUMO;33903004;GAS E OUTROS MATERIAIS ENGARRAFADOS;3;ESTIMATIVO;06;DISPENSA DE LICITACAO;02;11/01/2018;JAN/2018;2018;070025000012018NE000051;00041922920176078100;17CT0036 - FORNECIMENTO DE GAS LIQUEFEITO DE PETROLEO (GLP),  DE ACORDO COM O CONTRATO Nº 36/2017.;32918351000172;KSA DISTRIBUIDORA DE GAS LTDA - EPP;;;;;;;;4.500,00;;;;;;;;;;;;
14107;TRIBUNAL REGIONAL ELEITORAL DO DIST. FEDERAL;070025;TRIBUNAL REGIONAL ELEITORAL DO D. FEDERAL;02122057020GP0053;20GP;JULGAMENTO DE CAUSAS E GESTAO ADMINISTRATIVA NA JUSTICA ELEI;0001;JULGAMENTO DE CAUSAS E GESTAO ADMINISTRATIVA;084782;AOSA CONSUM;MATERIAL DE CONSUMO;0100;RECURSOS ORDINARIOS;1;ORCAMENTO FISCAL;3;DESPESAS CORRENTES;3;OUTRAS DESPESAS CORRENTES;30;MATERIAL DE CONSUMO;339030;MATERIAL DE CONSUMO;33903004;GAS E OUTROS MATERIAIS ENGARRAFADOS;3;ESTIMATIVO;06;DISPENSA DE LICITACAO;02;11/01/2018;JAN/2018;2018;070025000012018NE000051;00041922920176078100;PGTO NF 35482. SERVICOS DE FORNECIMENTO DE GAS. RET IMP FED 5,85 (R$ 31,59). PA 4192-29.2017.;32918351000172;KSA DISTRIBUIDORA DE GAS LTDA - EPP;;;;;;;;0,00;540,00;540,00;;;;;;;;;540,00;540,00
14107;TRIBUNAL REGIONAL ELEITORAL DO DIST. FEDERAL;070025;TRIBUNAL REGIONAL ELEITORAL DO D. FEDERAL;02122057020GP0053;20GP;JULGAMENTO DE CAUSAS E GESTAO ADMINISTRATIVA NA JUSTICA ELEI;0001;JULGAMENTO DE CAUSAS E GESTAO ADMINISTRATIVA;084782;AOSA CONSUM;MATERIAL DE CONSUMO;0100;RECURSOS ORDINARIOS;1;ORCAMENTO FISCAL;3;DESPESAS CORRENTES;3;OUTRAS DESPESAS CORRENTES;30;MATERIAL DE CONSUMO;339030;MATERIAL DE CONSUMO;33903014;MATERIAL EDUCATIVO E ESPORTIVO;1;ORDINARIO;12;PREGAO;-8;03/08/2017;AGO/2017;2017;070025000012017NE000363;00037540320176078100;NAO SE APLICA;03114397000130;BLG LICITACOES LTDA  - ME;;;;;;;;;;;;;85,80;;;;;85,80;;
14107;TRIBUNAL REGIONAL ELEITORAL DO DIST. FEDERAL;070025;TRIBUNAL REGIONAL ELEITORAL DO D. FEDERAL;02122057020GP0053;20GP;JULGAMENTO DE CAUSAS E GESTAO ADMINISTRATIVA NA JUSTICA ELEI;0001;JULGAMENTO DE CAUSAS E GESTAO ADMINISTRATIVA;084782;AOSA CONSUM;MATERIAL DE CONSUMO;0100;RECURSOS ORDINARIOS;1;ORCAMENTO FISCAL;3;DESPESAS CORRENTES;3;OUTRAS DESPESAS CORRENTES;30;MATERIAL DE CONSUMO;339030;MATERIAL DE CONSUMO;33903016;MATERIAL DE EXPEDIENTE;1;ORDINARIO;12;PREGAO;-8;03/08/2017;AGO/2017;2017;070025000012017NE000363;00037540320176078100;NAO SE APLICA;03114397000130;BLG LICITACOES LTDA  - ME;;;;;;;;;;;;;3.674,48;;;;;3.674,48;;
14107;TRIBUNAL REGIONAL ELEITORAL DO DIST. FEDERAL;070025;TRIBUNAL REGIONAL ELEITORAL DO D. FEDERAL;02122057020GP0053;20GP;JULGAMENTO DE CAUSAS E GESTAO ADMINISTRATIVA NA JUSTICA ELEI;0001;JULGAMENTO DE CAUSAS E GESTAO ADMINISTRATIVA;084782;AOSA CONSUM;MATERIAL DE CONSUMO;0100;RECURSOS ORDINARIOS;1;ORCAMENTO FISCAL;3;DESPESAS CORRENTES;3;OUTRAS DESPESAS CORRENTES;30;MATERIAL DE CONSUMO;339030;MATERIAL DE CONSUMO;33903016;MATERIAL DE EXPEDIENTE;1;ORDINARIO;12;PREGAO;-8;16/08/2017;AGO/2017;2017;070025000012017NE000374;00038891520176078100;NAO SE APLICA;03114397000130;BLG LICITACOES LTDA  - ME;;;;;;;;;;;;;811,20;;;;;811,20;;
14107;TRIBUNAL REGIONAL ELEITORAL DO DIST. FEDERAL;070025;TRIBUNAL REGIONAL ELEITORAL DO D. FEDERAL;02122057020GP0053;20GP;JULGAMENTO DE CAUSAS E GESTAO ADMINISTRATIVA NA JUSTICA ELEI;0001;JULGAMENTO DE CAUSAS E GESTAO ADMINISTRATIVA;084782;AOSA CONSUM;MATERIAL DE CONSUMO;0100;RECURSOS ORDINARIOS;1;ORCAMENTO FISCAL;3;DESPESAS CORRENTES;3;OUTRAS DESPESAS CORRENTES;30;MATERIAL DE CONSUMO;339030;MATERIAL DE CONSUMO;33903016;MATERIAL DE EXPEDIENTE;3;ESTIMATIVO;06;DISPENSA DE LICITACAO;02;10/01/2018;JAN/2018;2018;070025000012018NE000038;00041836720176078100;17CT0037 - FORNECIMENTO DE CARIMBOS, DE ACORDO COM O CONTRATO Nº 37/2017.;72649361000174;HBL CARIMBOS E PLACAS INDUSTRIA E COMERCIO LTDA;;;;;;;;3.953,50;;;;;;;;;;;;
14107;TRIBUNAL REGIONAL ELEITORAL DO DIST. FEDERAL;070025;TRIBUNAL REGIONAL ELEITORAL DO D. FEDERAL;02122057020GP0053;20GP;JULGAMENTO DE CAUSAS E GESTAO ADMINISTRATIVA NA JUSTICA ELEI;0001;JULGAMENTO DE CAUSAS E GESTAO ADMINISTRATIVA;084782;AOSA CONSUM;MATERIAL DE CONSUMO;0100;RECURSOS ORDINARIOS;1;ORCAMENTO FISCAL;3;DESPESAS CORRENTES;3;OUTRAS DESPESAS CORRENTES;30;MATERIAL DE CONSUMO;339030;MATERIAL DE CONSUMO;33903016;MATERIAL DE EXPEDIENTE;3;ESTIMATIVO;06;DISPENSA DE LICITACAO;02;10/01/2018;JAN/2018;2018;070025000012018NE000038;00041836720176078100;PGTO NF 31817. CARIMBOS. OPTANTE PELO SIMPLES. RET. ISS 4,31 (R$ 11,06). PA 4183-67.2017;72649361000174;HBL CARIMBOS E PLACAS INDUSTRIA E COMERCIO LTDA;;;;;;;;0,00;256,50;256,50;;;;;;;;;256,50;256,50
14107;TRIBUNAL REGIONAL ELEITORAL DO DIST. FEDERAL;070025;TRIBUNAL REGIONAL ELEITORAL DO D. FEDERAL;02122057020GP0053;20GP;JULGAMENTO DE CAUSAS E GESTAO ADMINISTRATIVA NA JUSTICA ELEI;0001;JULGAMENTO DE CAUSAS E GESTAO ADMINISTRATIVA;084782;AOSA CONSUM;MATERIAL DE CONSUMO;0100;RECURSOS ORDINARIOS;1;ORCAMENTO FISCAL;3;DESPESAS CORRENTES;3;OUTRAS DESPESAS CORRENTES;30;MATERIAL DE CONSUMO;339030;MATERIAL DE CONSUMO;33903016;MATERIAL DE EXPEDIENTE;3;ESTIMATIVO;06;DISPENSA DE LICITACAO;02;10/01/2018;JAN/2018;2018;070025000012018NE000038;00041836720176078100;PGTO NF 32.709. CARIMBOS. OPTANTE PELO SIMPLES. RET. ISS 4,31 (R$ 17,07). PA 4183-67.2017;72649361000174;HBL CARIMBOS E PLACAS INDUSTRIA E COMERCIO LTDA;;;;;;;;0,00;396,00;396,00;;;;;;;;;396,00;396,00
14107;TRIBUNAL REGIONAL ELEITORAL DO DIST. FEDERAL;070025;TRIBUNAL REGIONAL ELEITORAL DO D. FEDERAL;02122057020GP0053;20GP;JULGAMENTO DE CAUSAS E GESTAO ADMINISTRATIVA NA JUSTICA ELEI;0001;JULGAMENTO DE CAUSAS E GESTAO ADMINISTRATIVA;084782;AOSA CONSUM;MATERIAL DE CONSUMO;0100;RECURSOS ORDINARIOS;1;ORCAMENTO FISCAL;3;DESPESAS CORRENTES;3;OUTRAS DESPESAS CORRENTES;30;MATERIAL DE CONSUMO;339030;MATERIAL DE CONSUMO;33903016;MATERIAL DE EXPEDIENTE;3;ESTIMATIVO;06;DISPENSA DE LICITACAO;02;10/01/2018;JAN/2018;2018;070025000012018NE000038;00041836720176078100;PGTO NF 32297. CARIMBOS. OPTANTE PELO SIMPLES. RET. ISS 4,31 (R$ 8,49). PA 4183-67.2017;72649361000174;HBL CARIMBOS E PLACAS INDUSTRIA E COMERCIO LTDA;;;;;;;;0,00;197,00;;;;;;;;;;197,00;
14107;TRIBUNAL REGIONAL ELEITORAL DO DIST. FEDERAL;070025;TRIBUNAL REGIONAL ELEITORAL DO D. FEDERAL;02122057020GP0053;20GP;JULGAMENTO DE CAUSAS E GESTAO ADMINISTRATIVA NA JUSTICA ELEI;0001;JULGAMENTO DE CAUSAS E GESTAO ADMINISTRATIVA;084782;AOSA CONSUM;MATERIAL DE CONSUMO;0100;RECURSOS ORDINARIOS;1;ORCAMENTO FISCAL;3;DESPESAS CORRENTES;3;OUTRAS DESPESAS CORRENTES;30;MATERIAL DE CONSUMO;339030;MATERIAL DE CONSUMO;33903016;MATERIAL DE EXPEDIENTE;3;ESTIMATIVO;06;DISPENSA DE LICITACAO;02;10/01/2018;JAN/2018;2018;070025000012018NE000038;00041836720176078100;PGTO NF 32297. CARIMBOS. OPTANTE PELO SIMPLES. RET. ISS 4,31 (R$ 8,49). PA 4183-67.2017.;72649361000174;HBL CARIMBOS E PLACAS INDUSTRIA E COMERCIO LTDA;;;;;;;;0,00;0,00;197,00;;;;;;;;;0,00;197,00
14107;TRIBUNAL REGIONAL ELEITORAL DO DIST. FEDERAL;070025;TRIBUNAL REGIONAL ELEITORAL DO D. FEDERAL;02122057020GP0053;20GP;JULGAMENTO DE CAUSAS E GESTAO ADMINISTRATIVA NA JUSTICA ELEI;0001;JULGAMENTO DE CAUSAS E GESTAO ADMINISTRATIVA;084782;AOSA CONSUM;MATERIAL DE CONSUMO;0100;RECURSOS ORDINARIOS;1;ORCAMENTO FISCAL;3;DESPESAS CORRENTES;3;OUTRAS DESPESAS CORRENTES;30;MATERIAL DE CONSUMO;339030;MATERIAL DE CONSUMO;33903019;MATERIAL DE ACONDICIONAMENTO E EMBALAGEM;1;ORDINARIO;12;PREGAO;-8;03/08/2017;AGO/2017;2017;070025000012017NE000363;00037540320176078100;NAO SE APLICA;03114397000130;BLG LICITACOES LTDA  - ME;;;;;;;;;;;;;480,00;;;;;480,00;;
14107;TRIBUNAL REGIONAL ELEITORAL DO DIST. FEDERAL;070025;TRIBUNAL REGIONAL ELEITORAL DO D. FEDERAL;02122057020GP0053;20GP;JULGAMENTO DE CAUSAS E GESTAO ADMINISTRATIVA NA JUSTICA ELEI;0001;JULGAMENTO DE CAUSAS E GESTAO ADMINISTRATIVA;084782;AOSA CONSUM;MATERIAL DE CONSUMO;0100;RECURSOS ORDINARIOS;1;ORCAMENTO FISCAL;3;DESPESAS CORRENTES;3;OUTRAS DESPESAS CORRENTES;30;MATERIAL DE CONSUMO;339030;MATERIAL DE CONSUMO;33903028;MATERIAL DE PROTECAO E SEGURANCA;1;ORDINARIO;12;PREGAO;-8;03/08/2017;AGO/2017;2017;070025000012017NE000363;00037540320176078100;NAO SE APLICA;03114397000130;BLG LICITACOES LTDA  - ME;;;;;;;;;;;;;243,00;;;;;243,00;;
14107;TRIBUNAL REGIONAL ELEITORAL DO DIST. FEDERAL;070025;TRIBUNAL REGIONAL ELEITORAL DO D. FEDERAL;02122057020GP0053;20GP;JULGAMENTO DE CAUSAS E GESTAO ADMINISTRATIVA NA JUSTICA ELEI;0001;JULGAMENTO DE CAUSAS E GESTAO ADMINISTRATIVA;084782;AOSA CONSUM;MATERIAL DE CONSUMO;0100;RECURSOS ORDINARIOS;1;ORCAMENTO FISCAL;3;DESPESAS CORRENTES;3;OUTRAS DESPESAS CORRENTES;30;MATERIAL DE CONSUMO;339030;MATERIAL DE CONSUMO;33903031;SEMENTES, MUDAS DE PLANTAS E INSUMOS;3;ESTIMATIVO;12;PREGAO;-8;11/01/2018;JAN/2018;2018;070025000012018NE000050;00064244820166078100;17CT0005 - PRESTACAO DE SERVICOS DE JARDINAGEM E FORNECIMENTO DE PLANTAS  NAS INSTALACOES DO TRIBUNAL REGIONAL ELEITORAL DO DISTRITO FEDERAL, DE ACORDO COM O CONTRATO N¤ 05/2017 (MATERIAL DE CONSUMO-PLANTAS). TERMO ADITIVO Nº 01.;12742245000173;UNISERVE COMERCIO E SERVICOS TERCEIRIZADOS LTDA - ME;;;;;;;;7.500,00;;;;;;;;;;;;
14107;TRIBUNAL REGIONAL ELEITORAL DO DIST. FEDERAL;070025;TRIBUNAL REGIONAL ELEITORAL DO D. FEDERAL;02122057020GP0053;20GP;JULGAMENTO DE CAUSAS E GESTAO ADMINISTRATIVA NA JUSTICA ELEI;0001;JULGAMENTO DE CAUSAS E GESTAO ADMINISTRATIVA;084782;AOSA CONSUM;MATERIAL DE CONSUMO;0100;RECURSOS ORDINARIOS;1;ORCAMENTO FISCAL;3;DESPESAS CORRENTES;3;OUTRAS DESPESAS CORRENTES;30;MATERIAL DE CONSUMO;339030;MATERIAL DE CONSUMO;33903031;SEMENTES, MUDAS DE PLANTAS E INSUMOS;3;ESTIMATIVO;12;PREGAO;-8;11/01/2018;JAN/2018;2018;070025000012018NE000050;00064244820166078100;PGTO NFS 248, 249, 250. SERVICO DE JARDINAGEM. RETENCAO IMP. FED. 9,45 (R$ 2.747,43), 5,85 (R$ 152,10), ISS 2,00 (R$ 1.453,67), INSS 11,00 (R$ 1.599,03). PA 2142.30.2017;12742245000173;UNISERVE COMERCIO E SERVICOS TERCEIRIZADOS LTDA - ME;;;;;;;;0,00;2.600,00;2.600,00;;;;;;;;;2.600,00;2.600,00
14107;TRIBUNAL REGIONAL ELEITORAL DO DIST. FEDERAL;070025;TRIBUNAL REGIONAL ELEITORAL DO D. FEDERAL;02122057020GP0053;20GP;JULGAMENTO DE CAUSAS E GESTAO ADMINISTRATIVA NA JUSTICA ELEI;0001;JULGAMENTO DE CAUSAS E GESTAO ADMINISTRATIVA;084782;AOSA CONSUM;MATERIAL DE CONSUMO;0100;RECURSOS ORDINARIOS;1;ORCAMENTO FISCAL;3;DESPESAS CORRENTES;3;OUTRAS DESPESAS CORRENTES;30;MATERIAL DE CONSUMO;339030;MATERIAL DE CONSUMO;33903096;MATERIAL DE CONSUMO - PAGTO ANTECIPADO;3;ESTIMATIVO;09;SUPRIMENTO DE FUNDOS;03;02/02/2018;FEV/2018;2018;070025000012018NE000090;SUPRIMENTO DE FUNDOS;2018NECT - SUPRIMENTO DE FUNDOS - MATERIAL DE CONSUMO.;070025;TRIBUNAL REGIONAL ELEITORAL DO D. FEDERAL;;;;;;;;20.000,00;;;;;;;;;;;;
14107;TRIBUNAL REGIONAL ELEITORAL DO DIST. FEDERAL;070025;TRIBUNAL REGIONAL ELEITORAL DO D. FEDERAL;02122057020GP0053;20GP;JULGAMENTO DE CAUSAS E GESTAO ADMINISTRATIVA NA JUSTICA ELEI;0001;JULGAMENTO DE CAUSAS E GESTAO ADMINISTRATIVA;084782;AOSA CONSUM;MATERIAL DE CONSUMO;0100;RECURSOS ORDINARIOS;1;ORCAMENTO FISCAL;3;DESPESAS CORRENTES;3;OUTRAS DESPESAS CORRENTES;30;MATERIAL DE CONSUMO;339030;MATERIAL DE CONSUMO;33903096;MATERIAL DE CONSUMO - PAGTO ANTECIPADO;3;ESTIMATIVO;09;SUPRIMENTO DE FUNDOS;03;02/02/2018;FEV/2018;2018;070025000012018NE000090;SUPRIMENTO DE FUNDOS;LIQUIDACAO DO VALOR RELATIVO AO SUPRIMENTO DE FUNDOS PARA AQUISICAO DE MATERIAL DE CONSUMO, CONCEDIDO A SERVIDORA NUBIA MARIA DO SOCORRO BEZERRA SALES, CONFORME CONSTA NOS AUTOS DO PA DE CONCESSAO, SEI N. 0000257-44.2018.6.07.8100.;070025;TRIBUNAL REGIONAL ELEITORAL DO D. FEDERAL;;;;;;;;0,00;8.000,00;8.000,00;;;;;;;;;8.000,00;8.000,00
14107;TRIBUNAL REGIONAL ELEITORAL DO DIST. FEDERAL;070025;TRIBUNAL REGIONAL ELEITORAL DO D. FEDERAL;02122057020GP0053;20GP;JULGAMENTO DE CAUSAS E GESTAO ADMINISTRATIVA NA JUSTICA ELEI;0001;JULGAMENTO DE CAUSAS E GESTAO ADMINISTRATIVA;084782;AOSA CONSUM;MATERIAL DE CONSUMO;0100;RECURSOS ORDINARIOS;1;ORCAMENTO FISCAL;3;DESPESAS CORRENTES;3;OUTRAS DESPESAS CORRENTES;30;MATERIAL DE CONSUMO;339030;MATERIAL DE CONSUMO;33903096;MATERIAL DE CONSUMO - PAGTO ANTECIPADO;3;ESTIMATIVO;09;SUPRIMENTO DE FUNDOS;03;02/02/2018;FEV/2018;2018;070025000012018NE000090;SUPRIMENTO DE FUNDOS;VALOR RELATIVO AO SUPRIMENTO DE FUNDOS PARA AQUISICAO DE MATERIAL DE CONSUMO, CONCEDIDO AO SERVIDOR GUILHERME ALVES CALDEIRA, CONFORME CONSTA NOS AUTOS DO PA DE CONCESSAO, SEI N. 0004524-93.2017.6.07.8100.;070025;TRIBUNAL REGIONAL ELEITORAL DO D. FEDERAL;;;;;;;;0,00;7.500,00;7.500,00;;;;;;;;;7.500,00;7.500,00
14107;TRIBUNAL REGIONAL ELEITORAL DO DIST. FEDERAL;070025;TRIBUNAL REGIONAL ELEITORAL DO D. FEDERAL;02122057020GP0053;20GP;JULGAMENTO DE CAUSAS E GESTAO ADMINISTRATIVA NA JUSTICA ELEI;0001;JULGAMENTO DE CAUSAS E GESTAO ADMINISTRATIVA;084782;AOSA CONSUM;MATERIAL DE CONSUMO;0127;CUSTAS E EMOLUMENTOS - PODER JUDICIARIO;1;ORCAMENTO FISCAL;3;DESPESAS CORRENTES;3;OUTRAS DESPESAS CORRENTES;30;MATERIAL DE CONSUMO;339030;MATERIAL DE CONSUMO;339030-9;NAO SE APLICA;-9;NAO SE APLICA;-9;NAO SE APLICA;-9;NAO SE APLICA;NAO SE APLICA;-9;-9;-9;2018NECT - AQUISICAO DE MATERIAIS DE CONSUMO  (ETIQUETAS E CAIXAS P/ ARQUIVO),CONF.  ARP Nº 3/2017 - PREGAO PRESENCIAL Nº 15/2017.  O TERMO DE REFERENCIA DACONTRATACAO INTEGRA A NE.;-9;NAO SE APLICA;;;;;(6.060,00);;;;;;;;;;;;;;;
14107;TRIBUNAL REGIONAL ELEITORAL DO DIST. FEDERAL;070025;TRIBUNAL REGIONAL ELEITORAL DO D. FEDERAL;02122057020GP0053;20GP;JULGAMENTO DE CAUSAS E GESTAO ADMINISTRATIVA NA JUSTICA ELEI;0001;JULGAMENTO DE CAUSAS E GESTAO ADMINISTRATIVA;084782;AOSA CONSUM;MATERIAL DE CONSUMO;0127;CUSTAS E EMOLUMENTOS - PODER JUDICIARIO;1;ORCAMENTO FISCAL;3;DESPESAS CORRENTES;3;OUTRAS DESPESAS CORRENTES;30;MATERIAL DE CONSUMO;339030;MATERIAL DE CONSUMO;339030-9;NAO SE APLICA;-9;NAO SE APLICA;-9;NAO SE APLICA;-9;NAO SE APLICA;NAO SE APLICA;-9;-9;-9;2018NECT - AQUISICAO DE MATERIAL DE CONSUMO(PLACA E LETREIROS)P/IDENTIF.E INAUGUR.DO ESPACO ONDE FOI INST.O ARQUIVO CENTRAL DO TRE-DF,LOCALIZADO NA AREA CONTIGUA DA 17ª ZE DO CARTORIO DO GAMA. O TR DA PRESENTE CONTRAT.INTEGRA ESTA NE.;-9;NAO SE APLICA;;;;;(1.450,00);;;;;;;;;;;;;;;
14107;TRIBUNAL REGIONAL ELEITORAL DO DIST. FEDERAL;070025;TRIBUNAL REGIONAL ELEITORAL DO D. FEDERAL;02122057020GP0053;20GP;JULGAMENTO DE CAUSAS E GESTAO ADMINISTRATIVA NA JUSTICA ELEI;0001;JULGAMENTO DE CAUSAS E GESTAO ADMINISTRATIVA;084782;AOSA CONSUM;MATERIAL DE CONSUMO;0127;CUSTAS E EMOLUMENTOS - PODER JUDICIARIO;1;ORCAMENTO FISCAL;3;DESPESAS CORRENTES;3;OUTRAS DESPESAS CORRENTES;30;MATERIAL DE CONSUMO;339030;MATERIAL DE CONSUMO;339030-9;NAO SE APLICA;-9;NAO SE APLICA;-9;NAO SE APLICA;-9;NAO SE APLICA;NAO SE APLICA;-9;-9;-9;2018NECT - AQUISICAO DE MATERIAL DE EXPEDIENTE (PAPEL SULFITE). ARP Nº 7/2017,PP SRP Nº 9/2017. CONFORME SOLICITACAO DO GESTOR. O TERMO DE REFERENCIA DA PRESENTE CONTRATACAO INTEGRA ESTA NE, INDEPENDENTEMENTE DE TRANSCRICAO.;-9;NAO SE APLICA;;;;;(90.480,00);;;;;;;;;;;;;;;
14107;TRIBUNAL REGIONAL ELEITORAL DO DIST. FEDERAL;070025;TRIBUNAL REGIONAL ELEITORAL DO D. FEDERAL;02122057020GP0053;20GP;JULGAMENTO DE CAUSAS E GESTAO ADMINISTRATIVA NA JUSTICA ELEI;0001;JULGAMENTO DE CAUSAS E GESTAO ADMINISTRATIVA;084782;AOSA CONSUM;MATERIAL DE CONSUMO;0127;CUSTAS E EMOLUMENTOS - PODER JUDICIARIO;1;ORCAMENTO FISCAL;3;DESPESAS CORRENTES;3;OUTRAS DESPESAS CORRENTES;30;MATERIAL DE CONSUMO;339030;MATERIAL DE CONSUMO;339030-9;NAO SE APLICA;-9;NAO SE APLICA;-9;NAO SE APLICA;-9;NAO SE APLICA;NAO SE APLICA;-9;-9;-9;2018NECT - AQUISICAO DE MATERIAL DE EXPEDIENTE (PAPEL SULFITE). ARP Nº 7/2017,PP SRP Nº 9/2017. CONFORME SOLICITACAO DO GESTOR. O TERMO DE REFERENCIA DA PRESENTE CONTRATACAO INTEGRA ESTA NE, INDEPENDENTEMENTE DE TRANSCRICAO. ANULACAO.;-9;NAO SE APLICA;;;;;45.240,00;;;;;;;;;;;;;;;
14107;TRIBUNAL REGIONAL ELEITORAL DO DIST. FEDERAL;070025;TRIBUNAL REGIONAL ELEITORAL DO D. FEDERAL;02122057020GP0053;20GP;JULGAMENTO DE CAUSAS E GESTAO ADMINISTRATIVA NA JUSTICA ELEI;0001;JULGAMENTO DE CAUSAS E GESTAO ADMINISTRATIVA;084782;AOSA CONSUM;MATERIAL DE CONSUMO;0127;CUSTAS E EMOLUMENTOS - PODER JUDICIARIO;1;ORCAMENTO FISCAL;3;DESPESAS CORRENTES;3;OUTRAS DESPESAS CORRENTES;30;MATERIAL DE CONSUMO;339030;MATERIAL DE CONSUMO;339030-9;NAO SE APLICA;-9;NAO SE APLICA;-9;NAO SE APLICA;-9;NAO SE APLICA;NAO SE APLICA;-9;-9;-9;ALTERACAO P/ EMISSAO DE NE - AQUISICAO DE MATERIAIS DE CONSUMO(ETIQUETAS E CAIXAS P/ ARQUIVO). (PA 0003592-08.2017.6.07.8100);-9;NAO SE APLICA;6.060,00;6.060,00;;;6.060,00;;;;;;;;;;;;;;;
14107;TRIBUNAL REGIONAL ELEITORAL DO DIST. FEDERAL;070025;TRIBUNAL REGIONAL ELEITORAL DO D. FEDERAL;02122057020GP0053;20GP;JULGAMENTO DE CAUSAS E GESTAO ADMINISTRATIVA NA JUSTICA ELEI;0001;JULGAMENTO DE CAUSAS E GESTAO ADMINISTRATIVA;084782;AOSA CONSUM;MATERIAL DE CONSUMO;0127;CUSTAS E EMOLUMENTOS - PODER JUDICIARIO;1;ORCAMENTO FISCAL;3;DESPESAS CORRENTES;3;OUTRAS DESPESAS CORRENTES;30;MATERIAL DE CONSUMO;339030;MATERIAL DE CONSUMO;339030-9;NAO SE APLICA;-9;NAO SE APLICA;-9;NAO SE APLICA;-9;NAO SE APLICA;NAO SE APLICA;-9;-9;-9;ALTERACAO PARA EMISSA DE PE - FORNECIMENTO DE ESTANDARTES E BANDEIRA.         (PA 0001012-68.2018.6.07.8100);-9;NAO SE APLICA;2.948,00;2.948,00;;;2.948,00;;;;;;;;;;;;;;;
14107;TRIBUNAL REGIONAL ELEITORAL DO DIST. FEDERAL;070025;TRIBUNAL REGIONAL ELEITORAL DO D. FEDERAL;02122057020GP0053;20GP;JULGAMENTO DE CAUSAS E GESTAO ADMINISTRATIVA NA JUSTICA ELEI;0001;JULGAMENTO DE CAUSAS E GESTAO ADMINISTRATIVA;084782;AOSA CONSUM;MATERIAL DE CONSUMO;0127;CUSTAS E EMOLUMENTOS - PODER JUDICIARIO;1;ORCAMENTO FISCAL;3;DESPESAS CORRENTES;3;OUTRAS DESPESAS CORRENTES;30;MATERIAL DE CONSUMO;339030;MATERIAL DE CONSUMO;339030-9;NAO SE APLICA;-9;NAO SE APLICA;-9;NAO SE APLICA;-9;NAO SE APLICA;NAO SE APLICA;-9;-9;-9;ALTERACAO PARA EMISSAO DE NOTA DE EMPENHO. AQUISICAO DE MATERIAL DE EXPEDIENTEPAE Nº 0000036-81.2018.6.07.8100;-9;NAO SE APLICA;45.240,00;45.240,00;;;45.240,00;;;;;;;;;;;;;;;
14107;TRIBUNAL REGIONAL ELEITORAL DO DIST. FEDERAL;070025;TRIBUNAL REGIONAL ELEITORAL DO D. FEDERAL;02122057020GP0053;20GP;JULGAMENTO DE CAUSAS E GESTAO ADMINISTRATIVA NA JUSTICA ELEI;0001;JULGAMENTO DE CAUSAS E GESTAO ADMINISTRATIVA;084782;AOSA CONSUM;MATERIAL DE CONSUMO;0127;CUSTAS E EMOLUMENTOS - PODER JUDICIARIO;1;ORCAMENTO FISCAL;3;DESPESAS CORRENTES;3;OUTRAS DESPESAS CORRENTES;30;MATERIAL DE CONSUMO;339030;MATERIAL DE CONSUMO;339030-9;NAO SE APLICA;-9;NAO SE APLICA;-9;NAO SE APLICA;-9;NAO SE APLICA;NAO SE APLICA;-9;-9;-9;ALTERACAO PARA EMISSAO DE PE - AQUISICAO DE MATERIAL DE CONSUMO(PLACA E LETREIROS) PARA IDENTIF.E INAUGURACAO DO ESPACO ONDE FOI INSTALADO O ARQUIVO CENTRALDO TRE-DF,LOCALIZ.NO CARTORIO DA 17ªZE DO CARTORIO DO GAMA.(PA0001388-54.2018);-9;NAO SE APLICA;1.450,00;1.450,00;;;1.450,00;;;;;;;;;;;;;;;
14107;TRIBUNAL REGIONAL ELEITORAL DO DIST. FEDERAL;070025;TRIBUNAL REGIONAL ELEITORAL DO D. FEDERAL;02122057020GP0053;20GP;JULGAMENTO DE CAUSAS E GESTAO ADMINISTRATIVA NA JUSTICA ELEI;0001;JULGAMENTO DE CAUSAS E GESTAO ADMINISTRATIVA;084782;AOSA CONSUM;MATERIAL DE CONSUMO;0127;CUSTAS E EMOLUMENTOS - PODER JUDICIARIO;1;ORCAMENTO FISCAL;3;DESPESAS CORRENTES;3;OUTRAS DESPESAS CORRENTES;30;MATERIAL DE CONSUMO;339030;MATERIAL DE CONSUMO;339030-9;NAO SE APLICA;-9;NAO SE APLICA;-9;NAO SE APLICA;-9;NAO SE APLICA;NAO SE APLICA;-9;-9;-9;ANULACAO DE PE PARA EMISSAO DE NE - AQUISICAO DE PLACAS E LETREIROS.          (PA 0001388-54.2018.6.07.8100);-9;NAO SE APLICA;;;;;1.450,00;(1.450,00);(1.450,00);;;;;;;;;;;;;
14107;TRIBUNAL REGIONAL ELEITORAL DO DIST. FEDERAL;070025;TRIBUNAL REGIONAL ELEITORAL DO D. FEDERAL;02122057020GP0053;20GP;JULGAMENTO DE CAUSAS E GESTAO ADMINISTRATIVA NA JUSTICA ELEI;0001;JULGAMENTO DE CAUSAS E GESTAO ADMINISTRATIVA;084782;AOSA CONSUM;MATERIAL DE CONSUMO;0127;CUSTAS E EMOLUMENTOS - PODER JUDICIARIO;1;ORCAMENTO FISCAL;3;DESPESAS CORRENTES;3;OUTRAS DESPESAS CORRENTES;30;MATERIAL DE CONSUMO;339030;MATERIAL DE CONSUMO;339030-9;NAO SE APLICA;-9;NAO SE APLICA;-9;NAO SE APLICA;-9;NAO SE APLICA;NAO SE APLICA;-9;-9;-9;AQUISICAO DE MATERIAL DE CONSUMO (PLACA E LETREIROS) PARA IDENTIFICACAO E INAUINAUGURACAO DO ESPACO ONDE FOI INSTALADO O ARQUIVO CENTRAL DO TRE-DF, LOCALIZADO NA AREA CONTIGUA AO CART.DA 17ªZE DO CARTORIO DO GAMA. (PA 0001388-54.2018);-9;NAO SE APLICA;;;;;(1.450,00);1.450,00;1.450,00;;;;;;;;;;;;;
14107;TRIBUNAL REGIONAL ELEITORAL DO DIST. FEDERAL;070025;TRIBUNAL REGIONAL ELEITORAL DO D. FEDERAL;02122057020GP0053;20GP;JULGAMENTO DE CAUSAS E GESTAO ADMINISTRATIVA NA JUSTICA ELEI;0001;JULGAMENTO DE CAUSAS E GESTAO ADMINISTRATIVA;084782;AOSA CONSUM;MATERIAL DE CONSUMO;0127;CUSTAS E EMOLUMENTOS - PODER JUDICIARIO;1;ORCAMENTO FISCAL;3;DESPESAS CORRENTES;3;OUTRAS DESPESAS CORRENTES;30;MATERIAL DE CONSUMO;339030;MATERIAL DE CONSUMO;339030-9;NAO SE APLICA;-9;NAO SE APLICA;-9;NAO SE APLICA;-9;NAO SE APLICA;NAO SE APLICA;-9;-9;-9;FORNECIMENTO DE ESTANDARTES E BANDEIRA. (PA 0001012-68.2018.6.07.8100);-9;NAO SE APLICA;;;;;(2.948,00);2.948,00;2.948,00;;;;;;;;;;;;;
14107;TRIBUNAL REGIONAL ELEITORAL DO DIST. FEDERAL;070025;TRIBUNAL REGIONAL ELEITORAL DO D. FEDERAL;02122057020GP0053;20GP;JULGAMENTO DE CAUSAS E GESTAO ADMINISTRATIVA NA JUSTICA ELEI;0001;JULGAMENTO DE CAUSAS E GESTAO ADMINISTRATIVA;084782;AOSA CONSUM;MATERIAL DE CONSUMO;0127;CUSTAS E EMOLUMENTOS - PODER JUDICIARIO;1;ORCAMENTO FISCAL;3;DESPESAS CORRENTES;3;OUTRAS DESPESAS CORRENTES;30;MATERIAL DE CONSUMO;339030;MATERIAL DE CONSUMO;33903016;MATERIAL DE EXPEDIENTE;1;ORDINARIO;12;PREGAO;-8;10/01/2018;JAN/2018;2018;070025000012018NE000041;00000368120186078100;2018NECT - AQUISICAO DE MATERIAL DE EXPEDIENTE (PAPEL SULFITE). ARP Nº 7/2017,PP SRP Nº 9/2017. CONFORME SOLICITACAO DO GESTOR. O TERMO DE REFERENCIA DA PRESENTE CONTRATACAO INTEGRA ESTA NE, INDEPENDENTEMENTE DE TRANSCRICAO.;03114397000130;BLG LICITACOES LTDA  - ME;;;;;;;;45.240,00;;;;;;;;;;;;
14107;TRIBUNAL REGIONAL ELEITORAL DO DIST. FEDERAL;070025;TRIBUNAL REGIONAL ELEITORAL DO D. FEDERAL;02122057020GP0053;20GP;JULGAMENTO DE CAUSAS E GESTAO ADMINISTRATIVA NA JUSTICA ELEI;0001;JULGAMENTO DE CAUSAS E GESTAO ADMINISTRATIVA;084782;AOSA CONSUM;MATERIAL DE CONSUMO;0127;CUSTAS E EMOLUMENTOS - PODER JUDICIARIO;1;ORCAMENTO FISCAL;3;DESPESAS CORRENTES;3;OUTRAS DESPESAS CORRENTES;30;MATERIAL DE CONSUMO;339030;MATERIAL DE CONSUMO;33903016;MATERIAL DE EXPEDIENTE;1;ORDINARIO;12;PREGAO;-8;10/01/2018;JAN/2018;2018;070025000012018NE000041;00000368120186078100;2018NECT - AQUISICAO DE MATERIAL DE EXPEDIENTE (PAPEL SULFITE). ARP Nº 7/2017,PP SRP Nº 9/2017. CONFORME SOLICITACAO DO GESTOR. O TERMO DE REFERENCIA DA PRESENTE CONTRATACAO INTEGRA ESTA NE, INDEPENDENTEMENTE DE TRANSCRICAO. ANULACAO.;03114397000130;BLG LICITACOES LTDA  - ME;;;;;;;;(45.240,00);;;;;;;;;;;;
14107;TRIBUNAL REGIONAL ELEITORAL DO DIST. FEDERAL;070025;TRIBUNAL REGIONAL ELEITORAL DO D. FEDERAL;02122057020GP0053;20GP;JULGAMENTO DE CAUSAS E GESTAO ADMINISTRATIVA NA JUSTICA ELEI;0001;JULGAMENTO DE CAUSAS E GESTAO ADMINISTRATIVA;084782;AOSA CONSUM;MATERIAL DE CONSUMO;0127;CUSTAS E EMOLUMENTOS - PODER JUDICIARIO;1;ORCAMENTO FISCAL;3;DESPESAS CORRENTES;3;OUTRAS DESPESAS CORRENTES;30;MATERIAL DE CONSUMO;339030;MATERIAL DE CONSUMO;33903016;MATERIAL DE EXPEDIENTE;1;ORDINARIO;12;PREGAO;-8;10/01/2018;JAN/2018;2018;070025000012018NE000043;00000366120186078100;2018NECT - AQUISICAO DE MATERIAL DE EXPEDIENTE (PAPEL SULFITE). ARP Nº 7/2017,PP SRP Nº 9/2017. CONFORME SOLICITACAO DO GESTOR. O TERMO DE REFERENCIA DA PRESENTE CONTRATACAO INTEGRA ESTA NE, INDEPENDENTEMENTE DE TRANSCRICAO.;03114397000130;BLG LICITACOES LTDA  - ME;;;;;;;;45.240,00;;;;;;;;;;;;
14107;TRIBUNAL REGIONAL ELEITORAL DO DIST. FEDERAL;070025;TRIBUNAL REGIONAL ELEITORAL DO D. FEDERAL;02122057020GP0053;20GP;JULGAMENTO DE CAUSAS E GESTAO ADMINISTRATIVA NA JUSTICA ELEI;0001;JULGAMENTO DE CAUSAS E GESTAO ADMINISTRATIVA;084782;AOSA CONSUM;MATERIAL DE CONSUMO;0127;CUSTAS E EMOLUMENTOS - PODER JUDICIARIO;1;ORCAMENTO FISCAL;3;DESPESAS CORRENTES;3;OUTRAS DESPESAS CORRENTES;30;MATERIAL DE CONSUMO;339030;MATERIAL DE CONSUMO;33903016;MATERIAL DE EXPEDIENTE;1;ORDINARIO;12;PREGAO;-8;10/01/2018;JAN/2018;2018;070025000012018NE000043;00000366120186078100;PAGTO NF 11527. AQUISICAO DE PAPEL SULFITE A4. OPTANTE PELO SIMPLES NACIONAL. PA 0036-61.2018;03114397000130;BLG LICITACOES LTDA  - ME;;;;;;;;0,00;45.240,00;45.240,00;;;;;;;;;45.240,00;45.240,00
14107;TRIBUNAL REGIONAL ELEITORAL DO DIST. FEDERAL;070025;TRIBUNAL REGIONAL ELEITORAL DO D. FEDERAL;02122057020GP0053;20GP;JULGAMENTO DE CAUSAS E GESTAO ADMINISTRATIVA NA JUSTICA ELEI;0001;JULGAMENTO DE CAUSAS E GESTAO ADMINISTRATIVA;084782;AOSA CONSUM;MATERIAL DE CONSUMO;0127;CUSTAS E EMOLUMENTOS - PODER JUDICIARIO;1;ORCAMENTO FISCAL;3;DESPESAS CORRENTES;3;OUTRAS DESPESAS CORRENTES;30;MATERIAL DE CONSUMO;339030;MATERIAL DE CONSUMO;33903016;MATERIAL DE EXPEDIENTE;1;ORDINARIO;12;PREGAO;-8;25/04/2018;ABR/2018;2018;070025000012018NE000216;00035920820176078100;2018NECT - AQUISICAO DE MATERIAIS DE CONSUMO  (ETIQUETAS E CAIXAS P/ ARQUIVO),CONF.  ARP Nº 3/2017 - PREGAO PRESENCIAL Nº 15/2017.  O TERMO DE REFERENCIA DACONTRATACAO INTEGRA A NE.;13816522000108;J2 COMERCIO  DE UTILIDADES E DISTRIBUIDORA LOGISTICA EI;;;;;;;;6.060,00;;;;;;;;;;;;
14107;TRIBUNAL REGIONAL ELEITORAL DO DIST. FEDERAL;070025;TRIBUNAL REGIONAL ELEITORAL DO D. FEDERAL;02122057020GP0053;20GP;JULGAMENTO DE CAUSAS E GESTAO ADMINISTRATIVA NA JUSTICA ELEI;0001;JULGAMENTO DE CAUSAS E GESTAO ADMINISTRATIVA;084782;AOSA CONSUM;MATERIAL DE CONSUMO;0127;CUSTAS E EMOLUMENTOS - PODER JUDICIARIO;1;ORCAMENTO FISCAL;3;DESPESAS CORRENTES;3;OUTRAS DESPESAS CORRENTES;30;MATERIAL DE CONSUMO;339030;MATERIAL DE CONSUMO;33903016;MATERIAL DE EXPEDIENTE;1;ORDINARIO;12;PREGAO;-8;25/04/2018;ABR/2018;2018;070025000012018NE000216;00035920820176078100;NF 5.688. AQUISICAO DE MATERIAL DE EXPEDIENTE E DE ACONDICIONAMENTO DE EMBALAGEM. OPTANTE PELO SIMPLES. PA 3592-08.2017;13816522000108;J2 COMERCIO  DE UTILIDADES E DISTRIBUIDORA LOGISTICA EI;;;;;;;;0,00;6.060,00;6.060,00;;;;;;;;;6.060,00;6.060,00
14107;TRIBUNAL REGIONAL ELEITORAL DO DIST. FEDERAL;070025;TRIBUNAL REGIONAL ELEITORAL DO D. FEDERAL;02122057020GP0053;20GP;JULGAMENTO DE CAUSAS E GESTAO ADMINISTRATIVA NA JUSTICA ELEI;0001;JULGAMENTO DE CAUSAS E GESTAO ADMINISTRATIVA;084782;AOSA CONSUM;MATERIAL DE CONSUMO;0127;CUSTAS E EMOLUMENTOS - PODER JUDICIARIO;1;ORCAMENTO FISCAL;3;DESPESAS CORRENTES;3;OUTRAS DESPESAS CORRENTES;30;MATERIAL DE CONSUMO;339030;MATERIAL DE CONSUMO;33903044;MATERIAL DE SINALIZACAO VISUAL E OUTROS;1;ORDINARIO;06;DISPENSA DE LICITACAO;02;26/03/2018;MAR/2018;2018;070025000012018NE000190;00013885420186078100;2018NECT - AQUISICAO DE MATERIAL DE CONSUMO(PLACA E LETREIROS)P/IDENTIF.E INAUGUR.DO ESPACO ONDE FOI INST.O ARQUIVO CENTRAL DO TRE-DF,LOCALIZADO NA AREA CONTIGUA DA 17ª ZE DO CARTORIO DO GAMA. O TR DA PRESENTE CONTRAT.INTEGRA ESTA NE.;08438039000105;EXECUTIVA COMERCIO DE EQUIPAMENTOS DE SEGURANCA EIRELI;;;;;;;;1.450,00;;;;;;;;;;;;
14107;TRIBUNAL REGIONAL ELEITORAL DO DIST. FEDERAL;070025;TRIBUNAL REGIONAL ELEITORAL DO D. FEDERAL;02122057020GP0053;20GP;JULGAMENTO DE CAUSAS E GESTAO ADMINISTRATIVA NA JUSTICA ELEI;0001;JULGAMENTO DE CAUSAS E GESTAO ADMINISTRATIVA;084782;AOSA CONSUM;MATERIAL DE CONSUMO;0127;CUSTAS E EMOLUMENTOS - PODER JUDICIARIO;1;ORCAMENTO FISCAL;3;DESPESAS CORRENTES;3;OUTRAS DESPESAS CORRENTES;30;MATERIAL DE CONSUMO;339030;MATERIAL DE CONSUMO;33903044;MATERIAL DE SINALIZACAO VISUAL E OUTROS;1;ORDINARIO;06;DISPENSA DE LICITACAO;02;26/03/2018;MAR/2018;2018;070025000012018NE000190;00013885420186078100;PAGTO NF 412. AQUISICAO DE MATERIAL DE CONSUMO (PLACAS E LETREIROS). OPTANTE PELOS SIMPLES NACIONAL. PA 1388-54.2018;08438039000105;EXECUTIVA COMERCIO DE EQUIPAMENTOS DE SEGURANCA EIRELI;;;;;;;;0,00;1.450,00;1.450,00;;;;;;;;;1.450,00;1.450,00
14107;TRIBUNAL REGIONAL ELEITORAL DO DIST. FEDERAL;070025;TRIBUNAL REGIONAL ELEITORAL DO D. FEDERAL;02122057020GP0053;20GP;JULGAMENTO DE CAUSAS E GESTAO ADMINISTRATIVA NA JUSTICA ELEI;0001;JULGAMENTO DE CAUSAS E GESTAO ADMINISTRATIVA;084782;AOSA COZINH;SERVICOS DE COPA E COZINHA;0100;RECURSOS ORDINARIOS;1;ORCAMENTO FISCAL;3;DESPESAS CORRENTES;3;OUTRAS DESPESAS CORRENTES;37;LOCACAO DE MAO-DE-OBRA;339037;LOCACAO DE MAO-DE-OBRA;339037-9;NAO SE APLICA;-9;NAO SE APLICA;-9;NAO SE APLICA;-9;NAO SE APLICA;NAO SE APLICA;-9;-9;-9;17CT0035 - PRESTACAO DE SERVICOS CONTINUADOS DE APOIO ADMINISTRATIVO - COPA E COZINHA, DE ACORDO COM O CONTRATO Nº 35/2017.;-9;NAO SE APLICA;;;;;(362.113,56);;;;;;;;;;;;;;;
14107;TRIBUNAL REGIONAL ELEITORAL DO DIST. FEDERAL;070025;TRIBUNAL REGIONAL ELEITORAL DO D. FEDERAL;02122057020GP0053;20GP;JULGAMENTO DE CAUSAS E GESTAO ADMINISTRATIVA NA JUSTICA ELEI;0001;JULGAMENTO DE CAUSAS E GESTAO ADMINISTRATIVA;084782;AOSA COZINH;SERVICOS DE COPA E COZINHA;0100;RECURSOS ORDINARIOS;1;ORCAMENTO FISCAL;3;DESPESAS CORRENTES;3;OUTRAS DESPESAS CORRENTES;37;LOCACAO DE MAO-DE-OBRA;339037;LOCACAO DE MAO-DE-OBRA;339037-9;NAO SE APLICA;-9;NAO SE APLICA;-9;NAO SE APLICA;-9;NAO SE APLICA;NAO SE APLICA;-9;-9;-9;ALTERACAO PARA EMISSAO DE NE. SERVICOS CONTINUADOS DE APOIO ADMINISTRATIVO, COPA E COZINHA. PAE 0003305-45.2017.6.07.8100;-9;NAO SE APLICA;362.113,56;362.113,56;;;362.113,56;;;;;;;;;;;;;;;
14107;TRIBUNAL REGIONAL ELEITORAL DO DIST. FEDERAL;070025;TRIBUNAL REGIONAL ELEITORAL DO D. FEDERAL;02122057020GP0053;20GP;JULGAMENTO DE CAUSAS E GESTAO ADMINISTRATIVA NA JUSTICA ELEI;0001;JULGAMENTO DE CAUSAS E GESTAO ADMINISTRATIVA;084782;AOSA COZINH;SERVICOS DE COPA E COZINHA;0100;RECURSOS ORDINARIOS;1;ORCAMENTO FISCAL;3;DESPESAS CORRENTES;3;OUTRAS DESPESAS CORRENTES;37;LOCACAO DE MAO-DE-OBRA;339037;LOCACAO DE MAO-DE-OBRA;33903705;SERVICOS DE COPA E COZINHA;5;GLOBAL;12;PREGAO;-8;23/01/2017;JAN/2017;2017;070025000012017NE000058;00003256220166078100;MULTA INEXECUCAO CONTRATUAL. DECISAO 3530/2017. CONTRATO 22/2016. PA 5092-12.2017.;00308141000923;CONNECTCOM TELEINFORMATICA COMERCIO E SERVICOS LTDA;;;;;;;;;;;;;;;;18.700,64;18.700,64;(18.700,64);18.700,64;18.700,64
14107;TRIBUNAL REGIONAL ELEITORAL DO DIST. FEDERAL;070025;TRIBUNAL REGIONAL ELEITORAL DO D. FEDERAL;02122057020GP0053;20GP;JULGAMENTO DE CAUSAS E GESTAO ADMINISTRATIVA NA JUSTICA ELEI;0001;JULGAMENTO DE CAUSAS E GESTAO ADMINISTRATIVA;084782;AOSA COZINH;SERVICOS DE COPA E COZINHA;0100;RECURSOS ORDINARIOS;1;ORCAMENTO FISCAL;3;DESPESAS CORRENTES;3;OUTRAS DESPESAS CORRENTES;37;LOCACAO DE MAO-DE-OBRA;339037;LOCACAO DE MAO-DE-OBRA;33903705;SERVICOS DE COPA E COZINHA;5;GLOBAL;12;PREGAO;-8;23/01/2017;JAN/2017;2017;070025000012017NE000058;00003256220166078100;NAO SE APLICA;00308141000923;CONNECTCOM TELEINFORMATICA COMERCIO E SERVICOS LTDA;;;;;;;;;;;;;21.751,88;;;;;21.751,88;;
14107;TRIBUNAL REGIONAL ELEITORAL DO DIST. FEDERAL;070025;TRIBUNAL REGIONAL ELEITORAL DO D. FEDERAL;02122057020GP0053;20GP;JULGAMENTO DE CAUSAS E GESTAO ADMINISTRATIVA NA JUSTICA ELEI;0001;JULGAMENTO DE CAUSAS E GESTAO ADMINISTRATIVA;084782;AOSA COZINH;SERVICOS DE COPA E COZINHA;0100;RECURSOS ORDINARIOS;1;ORCAMENTO FISCAL;3;DESPESAS CORRENTES;3;OUTRAS DESPESAS CORRENTES;37;LOCACAO DE MAO-DE-OBRA;339037;LOCACAO DE MAO-DE-OBRA;33903705;SERVICOS DE COPA E COZINHA;5;GLOBAL;12;PREGAO;-8;12/09/2017;SET/2017;2017;070025000012017NE000401;00033054520176078100;NAO SE APLICA;08744139000151;G&E SERVICOS TERCEIRIZADOS LTDA;;;;;;;;;;;;;4.928,56;;;;;4.928,56;;
14107;TRIBUNAL REGIONAL ELEITORAL DO DIST. FEDERAL;070025;TRIBUNAL REGIONAL ELEITORAL DO D. FEDERAL;02122057020GP0053;20GP;JULGAMENTO DE CAUSAS E GESTAO ADMINISTRATIVA NA JUSTICA ELEI;0001;JULGAMENTO DE CAUSAS E GESTAO ADMINISTRATIVA;084782;AOSA COZINH;SERVICOS DE COPA E COZINHA;0100;RECURSOS ORDINARIOS;1;ORCAMENTO FISCAL;3;DESPESAS CORRENTES;3;OUTRAS DESPESAS CORRENTES;37;LOCACAO DE MAO-DE-OBRA;339037;LOCACAO DE MAO-DE-OBRA;33903705;SERVICOS DE COPA E COZINHA;5;GLOBAL;12;PREGAO;-8;12/09/2017;SET/2017;2017;070025000012017NE000401;00033054520176078100;PGTO NFS 1433 E 1471. SERVICOS DE APOIO ADMINISTRATIVO - 26 A 31/12/17 E JANEIRO/18. RETENCAO 9,45 IMP FED (R$ 19.718,83), 5,00 ISS (R$ 10.433,24) E 11,00 INSS (R$ 22.953,14). PA 5898-47.2017;08744139000151;G&E SERVICOS TERCEIRIZADOS LTDA;;;;;;;;;;;;;;;;4.928,56;4.928,56;(4.928,56);4.928,56;4.928,56
14107;TRIBUNAL REGIONAL ELEITORAL DO DIST. FEDERAL;070025;TRIBUNAL REGIONAL ELEITORAL DO D. FEDERAL;02122057020GP0053;20GP;JULGAMENTO DE CAUSAS E GESTAO ADMINISTRATIVA NA JUSTICA ELEI;0001;JULGAMENTO DE CAUSAS E GESTAO ADMINISTRATIVA;084782;AOSA COZINH;SERVICOS DE COPA E COZINHA;0100;RECURSOS ORDINARIOS;1;ORCAMENTO FISCAL;3;DESPESAS CORRENTES;3;OUTRAS DESPESAS CORRENTES;37;LOCACAO DE MAO-DE-OBRA;339037;LOCACAO DE MAO-DE-OBRA;33903705;SERVICOS DE COPA E COZINHA;5;GLOBAL;12;PREGAO;-8;05/01/2018;JAN/2018;2018;070025000012018NE000027;00033054520176078100;17CT0035 - PRESTACAO DE SERVICOS CONTINUADOS DE APOIO ADMINISTRATIVO - COPA E COZINHA, DE ACORDO COM O CONTRATO Nº 35/2017.;08744139000151;G&E SERVICOS TERCEIRIZADOS LTDA;;;;;;;;362.113,56;;;;;;;;;;;;
14107;TRIBUNAL REGIONAL ELEITORAL DO DIST. FEDERAL;070025;TRIBUNAL REGIONAL ELEITORAL DO D. FEDERAL;02122057020GP0053;20GP;JULGAMENTO DE CAUSAS E GESTAO ADMINISTRATIVA NA JUSTICA ELEI;0001;JULGAMENTO DE CAUSAS E GESTAO ADMINISTRATIVA;084782;AOSA COZINH;SERVICOS DE COPA E COZINHA;0100;RECURSOS ORDINARIOS;1;ORCAMENTO FISCAL;3;DESPESAS CORRENTES;3;OUTRAS DESPESAS CORRENTES;37;LOCACAO DE MAO-DE-OBRA;339037;LOCACAO DE MAO-DE-OBRA;33903705;SERVICOS DE COPA E COZINHA;5;GLOBAL;12;PREGAO;-8;05/01/2018;JAN/2018;2018;070025000012018NE000027;00033054520176078100;PGTO NFS 1433 E 1471. SERVICOS DE APOIO ADMINISTRATIVO - 26 A 31/12/17 E JANEIRO/18. RETENCAO 9,45 IMP FED (R$ 19.718,83), 5,00 ISS (R$ 10.433,24) E 11,00 INSS (R$ 22.953,14). PA 5898-47.2017;08744139000151;G&E SERVICOS TERCEIRIZADOS LTDA;;;;;;;;0,00;30.176,13;30.176,13;;;;;;;;;30.176,13;30.176,13
14107;TRIBUNAL REGIONAL ELEITORAL DO DIST. FEDERAL;070025;TRIBUNAL REGIONAL ELEITORAL DO D. FEDERAL;02122057020GP0053;20GP;JULGAMENTO DE CAUSAS E GESTAO ADMINISTRATIVA NA JUSTICA ELEI;0001;JULGAMENTO DE CAUSAS E GESTAO ADMINISTRATIVA;084782;AOSA COZINH;SERVICOS DE COPA E COZINHA;0100;RECURSOS ORDINARIOS;1;ORCAMENTO FISCAL;3;DESPESAS CORRENTES;3;OUTRAS DESPESAS CORRENTES;37;LOCACAO DE MAO-DE-OBRA;339037;LOCACAO DE MAO-DE-OBRA;33903705;SERVICOS DE COPA E COZINHA;5;GLOBAL;12;PREGAO;-8;05/01/2018;JAN/2018;2018;070025000012018NE000027;00033054520176078100;PGTO NFS 1541 E 1615. SERVICOS DE APOIO ADMINISTRATIVO - FEVEREIRO E MARCO/18. RETENCAO 9,45 IMP FED (R$ 33.803,71), 5,00 ISS (R$ 17.855,56) E 11,00 INSS (R$ 39.348,24). PA 5898-47.2017;08744139000151;G&E SERVICOS TERCEIRIZADOS LTDA;;;;;;;;0,00;114.062,54;114.062,54;;;;;;;;;114.062,54;114.062,54
14107;TRIBUNAL REGIONAL ELEITORAL DO DIST. FEDERAL;070025;TRIBUNAL REGIONAL ELEITORAL DO D. FEDERAL;02122057020GP0053;20GP;JULGAMENTO DE CAUSAS E GESTAO ADMINISTRATIVA NA JUSTICA ELEI;0001;JULGAMENTO DE CAUSAS E GESTAO ADMINISTRATIVA;084782;AOSA COZINH;SERVICOS DE COPA E COZINHA;0100;RECURSOS ORDINARIOS;1;ORCAMENTO FISCAL;3;DESPESAS CORRENTES;3;OUTRAS DESPESAS CORRENTES;37;LOCACAO DE MAO-DE-OBRA;339037;LOCACAO DE MAO-DE-OBRA;33903705;SERVICOS DE COPA E COZINHA;5;GLOBAL;12;PREGAO;-8;05/01/2018;JAN/2018;2018;070025000012018NE000027;00033054520176078100;PGTO NFS 1653. SERVICOS DE APOIO ADMINISTRATIVO - REPACTUACAO JAN A MAR/18. RETENCAO 9,45 IMP FED (R$ 1.806,63), 5,00 ISS (R$ 955,89) E 11,00 INSS (R$ 2.102,95). PA 5898-47.2017;08744139000151;G&E SERVICOS TERCEIRIZADOS LTDA;;;;;;;;0,00;3.345,45;3.345,45;;;;;;;;;3.345,45;3.345,45
14107;TRIBUNAL REGIONAL ELEITORAL DO DIST. FEDERAL;070025;TRIBUNAL REGIONAL ELEITORAL DO D. FEDERAL;02122057020GP0053;20GP;JULGAMENTO DE CAUSAS E GESTAO ADMINISTRATIVA NA JUSTICA ELEI;0001;JULGAMENTO DE CAUSAS E GESTAO ADMINISTRATIVA;084782;AOSA COZINH;SERVICOS DE COPA E COZINHA;0100;RECURSOS ORDINARIOS;1;ORCAMENTO FISCAL;3;DESPESAS CORRENTES;3;OUTRAS DESPESAS CORRENTES;37;LOCACAO DE MAO-DE-OBRA;339037;LOCACAO DE MAO-DE-OBRA;33903705;SERVICOS DE COPA E COZINHA;5;GLOBAL;12;PREGAO;-8;05/01/2018;JAN/2018;2018;070025000012018NE000027;00033054520176078100;REPROGRAMACA;08744139000151;G&E SERVICOS TERCEIRIZADOS LTDA;;;;;;;;0,00;0,00;(39.684,76);;;;;;;;;0,00;(39.684,76)
14107;TRIBUNAL REGIONAL ELEITORAL DO DIST. FEDERAL;070025;TRIBUNAL REGIONAL ELEITORAL DO D. FEDERAL;02122057020GP0053;20GP;JULGAMENTO DE CAUSAS E GESTAO ADMINISTRATIVA NA JUSTICA ELEI;0001;JULGAMENTO DE CAUSAS E GESTAO ADMINISTRATIVA;084782;AOSA COZINH;SERVICOS DE COPA E COZINHA;0100;RECURSOS ORDINARIOS;1;ORCAMENTO FISCAL;3;DESPESAS CORRENTES;3;OUTRAS DESPESAS CORRENTES;37;LOCACAO DE MAO-DE-OBRA;339037;LOCACAO DE MAO-DE-OBRA;33903705;SERVICOS DE COPA E COZINHA;5;GLOBAL;12;PREGAO;-8;05/01/2018;JAN/2018;2018;070025000012018NE000027;00033054520176078100;REPROGRAMACAO;08744139000151;G&E SERVICOS TERCEIRIZADOS LTDA;;;;;;;;0,00;(60.352,26);(20.667,50);;;;;;;;;(60.352,26);(20.667,50)
14107;TRIBUNAL REGIONAL ELEITORAL DO DIST. FEDERAL;070025;TRIBUNAL REGIONAL ELEITORAL DO D. FEDERAL;02122057020GP0053;20GP;JULGAMENTO DE CAUSAS E GESTAO ADMINISTRATIVA NA JUSTICA ELEI;0001;JULGAMENTO DE CAUSAS E GESTAO ADMINISTRATIVA;084782;AOSA DIAMEM;DIARIAS PARA MEMBROS;0100;RECURSOS ORDINARIOS;1;ORCAMENTO FISCAL;3;DESPESAS CORRENTES;3;OUTRAS DESPESAS CORRENTES;14;DIARIAS - PESSOAL CIVIL;339014;DIARIAS - PESSOAL CIVIL;339014-9;NAO SE APLICA;-9;NAO SE APLICA;-9;NAO SE APLICA;-9;NAO SE APLICA;NAO SE APLICA;-9;-9;-9;2018NECT - DIARIAS - MEMBROS.;-9;NAO SE APLICA;;;;;(25.000,00);;;;;;;;;;;;;;;
14107;TRIBUNAL REGIONAL ELEITORAL DO DIST. FEDERAL;070025;TRIBUNAL REGIONAL ELEITORAL DO D. FEDERAL;02122057020GP0053;20GP;JULGAMENTO DE CAUSAS E GESTAO ADMINISTRATIVA NA JUSTICA ELEI;0001;JULGAMENTO DE CAUSAS E GESTAO ADMINISTRATIVA;084782;AOSA DIAMEM;DIARIAS PARA MEMBROS;0100;RECURSOS ORDINARIOS;1;ORCAMENTO FISCAL;3;DESPESAS CORRENTES;3;OUTRAS DESPESAS CORRENTES;14;DIARIAS - PESSOAL CIVIL;339014;DIARIAS - PESSOAL CIVIL;339014-9;NAO SE APLICA;-9;NAO SE APLICA;-9;NAO SE APLICA;-9;NAO SE APLICA;NAO SE APLICA;-9;-9;-9;ALTERACAO PARA EMISSAO DE NE - DIARIAS PARA MEMBROS E SERVIDORES;-9;NAO SE APLICA;25.000,00;25.000,00;;;25.000,00;;;;;;;;;;;;;;;
14107;TRIBUNAL REGIONAL ELEITORAL DO DIST. FEDERAL;070025;TRIBUNAL REGIONAL ELEITORAL DO D. FEDERAL;02122057020GP0053;20GP;JULGAMENTO DE CAUSAS E GESTAO ADMINISTRATIVA NA JUSTICA ELEI;0001;JULGAMENTO DE CAUSAS E GESTAO ADMINISTRATIVA;084782;AOSA DIAMEM;DIARIAS PARA MEMBROS;0100;RECURSOS ORDINARIOS;1;ORCAMENTO FISCAL;3;DESPESAS CORRENTES;3;OUTRAS DESPESAS CORRENTES;14;DIARIAS - PESSOAL CIVIL;339014;DIARIAS - PESSOAL CIVIL;33901414;DIARIAS NO PAIS;3;ESTIMATIVO;08;NAO SE APLICA;-8;20/02/2018;FEV/2018;2018;070025000012018NE000117;DIARIAS - MEMBROS;2018NECT - DIARIAS - MEMBROS.;070025;TRIBUNAL REGIONAL ELEITORAL DO D. FEDERAL;;;;;;;;25.000,00;;;;;;;;;;;;
14107;TRIBUNAL REGIONAL ELEITORAL DO DIST. FEDERAL;070025;TRIBUNAL REGIONAL ELEITORAL DO D. FEDERAL;02122057020GP0053;20GP;JULGAMENTO DE CAUSAS E GESTAO ADMINISTRATIVA NA JUSTICA ELEI;0001;JULGAMENTO DE CAUSAS E GESTAO ADMINISTRATIVA;084782;AOSA DIAMEM;DIARIAS PARA MEMBROS;0100;RECURSOS ORDINARIOS;1;ORCAMENTO FISCAL;3;DESPESAS CORRENTES;3;OUTRAS DESPESAS CORRENTES;14;DIARIAS - PESSOAL CIVIL;339014;DIARIAS - PESSOAL CIVIL;33901414;DIARIAS NO PAIS;3;ESTIMATIVO;08;NAO SE APLICA;-8;20/02/2018;FEV/2018;2018;070025000012018NE000117;DIARIAS - MEMBROS;PAGTO 1,5 DIARIA. FORUM NACIONAL - PROPAGANDA ELEITORAL NAS MIDIAS SOCIAIS, 1 E 2 DE MARCO DE 2018, EM CUIABA/MT. PA 1037-74.2018;070025;TRIBUNAL REGIONAL ELEITORAL DO D. FEDERAL;;;;;;;;0,00;2.772,00;2.772,00;;;;;;;;;2.772,00;2.772,00
14107;TRIBUNAL REGIONAL ELEITORAL DO DIST. FEDERAL;070025;TRIBUNAL REGIONAL ELEITORAL DO D. FEDERAL;02122057020GP0053;20GP;JULGAMENTO DE CAUSAS E GESTAO ADMINISTRATIVA NA JUSTICA ELEI;0001;JULGAMENTO DE CAUSAS E GESTAO ADMINISTRATIVA;084782;AOSA DIAMEM;DIARIAS PARA MEMBROS;0100;RECURSOS ORDINARIOS;1;ORCAMENTO FISCAL;3;DESPESAS CORRENTES;3;OUTRAS DESPESAS CORRENTES;14;DIARIAS - PESSOAL CIVIL;339014;DIARIAS - PESSOAL CIVIL;33901414;DIARIAS NO PAIS;3;ESTIMATIVO;08;NAO SE APLICA;-8;20/02/2018;FEV/2018;2018;070025000012018NE000117;DIARIAS - MEMBROS;PAGTO 2,5 DIARIAS PARA PARTICIPAR DO CONGRESSO INTERNACIONAL DE DIREITO ELEITORAL, DIAS 17 A 19/5/2018, EM CAMPO GRANDE/MS. PA 2408-71.2018;070025;TRIBUNAL REGIONAL ELEITORAL DO D. FEDERAL;;;;;;;;0,00;2.086,00;2.086,00;;;;;;;;;2.086,00;2.086,00
14107;TRIBUNAL REGIONAL ELEITORAL DO DIST. FEDERAL;070025;TRIBUNAL REGIONAL ELEITORAL DO D. FEDERAL;02122057020GP0053;20GP;JULGAMENTO DE CAUSAS E GESTAO ADMINISTRATIVA NA JUSTICA ELEI;0001;JULGAMENTO DE CAUSAS E GESTAO ADMINISTRATIVA;084782;AOSA DIAMEM;DIARIAS PARA MEMBROS;0100;RECURSOS ORDINARIOS;1;ORCAMENTO FISCAL;3;DESPESAS CORRENTES;3;OUTRAS DESPESAS CORRENTES;14;DIARIAS - PESSOAL CIVIL;339014;DIARIAS - PESSOAL CIVIL;33901414;DIARIAS NO PAIS;3;ESTIMATIVO;08;NAO SE APLICA;-8;20/02/2018;FEV/2018;2018;070025000012018NE000117;DIARIAS - MEMBROS;PAGTO 3,5 DIARIAS PARA  ENCONTRO DO COLEGIO DE PRESIDENTES DOS TRIBUNAIS REGIONAIS ELEITORAIS - COPTREL, A SER REALIZADO EM BENTO GONCALVES/RS NOS DIAS 12 E 13 DE ABRIL DE 2018. PA 489-5.2018;070025;TRIBUNAL REGIONAL ELEITORAL DO D. FEDERAL;;;;;;;;0,00;2.450,00;2.450,00;;;;;;;;;2.450,00;2.450,00
14107;TRIBUNAL REGIONAL ELEITORAL DO DIST. FEDERAL;070025;TRIBUNAL REGIONAL ELEITORAL DO D. FEDERAL;02122057020GP0053;20GP;JULGAMENTO DE CAUSAS E GESTAO ADMINISTRATIVA NA JUSTICA ELEI;0001;JULGAMENTO DE CAUSAS E GESTAO ADMINISTRATIVA;084782;AOSA DIARIA;DIARIAS PARA SERVIDORES;0100;RECURSOS ORDINARIOS;1;ORCAMENTO FISCAL;3;DESPESAS CORRENTES;3;OUTRAS DESPESAS CORRENTES;14;DIARIAS - PESSOAL CIVIL;339014;DIARIAS - PESSOAL CIVIL;339014-9;NAO SE APLICA;-9;NAO SE APLICA;-9;NAO SE APLICA;-9;NAO SE APLICA;NAO SE APLICA;-9;-9;-9;2018NECT - DIARIAS - SERVIDORES.;-9;NAO SE APLICA;;;;;(20.000,00);;;;;;;;;;;;;;;
14107;TRIBUNAL REGIONAL ELEITORAL DO DIST. FEDERAL;070025;TRIBUNAL REGIONAL ELEITORAL DO D. FEDERAL;02122057020GP0053;20GP;JULGAMENTO DE CAUSAS E GESTAO ADMINISTRATIVA NA JUSTICA ELEI;0001;JULGAMENTO DE CAUSAS E GESTAO ADMINISTRATIVA;084782;AOSA DIARIA;DIARIAS PARA SERVIDORES;0100;RECURSOS ORDINARIOS;1;ORCAMENTO FISCAL;3;DESPESAS CORRENTES;3;OUTRAS DESPESAS CORRENTES;14;DIARIAS - PESSOAL CIVIL;339014;DIARIAS - PESSOAL CIVIL;339014-9;NAO SE APLICA;-9;NAO SE APLICA;-9;NAO SE APLICA;-9;NAO SE APLICA;NAO SE APLICA;-9;-9;-9;ALTERACAO PARA EMISSAO DE NE - DIARIAS PARA MEMBROS E SERVIDORES;-9;NAO SE APLICA;20.000,00;20.000,00;;;20.000,00;;;;;;;;;;;;;;;
14107;TRIBUNAL REGIONAL ELEITORAL DO DIST. FEDERAL;070025;TRIBUNAL REGIONAL ELEITORAL DO D. FEDERAL;02122057020GP0053;20GP;JULGAMENTO DE CAUSAS E GESTAO ADMINISTRATIVA NA JUSTICA ELEI;0001;JULGAMENTO DE CAUSAS E GESTAO ADMINISTRATIVA;084782;AOSA DIARIA;DIARIAS PARA SERVIDORES;0100;RECURSOS ORDINARIOS;1;ORCAMENTO FISCAL;3;DESPESAS CORRENTES;3;OUTRAS DESPESAS CORRENTES;14;DIARIAS - PESSOAL CIVIL;339014;DIARIAS - PESSOAL CIVIL;33901414;DIARIAS NO PAIS;3;ESTIMATIVO;08;NAO SE APLICA;-8;20/02/2018;FEV/2018;2018;070025000012018NE000118;DIARIAS - SERVIDORES;2018NECT - DIARIAS - SERVIDORES.;070025;TRIBUNAL REGIONAL ELEITORAL DO D. FEDERAL;;;;;;;;20.000,00;;;;;;;;;;;;
14107;TRIBUNAL REGIONAL ELEITORAL DO DIST. FEDERAL;070025;TRIBUNAL REGIONAL ELEITORAL DO D. FEDERAL;02122057020GP0053;20GP;JULGAMENTO DE CAUSAS E GESTAO ADMINISTRATIVA NA JUSTICA ELEI;0001;JULGAMENTO DE CAUSAS E GESTAO ADMINISTRATIVA;084782;AOSA DIARIA;DIARIAS PARA SERVIDORES;0100;RECURSOS ORDINARIOS;1;ORCAMENTO FISCAL;3;DESPESAS CORRENTES;3;OUTRAS DESPESAS CORRENTES;14;DIARIAS - PESSOAL CIVIL;339014;DIARIAS - PESSOAL CIVIL;33901414;DIARIAS NO PAIS;3;ESTIMATIVO;08;NAO SE APLICA;-8;20/02/2018;FEV/2018;2018;070025000012018NE000118;DIARIAS - SERVIDORES;CAMNCECLA;070025;TRIBUNAL REGIONAL ELEITORAL DO D. FEDERAL;;;;;;;;0,00;0,00;(120,55);;;;;;;;;0,00;(120,55)
14107;TRIBUNAL REGIONAL ELEITORAL DO DIST. FEDERAL;070025;TRIBUNAL REGIONAL ELEITORAL DO D. FEDERAL;02122057020GP0053;20GP;JULGAMENTO DE CAUSAS E GESTAO ADMINISTRATIVA NA JUSTICA ELEI;0001;JULGAMENTO DE CAUSAS E GESTAO ADMINISTRATIVA;084782;AOSA DIARIA;DIARIAS PARA SERVIDORES;0100;RECURSOS ORDINARIOS;1;ORCAMENTO FISCAL;3;DESPESAS CORRENTES;3;OUTRAS DESPESAS CORRENTES;14;DIARIAS - PESSOAL CIVIL;339014;DIARIAS - PESSOAL CIVIL;33901414;DIARIAS NO PAIS;3;ESTIMATIVO;08;NAO SE APLICA;-8;20/02/2018;FEV/2018;2018;070025000012018NE000118;DIARIAS - SERVIDORES;CANCELA;070025;TRIBUNAL REGIONAL ELEITORAL DO D. FEDERAL;;;;;;;;0,00;(241,10);(120,55);;;;;;;;;(241,10);(120,55)
14107;TRIBUNAL REGIONAL ELEITORAL DO DIST. FEDERAL;070025;TRIBUNAL REGIONAL ELEITORAL DO D. FEDERAL;02122057020GP0053;20GP;JULGAMENTO DE CAUSAS E GESTAO ADMINISTRATIVA NA JUSTICA ELEI;0001;JULGAMENTO DE CAUSAS E GESTAO ADMINISTRATIVA;084782;AOSA DIARIA;DIARIAS PARA SERVIDORES;0100;RECURSOS ORDINARIOS;1;ORCAMENTO FISCAL;3;DESPESAS CORRENTES;3;OUTRAS DESPESAS CORRENTES;14;DIARIAS - PESSOAL CIVIL;339014;DIARIAS - PESSOAL CIVIL;33901414;DIARIAS NO PAIS;3;ESTIMATIVO;08;NAO SE APLICA;-8;20/02/2018;FEV/2018;2018;070025000012018NE000118;DIARIAS - SERVIDORES;PAGTO 2,5 DIARIAS PARA PARTICIPACAO NO WORKSHOP SOBRE INFRAESTRUTURA HIPERCORVERGENTE, DE 6 A 8/3/2018 EM PALMAS/TO. PA 1173-78.2018;070025;TRIBUNAL REGIONAL ELEITORAL DO D. FEDERAL;;;;;;;;0,00;1.627,10;1.627,10;;;;;;;;;1.627,10;1.627,10
14107;TRIBUNAL REGIONAL ELEITORAL DO DIST. FEDERAL;070025;TRIBUNAL REGIONAL ELEITORAL DO D. FEDERAL;02122057020GP0053;20GP;JULGAMENTO DE CAUSAS E GESTAO ADMINISTRATIVA NA JUSTICA ELEI;0001;JULGAMENTO DE CAUSAS E GESTAO ADMINISTRATIVA;084782;AOSA DIARIA;DIARIAS PARA SERVIDORES;0100;RECURSOS ORDINARIOS;1;ORCAMENTO FISCAL;3;DESPESAS CORRENTES;3;OUTRAS DESPESAS CORRENTES;14;DIARIAS - PESSOAL CIVIL;339014;DIARIAS - PESSOAL CIVIL;33901414;DIARIAS NO PAIS;3;ESTIMATIVO;08;NAO SE APLICA;-8;20/02/2018;FEV/2018;2018;070025000012018NE000118;DIARIAS - SERVIDORES;PAGTO 2,5 DIARIAS PARA PARTICIPAR DO CONGRESSO INTERNACIONAL DE DIREITO ELEITORAL, DIAS 17 A 19/5/2018, EM CAMPO GRANDE/MS. PA 2408-71.2018;070025;TRIBUNAL REGIONAL ELEITORAL DO D. FEDERAL;;;;;;;;0,00;1.386,00;1.386,00;;;;;;;;;1.386,00;1.386,00
14107;TRIBUNAL REGIONAL ELEITORAL DO DIST. FEDERAL;070025;TRIBUNAL REGIONAL ELEITORAL DO D. FEDERAL;02122057020GP0053;20GP;JULGAMENTO DE CAUSAS E GESTAO ADMINISTRATIVA NA JUSTICA ELEI;0001;JULGAMENTO DE CAUSAS E GESTAO ADMINISTRATIVA;084782;AOSA DIARIA;DIARIAS PARA SERVIDORES;0100;RECURSOS ORDINARIOS;1;ORCAMENTO FISCAL;3;DESPESAS CORRENTES;3;OUTRAS DESPESAS CORRENTES;14;DIARIAS - PESSOAL CIVIL;339014;DIARIAS - PESSOAL CIVIL;33901414;DIARIAS NO PAIS;3;ESTIMATIVO;08;NAO SE APLICA;-8;20/02/2018;FEV/2018;2018;070025000012018NE000118;DIARIAS - SERVIDORES;PAGTO 3,5 DIARIAS PARA  ENCONTRO DO COLEGIO DE PRESIDENTES DOS TRIBUNAIS REGIONAIS ELEITORAIS - COPTREL, A SER REALIZADO EM BENTO GONCALVES/RS NOS DIAS 12 E 13 DE ABRIL DE 2018. PA 489-5.2018;070025;TRIBUNAL REGIONAL ELEITORAL DO D. FEDERAL;;;;;;;;0,00;2.940,00;2.940,00;;;;;;;;;2.940,00;2.940,00
14107;TRIBUNAL REGIONAL ELEITORAL DO DIST. FEDERAL;070025;TRIBUNAL REGIONAL ELEITORAL DO D. FEDERAL;02122057020GP0053;20GP;JULGAMENTO DE CAUSAS E GESTAO ADMINISTRATIVA NA JUSTICA ELEI;0001;JULGAMENTO DE CAUSAS E GESTAO ADMINISTRATIVA;084782;AOSA DIARIA;DIARIAS PARA SERVIDORES;0100;RECURSOS ORDINARIOS;1;ORCAMENTO FISCAL;3;DESPESAS CORRENTES;3;OUTRAS DESPESAS CORRENTES;14;DIARIAS - PESSOAL CIVIL;339014;DIARIAS - PESSOAL CIVIL;33901414;DIARIAS NO PAIS;3;ESTIMATIVO;08;NAO SE APLICA;-8;20/02/2018;FEV/2018;2018;070025000012018NE000118;DIARIAS - SERVIDORES;PAGTO 3,5 DIARIAS PARA PARTICIPACAO NO EVENTO DESENVOLVE JE, 8 E 9/3/2018 EM BELEM/PA. PA 0916-53.2018;070025;TRIBUNAL REGIONAL ELEITORAL DO D. FEDERAL;;;;;;;;0,00;1.806,00;120,55;;;;;;;;;1.806,00;120,55
14107;TRIBUNAL REGIONAL ELEITORAL DO DIST. FEDERAL;070025;TRIBUNAL REGIONAL ELEITORAL DO D. FEDERAL;02122057020GP0053;20GP;JULGAMENTO DE CAUSAS E GESTAO ADMINISTRATIVA NA JUSTICA ELEI;0001;JULGAMENTO DE CAUSAS E GESTAO ADMINISTRATIVA;084782;AOSA DIARIA;DIARIAS PARA SERVIDORES;0100;RECURSOS ORDINARIOS;1;ORCAMENTO FISCAL;3;DESPESAS CORRENTES;3;OUTRAS DESPESAS CORRENTES;14;DIARIAS - PESSOAL CIVIL;339014;DIARIAS - PESSOAL CIVIL;33901414;DIARIAS NO PAIS;3;ESTIMATIVO;08;NAO SE APLICA;-8;20/02/2018;FEV/2018;2018;070025000012018NE000118;DIARIAS - SERVIDORES;PAGTO 3,5 DIARIAS PARA PARTICIPACAO NO EVENTO DESENVOLVE JE, DIAS 8 E 9/3/2018 EM BELEM/PA. PA 0916-53.2018;070025;TRIBUNAL REGIONAL ELEITORAL DO D. FEDERAL;;;;;;;;0,00;0,00;1.685,45;;;;;;;;;0,00;1.685,45
14107;TRIBUNAL REGIONAL ELEITORAL DO DIST. FEDERAL;070025;TRIBUNAL REGIONAL ELEITORAL DO D. FEDERAL;02122057020GP0053;20GP;JULGAMENTO DE CAUSAS E GESTAO ADMINISTRATIVA NA JUSTICA ELEI;0001;JULGAMENTO DE CAUSAS E GESTAO ADMINISTRATIVA;084782;AOSA DIVULG;DIVULGACAO INSTITUICIONAL;0100;RECURSOS ORDINARIOS;1;ORCAMENTO FISCAL;3;DESPESAS CORRENTES;3;OUTRAS DESPESAS CORRENTES;39;OUTROS SERVICOS DE TERCEIROS PJ - OP.INT.ORC.;339139;OUTROS SERVICOS DE TERCEIROS - PESSOA JURIDICA (INTRA);339139-9;NAO SE APLICA;-9;NAO SE APLICA;-9;NAO SE APLICA;-9;NAO SE APLICA;NAO SE APLICA;-9;-9;-9;15CT0016 - PRESTACAO DE SERVICOS DE DISTRIBUICAO DE PUBLICIDADE LEGAL - CONTRATO Nº 16/2015.;-9;NAO SE APLICA;;;;;(8.000,00);;;;;;;;;;;;;;;
14107;TRIBUNAL REGIONAL ELEITORAL DO DIST. FEDERAL;070025;TRIBUNAL REGIONAL ELEITORAL DO D. FEDERAL;02122057020GP0053;20GP;JULGAMENTO DE CAUSAS E GESTAO ADMINISTRATIVA NA JUSTICA ELEI;0001;JULGAMENTO DE CAUSAS E GESTAO ADMINISTRATIVA;084782;AOSA DIVULG;DIVULGACAO INSTITUICIONAL;0100;RECURSOS ORDINARIOS;1;ORCAMENTO FISCAL;3;DESPESAS CORRENTES;3;OUTRAS DESPESAS CORRENTES;39;OUTROS SERVICOS DE TERCEIROS PJ - OP.INT.ORC.;339139;OUTROS SERVICOS DE TERCEIROS - PESSOA JURIDICA (INTRA);339139-9;NAO SE APLICA;-9;NAO SE APLICA;-9;NAO SE APLICA;-9;NAO SE APLICA;NAO SE APLICA;-9;-9;-9;16CT0042 - SERVICOS DE PUBLICACOES DE MATERIAS NO DIARIO OFICIAL DA UNIAO, DE ACORDO COM O CONTRATO Nº 42/2016. TERMO ADITIVO Nº 01.;-9;NAO SE APLICA;;;;;(50.000,00);;;;;;;;;;;;;;;
14107;TRIBUNAL REGIONAL ELEITORAL DO DIST. FEDERAL;070025;TRIBUNAL REGIONAL ELEITORAL DO D. FEDERAL;02122057020GP0053;20GP;JULGAMENTO DE CAUSAS E GESTAO ADMINISTRATIVA NA JUSTICA ELEI;0001;JULGAMENTO DE CAUSAS E GESTAO ADMINISTRATIVA;084782;AOSA DIVULG;DIVULGACAO INSTITUICIONAL;0100;RECURSOS ORDINARIOS;1;ORCAMENTO FISCAL;3;DESPESAS CORRENTES;3;OUTRAS DESPESAS CORRENTES;39;OUTROS SERVICOS DE TERCEIROS PJ - OP.INT.ORC.;339139;OUTROS SERVICOS DE TERCEIROS - PESSOA JURIDICA (INTRA);339139-9;NAO SE APLICA;-9;NAO SE APLICA;-9;NAO SE APLICA;-9;NAO SE APLICA;NAO SE APLICA;-9;-9;-9;ALTERACAO PARA EMISSAO DE NE. SERVICOS DE DISTRIBUICAO DE PUBLICIDADE LEGAL.  PAE 0000937-97.2016.6.07.8100;-9;NAO SE APLICA;8.000,00;8.000,00;;;8.000,00;;;;;;;;;;;;;;;
14107;TRIBUNAL REGIONAL ELEITORAL DO DIST. FEDERAL;070025;TRIBUNAL REGIONAL ELEITORAL DO D. FEDERAL;02122057020GP0053;20GP;JULGAMENTO DE CAUSAS E GESTAO ADMINISTRATIVA NA JUSTICA ELEI;0001;JULGAMENTO DE CAUSAS E GESTAO ADMINISTRATIVA;084782;AOSA DIVULG;DIVULGACAO INSTITUICIONAL;0100;RECURSOS ORDINARIOS;1;ORCAMENTO FISCAL;3;DESPESAS CORRENTES;3;OUTRAS DESPESAS CORRENTES;39;OUTROS SERVICOS DE TERCEIROS PJ - OP.INT.ORC.;339139;OUTROS SERVICOS DE TERCEIROS - PESSOA JURIDICA (INTRA);339139-9;NAO SE APLICA;-9;NAO SE APLICA;-9;NAO SE APLICA;-9;NAO SE APLICA;NAO SE APLICA;-9;-9;-9;ALTERACAO PARA EMISSAO DE NE. SERVICOS DE PUBLICACOES DE MATERIAS NO DIARIO O-FICIAL DA UNIAO. PAE 0008285-69.2016.6.07.8100;-9;NAO SE APLICA;50.000,00;50.000,00;;;50.000,00;;;;;;;;;;;;;;;
14107;TRIBUNAL REGIONAL ELEITORAL DO DIST. FEDERAL;070025;TRIBUNAL REGIONAL ELEITORAL DO D. FEDERAL;02122057020GP0053;20GP;JULGAMENTO DE CAUSAS E GESTAO ADMINISTRATIVA NA JUSTICA ELEI;0001;JULGAMENTO DE CAUSAS E GESTAO ADMINISTRATIVA;084782;AOSA DIVULG;DIVULGACAO INSTITUICIONAL;0100;RECURSOS ORDINARIOS;1;ORCAMENTO FISCAL;3;DESPESAS CORRENTES;3;OUTRAS DESPESAS CORRENTES;39;OUTROS SERVICOS DE TERCEIROS PJ - OP.INT.ORC.;339139;OUTROS SERVICOS DE TERCEIROS - PESSOA JURIDICA (INTRA);33913947;SERVICOS DE COMUNICACAO EM GERAL;3;ESTIMATIVO;07;INEXIGIBILIDADE;CP;08/02/2017;FEV/2017;2017;070025000012017NE000118;00082856920166078100;NAO SE APLICA;110245;FUNDO DE IMPRENSA NACIONAL/EXEC.ORC.FINANC.;;;;;;;;;;;;;9.868,28;;;;;9.868,28;;
14107;TRIBUNAL REGIONAL ELEITORAL DO DIST. FEDERAL;070025;TRIBUNAL REGIONAL ELEITORAL DO D. FEDERAL;02122057020GP0053;20GP;JULGAMENTO DE CAUSAS E GESTAO ADMINISTRATIVA NA JUSTICA ELEI;0001;JULGAMENTO DE CAUSAS E GESTAO ADMINISTRATIVA;084782;AOSA DIVULG;DIVULGACAO INSTITUICIONAL;0100;RECURSOS ORDINARIOS;1;ORCAMENTO FISCAL;3;DESPESAS CORRENTES;3;OUTRAS DESPESAS CORRENTES;39;OUTROS SERVICOS DE TERCEIROS PJ - OP.INT.ORC.;339139;OUTROS SERVICOS DE TERCEIROS - PESSOA JURIDICA (INTRA);33913947;SERVICOS DE COMUNICACAO EM GERAL;3;ESTIMATIVO;07;INEXIGIBILIDADE;CP;08/02/2017;FEV/2017;2017;070025000012017NE000118;00082856920166078100;PAGTO FATURA 801883/2017. PUBLICACAO DE MATERIAS IMPRENSA OFICIAL NO MES DE DEZEMBRO/2017. PA 8285-69.2016.6.07.8100.;110245;FUNDO DE IMPRENSA NACIONAL/EXEC.ORC.FINANC.;;;;;;;;;;;;;;;;4.625,60;4.625,60;(4.625,60);4.625,60;4.625,60
14107;TRIBUNAL REGIONAL ELEITORAL DO DIST. FEDERAL;070025;TRIBUNAL REGIONAL ELEITORAL DO D. FEDERAL;02122057020GP0053;20GP;JULGAMENTO DE CAUSAS E GESTAO ADMINISTRATIVA NA JUSTICA ELEI;0001;JULGAMENTO DE CAUSAS E GESTAO ADMINISTRATIVA;084782;AOSA DIVULG;DIVULGACAO INSTITUICIONAL;0100;RECURSOS ORDINARIOS;1;ORCAMENTO FISCAL;3;DESPESAS CORRENTES;3;OUTRAS DESPESAS CORRENTES;39;OUTROS SERVICOS DE TERCEIROS PJ - OP.INT.ORC.;339139;OUTROS SERVICOS DE TERCEIROS - PESSOA JURIDICA (INTRA);33913947;SERVICOS DE COMUNICACAO EM GERAL;3;ESTIMATIVO;07;INEXIGIBILIDADE;CP;08/02/2017;FEV/2017;2017;070025000012017NE000118;00082856920166078100;PAGTO FATURA 810181, 810918, 811064, 814190, 809218, 808340, 808134. PUBLICACAO DE MATERIAS IMPRENSA OFICIAL DE EXERCICIOS ANTERIORES. PA 1051-65.2018;110245;FUNDO DE IMPRENSA NACIONAL/EXEC.ORC.FINANC.;;;;;;;;;;;;;;;;5.242,68;;0,00;5.242,68;
14107;TRIBUNAL REGIONAL ELEITORAL DO DIST. FEDERAL;070025;TRIBUNAL REGIONAL ELEITORAL DO D. FEDERAL;02122057020GP0053;20GP;JULGAMENTO DE CAUSAS E GESTAO ADMINISTRATIVA NA JUSTICA ELEI;0001;JULGAMENTO DE CAUSAS E GESTAO ADMINISTRATIVA;084782;AOSA DIVULG;DIVULGACAO INSTITUICIONAL;0100;RECURSOS ORDINARIOS;1;ORCAMENTO FISCAL;3;DESPESAS CORRENTES;3;OUTRAS DESPESAS CORRENTES;39;OUTROS SERVICOS DE TERCEIROS PJ - OP.INT.ORC.;339139;OUTROS SERVICOS DE TERCEIROS - PESSOA JURIDICA (INTRA);33913947;SERVICOS DE COMUNICACAO EM GERAL;3;ESTIMATIVO;07;INEXIGIBILIDADE;CP;08/02/2017;FEV/2017;2017;070025000012017NE000118;00082856920166078100;PAGTO FATURA 810181, 810918, 811064, 814190, 809218, 808340, 808134. PUBLICACAO DE MATERIAS IMPRENSA OFICIAL DE EXERCICIOS ANTERIORES. PA 1051-65.2018.;110245;FUNDO DE IMPRENSA NACIONAL/EXEC.ORC.FINANC.;;;;;;;;;;;;;;;;0,00;5.242,68;(5.242,68);0,00;5.242,68
14107;TRIBUNAL REGIONAL ELEITORAL DO DIST. FEDERAL;070025;TRIBUNAL REGIONAL ELEITORAL DO D. FEDERAL;02122057020GP0053;20GP;JULGAMENTO DE CAUSAS E GESTAO ADMINISTRATIVA NA JUSTICA ELEI;0001;JULGAMENTO DE CAUSAS E GESTAO ADMINISTRATIVA;084782;AOSA DIVULG;DIVULGACAO INSTITUICIONAL;0100;RECURSOS ORDINARIOS;1;ORCAMENTO FISCAL;3;DESPESAS CORRENTES;3;OUTRAS DESPESAS CORRENTES;39;OUTROS SERVICOS DE TERCEIROS PJ - OP.INT.ORC.;339139;OUTROS SERVICOS DE TERCEIROS - PESSOA JURIDICA (INTRA);33913947;SERVICOS DE COMUNICACAO EM GERAL;3;ESTIMATIVO;07;INEXIGIBILIDADE;CP;05/01/2018;JAN/2018;2018;070025000012018NE000025;00082856920166078100;16CT0042 - SERVICOS DE PUBLICACOES DE MATERIAS NO DIARIO OFICIAL DA UNIAO, DE ACORDO COM O CONTRATO Nº 42/2016. TERMO ADITIVO Nº 01.;110245;FUNDO DE IMPRENSA NACIONAL/EXEC.ORC.FINANC.;;;;;;;;50.000,00;;;;;;;;;;;;
14107;TRIBUNAL REGIONAL ELEITORAL DO DIST. FEDERAL;070025;TRIBUNAL REGIONAL ELEITORAL DO D. FEDERAL;02122057020GP0053;20GP;JULGAMENTO DE CAUSAS E GESTAO ADMINISTRATIVA NA JUSTICA ELEI;0001;JULGAMENTO DE CAUSAS E GESTAO ADMINISTRATIVA;084782;AOSA DIVULG;DIVULGACAO INSTITUICIONAL;0100;RECURSOS ORDINARIOS;1;ORCAMENTO FISCAL;3;DESPESAS CORRENTES;3;OUTRAS DESPESAS CORRENTES;39;OUTROS SERVICOS DE TERCEIROS PJ - OP.INT.ORC.;339139;OUTROS SERVICOS DE TERCEIROS - PESSOA JURIDICA (INTRA);33913947;SERVICOS DE COMUNICACAO EM GERAL;3;ESTIMATIVO;07;INEXIGIBILIDADE;CP;05/01/2018;JAN/2018;2018;070025000012018NE000025;00082856920166078100;ERRO FAVORECIDO;110245;FUNDO DE IMPRENSA NACIONAL/EXEC.ORC.FINANC.;;;;;;;;0,00;(4.361,28);(4.361,28);;;;;;;;;(4.361,28);(4.361,28)
14107;TRIBUNAL REGIONAL ELEITORAL DO DIST. FEDERAL;070025;TRIBUNAL REGIONAL ELEITORAL DO D. FEDERAL;02122057020GP0053;20GP;JULGAMENTO DE CAUSAS E GESTAO ADMINISTRATIVA NA JUSTICA ELEI;0001;JULGAMENTO DE CAUSAS E GESTAO ADMINISTRATIVA;084782;AOSA DIVULG;DIVULGACAO INSTITUICIONAL;0100;RECURSOS ORDINARIOS;1;ORCAMENTO FISCAL;3;DESPESAS CORRENTES;3;OUTRAS DESPESAS CORRENTES;39;OUTROS SERVICOS DE TERCEIROS PJ - OP.INT.ORC.;339139;OUTROS SERVICOS DE TERCEIROS - PESSOA JURIDICA (INTRA);33913947;SERVICOS DE COMUNICACAO EM GERAL;3;ESTIMATIVO;07;INEXIGIBILIDADE;CP;05/01/2018;JAN/2018;2018;070025000012018NE000025;00082856920166078100;PAGTO FATURA 811584. PUBLICACAO DE MATERIAS IMPRENSA OFICIAL NO MES DE JANEIRO/2018. PA 8285-69.2016.6.07.8100.;110245;FUNDO DE IMPRENSA NACIONAL/EXEC.ORC.FINANC.;;;;;;;;0,00;5.418,56;5.418,56;;;;;;;;;5.418,56;5.418,56
14107;TRIBUNAL REGIONAL ELEITORAL DO DIST. FEDERAL;070025;TRIBUNAL REGIONAL ELEITORAL DO D. FEDERAL;02122057020GP0053;20GP;JULGAMENTO DE CAUSAS E GESTAO ADMINISTRATIVA NA JUSTICA ELEI;0001;JULGAMENTO DE CAUSAS E GESTAO ADMINISTRATIVA;084782;AOSA DIVULG;DIVULGACAO INSTITUICIONAL;0100;RECURSOS ORDINARIOS;1;ORCAMENTO FISCAL;3;DESPESAS CORRENTES;3;OUTRAS DESPESAS CORRENTES;39;OUTROS SERVICOS DE TERCEIROS PJ - OP.INT.ORC.;339139;OUTROS SERVICOS DE TERCEIROS - PESSOA JURIDICA (INTRA);33913947;SERVICOS DE COMUNICACAO EM GERAL;3;ESTIMATIVO;07;INEXIGIBILIDADE;CP;05/01/2018;JAN/2018;2018;070025000012018NE000025;00082856920166078100;PAGTO FATURA 817281. PUBLICACAO DE MATERIAS IMPRENSA OFICIAL NO MES DE FEVEREIRO/2018. PA 8285-69.2016.6.07.8100.;110245;FUNDO DE IMPRENSA NACIONAL/EXEC.ORC.FINANC.;;;;;;;;0,00;8.722,56;8.722,56;;;;;;;;;8.722,56;8.722,56
14107;TRIBUNAL REGIONAL ELEITORAL DO DIST. FEDERAL;070025;TRIBUNAL REGIONAL ELEITORAL DO D. FEDERAL;02122057020GP0053;20GP;JULGAMENTO DE CAUSAS E GESTAO ADMINISTRATIVA NA JUSTICA ELEI;0001;JULGAMENTO DE CAUSAS E GESTAO ADMINISTRATIVA;084782;AOSA DIVULG;DIVULGACAO INSTITUICIONAL;0100;RECURSOS ORDINARIOS;1;ORCAMENTO FISCAL;3;DESPESAS CORRENTES;3;OUTRAS DESPESAS CORRENTES;39;OUTROS SERVICOS DE TERCEIROS PJ - OP.INT.ORC.;339139;OUTROS SERVICOS DE TERCEIROS - PESSOA JURIDICA (INTRA);33913947;SERVICOS DE COMUNICACAO EM GERAL;3;ESTIMATIVO;07;INEXIGIBILIDADE;CP;05/01/2018;JAN/2018;2018;070025000012018NE000025;00082856920166078100;PAGTO FATURA 819782. PUBLICACAO DE MATERIAS IMPRENSA OFICIAL NO MES DE MARCO/2018. PA 8285-69.2016.6.07.8100.;110245;FUNDO DE IMPRENSA NACIONAL/EXEC.ORC.FINANC.;;;;;;;;0,00;4.163,04;4.163,04;;;;;;;;;4.163,04;4.163,04
14107;TRIBUNAL REGIONAL ELEITORAL DO DIST. FEDERAL;070025;TRIBUNAL REGIONAL ELEITORAL DO D. FEDERAL;02122057020GP0053;20GP;JULGAMENTO DE CAUSAS E GESTAO ADMINISTRATIVA NA JUSTICA ELEI;0001;JULGAMENTO DE CAUSAS E GESTAO ADMINISTRATIVA;084782;AOSA DIVULG;DIVULGACAO INSTITUICIONAL;0100;RECURSOS ORDINARIOS;1;ORCAMENTO FISCAL;3;DESPESAS CORRENTES;3;OUTRAS DESPESAS CORRENTES;39;OUTROS SERVICOS DE TERCEIROS PJ - OP.INT.ORC.;339139;OUTROS SERVICOS DE TERCEIROS - PESSOA JURIDICA (INTRA);33913947;SERVICOS DE COMUNICACAO EM GERAL;3;ESTIMATIVO;07;INEXIGIBILIDADE;CP;05/01/2018;JAN/2018;2018;070025000012018NE000025;00082856920166078100;PAGTO FATURA 8223249. PUBLICACAO DE MATERIAS IMPRENSA OFICIAL NO MES DE ABRIL/2018. PA 8285-69.2016.6.07.8100.;110245;FUNDO DE IMPRENSA NACIONAL/EXEC.ORC.FINANC.;;;;;;;;0,00;3.502,24;3.502,24;;;;;;;;;3.502,24;3.502,24
14107;TRIBUNAL REGIONAL ELEITORAL DO DIST. FEDERAL;070025;TRIBUNAL REGIONAL ELEITORAL DO D. FEDERAL;02122057020GP0053;20GP;JULGAMENTO DE CAUSAS E GESTAO ADMINISTRATIVA NA JUSTICA ELEI;0001;JULGAMENTO DE CAUSAS E GESTAO ADMINISTRATIVA;084782;AOSA DIVULG;DIVULGACAO INSTITUICIONAL;0100;RECURSOS ORDINARIOS;1;ORCAMENTO FISCAL;3;DESPESAS CORRENTES;3;OUTRAS DESPESAS CORRENTES;39;OUTROS SERVICOS DE TERCEIROS PJ - OP.INT.ORC.;339139;OUTROS SERVICOS DE TERCEIROS - PESSOA JURIDICA (INTRA);33913990;SERVICOS DE PUBLICIDADE LEGAL;3;ESTIMATIVO;07;INEXIGIBILIDADE;CP;08/01/2018;JAN/2018;2018;070025000012018NE000030;00009379720166078100;15CT0016 - PRESTACAO DE SERVICOS DE DISTRIBUICAO DE PUBLICIDADE LEGAL - CONTRATO Nº 16/2015.;115406;EMPRESA BRASIL DE COMUNICACAO S.A;;;;;;;;8.000,00;;;;;;;;;;;;
14107;TRIBUNAL REGIONAL ELEITORAL DO DIST. FEDERAL;070025;TRIBUNAL REGIONAL ELEITORAL DO D. FEDERAL;02122057020GP0053;20GP;JULGAMENTO DE CAUSAS E GESTAO ADMINISTRATIVA NA JUSTICA ELEI;0001;JULGAMENTO DE CAUSAS E GESTAO ADMINISTRATIVA;084782;AOSA DIVULG;DIVULGACAO INSTITUICIONAL;0100;RECURSOS ORDINARIOS;1;ORCAMENTO FISCAL;3;DESPESAS CORRENTES;3;OUTRAS DESPESAS CORRENTES;39;OUTROS SERVICOS DE TERCEIROS PJ - OP.INT.ORC.;339139;OUTROS SERVICOS DE TERCEIROS - PESSOA JURIDICA (INTRA);33913990;SERVICOS DE PUBLICIDADE LEGAL;3;ESTIMATIVO;07;INEXIGIBILIDADE;CP;08/01/2018;JAN/2018;2018;070025000012018NE000030;00009379720166078100;ERRO NO EMPENHO;115406;EMPRESA BRASIL DE COMUNICACAO S.A;;;;;;;;0,00;(310,20);(310,20);;;;;;;;;(310,20);(310,20)
14107;TRIBUNAL REGIONAL ELEITORAL DO DIST. FEDERAL;070025;TRIBUNAL REGIONAL ELEITORAL DO D. FEDERAL;02122057020GP0053;20GP;JULGAMENTO DE CAUSAS E GESTAO ADMINISTRATIVA NA JUSTICA ELEI;0001;JULGAMENTO DE CAUSAS E GESTAO ADMINISTRATIVA;084782;AOSA DIVULG;DIVULGACAO INSTITUICIONAL;0100;RECURSOS ORDINARIOS;1;ORCAMENTO FISCAL;3;DESPESAS CORRENTES;3;OUTRAS DESPESAS CORRENTES;39;OUTROS SERVICOS DE TERCEIROS PJ - OP.INT.ORC.;339139;OUTROS SERVICOS DE TERCEIROS - PESSOA JURIDICA (INTRA);33913990;SERVICOS DE PUBLICIDADE LEGAL;3;ESTIMATIVO;07;INEXIGIBILIDADE;CP;08/01/2018;JAN/2018;2018;070025000012018NE000030;00009379720166078100;PAGTO DA NF 7167999. PUBLICACAO DE MATERIAS JORNAL GRANDE CIRCULACAO NO DF, EM 14/11/2017. RET. 9,45 IMP. FED. JORNAL BRASILIA (R$ 23,45), 9,45 IMP. FED. EBC (R$ 5,86) E 5,00 DE ISS EBC (R$ 3,10). PA 853-96.2016.6.07.8100.;115406;EMPRESA BRASIL DE COMUNICACAO S.A;;;;;;;;0,00;310,20;310,20;;;;;;;;;310,20;310,20
14107;TRIBUNAL REGIONAL ELEITORAL DO DIST. FEDERAL;070025;TRIBUNAL REGIONAL ELEITORAL DO D. FEDERAL;02122057020GP0053;20GP;JULGAMENTO DE CAUSAS E GESTAO ADMINISTRATIVA NA JUSTICA ELEI;0001;JULGAMENTO DE CAUSAS E GESTAO ADMINISTRATIVA;084782;AOSA DIVULG;DIVULGACAO INSTITUICIONAL;0100;RECURSOS ORDINARIOS;1;ORCAMENTO FISCAL;3;DESPESAS CORRENTES;3;OUTRAS DESPESAS CORRENTES;92;DESPESAS DE EXERCICIOS ANTERIORES;339192;DESPESAS DE EXERCICIOS ANTERIORES;339192-9;NAO SE APLICA;-9;NAO SE APLICA;-9;NAO SE APLICA;-9;NAO SE APLICA;NAO SE APLICA;-9;-9;-9;15CT0016 - PRESTACAO DE SERVICOS DE DISTRIBUICAO DE PUBLICIDADE LEGAL - CONTRATO Nº 16/2015. EXERCICIOS ANTERIORES.;-9;NAO SE APLICA;;;;;(310,20);;;;;;;;;;;;;;;
14107;TRIBUNAL REGIONAL ELEITORAL DO DIST. FEDERAL;070025;TRIBUNAL REGIONAL ELEITORAL DO D. FEDERAL;02122057020GP0053;20GP;JULGAMENTO DE CAUSAS E GESTAO ADMINISTRATIVA NA JUSTICA ELEI;0001;JULGAMENTO DE CAUSAS E GESTAO ADMINISTRATIVA;084782;AOSA DIVULG;DIVULGACAO INSTITUICIONAL;0100;RECURSOS ORDINARIOS;1;ORCAMENTO FISCAL;3;DESPESAS CORRENTES;3;OUTRAS DESPESAS CORRENTES;92;DESPESAS DE EXERCICIOS ANTERIORES;339192;DESPESAS DE EXERCICIOS ANTERIORES;339192-9;NAO SE APLICA;-9;NAO SE APLICA;-9;NAO SE APLICA;-9;NAO SE APLICA;NAO SE APLICA;-9;-9;-9;16CT0042 - SERVICOS DE PUBLICACOES DE MATERIAS NO DIARIO OFICIAL DA UNIAO, DE ACORDO COM O CONTRATO Nº 42/2016. TERMO ADITIVO Nº 01. EXERCICIOS ANTERIORES.;-9;NAO SE APLICA;;;;;(5.417,19);;;;;;;;;;;;;;;
14107;TRIBUNAL REGIONAL ELEITORAL DO DIST. FEDERAL;070025;TRIBUNAL REGIONAL ELEITORAL DO D. FEDERAL;02122057020GP0053;20GP;JULGAMENTO DE CAUSAS E GESTAO ADMINISTRATIVA NA JUSTICA ELEI;0001;JULGAMENTO DE CAUSAS E GESTAO ADMINISTRATIVA;084782;AOSA DIVULG;DIVULGACAO INSTITUICIONAL;0100;RECURSOS ORDINARIOS;1;ORCAMENTO FISCAL;3;DESPESAS CORRENTES;3;OUTRAS DESPESAS CORRENTES;92;DESPESAS DE EXERCICIOS ANTERIORES;339192;DESPESAS DE EXERCICIOS ANTERIORES;339192-9;NAO SE APLICA;-9;NAO SE APLICA;-9;NAO SE APLICA;-9;NAO SE APLICA;NAO SE APLICA;-9;-9;-9;16CT0042 - SERVICOS DE PUBLICACOES DE MATERIAS NO DIARIO OFICIAL DA UNIAO, DE ACORDO COM O CONTRATO Nº 42/2016. TERMO ADITIVO Nº 01. EXERCICIOS ANTERIORES. ANULACAO;-9;NAO SE APLICA;;;;;5.417,19;;;;;;;;;;;;;;;
14107;TRIBUNAL REGIONAL ELEITORAL DO DIST. FEDERAL;070025;TRIBUNAL REGIONAL ELEITORAL DO D. FEDERAL;02122057020GP0053;20GP;JULGAMENTO DE CAUSAS E GESTAO ADMINISTRATIVA NA JUSTICA ELEI;0001;JULGAMENTO DE CAUSAS E GESTAO ADMINISTRATIVA;084782;AOSA DIVULG;DIVULGACAO INSTITUICIONAL;0100;RECURSOS ORDINARIOS;1;ORCAMENTO FISCAL;3;DESPESAS CORRENTES;3;OUTRAS DESPESAS CORRENTES;92;DESPESAS DE EXERCICIOS ANTERIORES;339192;DESPESAS DE EXERCICIOS ANTERIORES;339192-9;NAO SE APLICA;-9;NAO SE APLICA;-9;NAO SE APLICA;-9;NAO SE APLICA;NAO SE APLICA;-9;-9;-9;2018NECT - SERVICOS DE PUBLICACOES DE MATERIAS NO DIARIO OFICIAL DA UNIAO.    EXERCICIOS ANTERIORES.;-9;NAO SE APLICA;;;;;(5.417,19);;;;;;;;;;;;;;;
14107;TRIBUNAL REGIONAL ELEITORAL DO DIST. FEDERAL;070025;TRIBUNAL REGIONAL ELEITORAL DO D. FEDERAL;02122057020GP0053;20GP;JULGAMENTO DE CAUSAS E GESTAO ADMINISTRATIVA NA JUSTICA ELEI;0001;JULGAMENTO DE CAUSAS E GESTAO ADMINISTRATIVA;084782;AOSA DIVULG;DIVULGACAO INSTITUICIONAL;0100;RECURSOS ORDINARIOS;1;ORCAMENTO FISCAL;3;DESPESAS CORRENTES;3;OUTRAS DESPESAS CORRENTES;92;DESPESAS DE EXERCICIOS ANTERIORES;339192;DESPESAS DE EXERCICIOS ANTERIORES;339192-9;NAO SE APLICA;-9;NAO SE APLICA;-9;NAO SE APLICA;-9;NAO SE APLICA;NAO SE APLICA;-9;-9;-9;ALTERACAO PARA EMISSAO DE NE - EXERCICIOS ANTERIORES                          SERVICOS DE PUBLICACAO DE MATERIAS NA IMPRENSA NACIONAL                       PAE 0001051-65.2018.6.07.8100;-9;NAO SE APLICA;5.417,19;5.417,19;;;5.417,19;;;;;;;;;;;;;;;
14107;TRIBUNAL REGIONAL ELEITORAL DO DIST. FEDERAL;070025;TRIBUNAL REGIONAL ELEITORAL DO D. FEDERAL;02122057020GP0053;20GP;JULGAMENTO DE CAUSAS E GESTAO ADMINISTRATIVA NA JUSTICA ELEI;0001;JULGAMENTO DE CAUSAS E GESTAO ADMINISTRATIVA;084782;AOSA DIVULG;DIVULGACAO INSTITUICIONAL;0100;RECURSOS ORDINARIOS;1;ORCAMENTO FISCAL;3;DESPESAS CORRENTES;3;OUTRAS DESPESAS CORRENTES;92;DESPESAS DE EXERCICIOS ANTERIORES;339192;DESPESAS DE EXERCICIOS ANTERIORES;339192-9;NAO SE APLICA;-9;NAO SE APLICA;-9;NAO SE APLICA;-9;NAO SE APLICA;NAO SE APLICA;-9;-9;-9;ALTERACAO PARA EMISSAO DE NE. SERVICOS DE DISTRIBUICAO DE PUBLICIDADE LEGAL.  PAE 0000937-97.2016.6.07.8100. EXERCICIOS ANTERIORES.;-9;NAO SE APLICA;310,20;310,20;;;310,20;;;;;;;;;;;;;;;
14107;TRIBUNAL REGIONAL ELEITORAL DO DIST. FEDERAL;070025;TRIBUNAL REGIONAL ELEITORAL DO D. FEDERAL;02122057020GP0053;20GP;JULGAMENTO DE CAUSAS E GESTAO ADMINISTRATIVA NA JUSTICA ELEI;0001;JULGAMENTO DE CAUSAS E GESTAO ADMINISTRATIVA;084782;AOSA DIVULG;DIVULGACAO INSTITUICIONAL;0100;RECURSOS ORDINARIOS;1;ORCAMENTO FISCAL;3;DESPESAS CORRENTES;3;OUTRAS DESPESAS CORRENTES;92;DESPESAS DE EXERCICIOS ANTERIORES;339192;DESPESAS DE EXERCICIOS ANTERIORES;339192-9;NAO SE APLICA;-9;NAO SE APLICA;-9;NAO SE APLICA;-9;NAO SE APLICA;NAO SE APLICA;-9;-9;-9;ANULACAO DO PE 67 PARA EMISSAO DE NE (PA 0001051-65.2018.6.07.8100);-9;NAO SE APLICA;;;;;5.417,19;(5.417,19);(5.417,19);;;;;;;;;;;;;
14107;TRIBUNAL REGIONAL ELEITORAL DO DIST. FEDERAL;070025;TRIBUNAL REGIONAL ELEITORAL DO D. FEDERAL;02122057020GP0053;20GP;JULGAMENTO DE CAUSAS E GESTAO ADMINISTRATIVA NA JUSTICA ELEI;0001;JULGAMENTO DE CAUSAS E GESTAO ADMINISTRATIVA;084782;AOSA DIVULG;DIVULGACAO INSTITUICIONAL;0100;RECURSOS ORDINARIOS;1;ORCAMENTO FISCAL;3;DESPESAS CORRENTES;3;OUTRAS DESPESAS CORRENTES;92;DESPESAS DE EXERCICIOS ANTERIORES;339192;DESPESAS DE EXERCICIOS ANTERIORES;339192-9;NAO SE APLICA;-9;NAO SE APLICA;-9;NAO SE APLICA;-9;NAO SE APLICA;NAO SE APLICA;-9;-9;-9;SERVICO DE PUBLICACAO DE MATERIAS NO DOU - IMPRENSA NACIONAL.                 RESERVA PARA EMISSAO DE EMPENHO - EXERCICIOS ANTERIORES.;-9;NAO SE APLICA;;;;;(5.417,19);5.417,19;5.417,19;;;;;;;;;;;;;
14107;TRIBUNAL REGIONAL ELEITORAL DO DIST. FEDERAL;070025;TRIBUNAL REGIONAL ELEITORAL DO D. FEDERAL;02122057020GP0053;20GP;JULGAMENTO DE CAUSAS E GESTAO ADMINISTRATIVA NA JUSTICA ELEI;0001;JULGAMENTO DE CAUSAS E GESTAO ADMINISTRATIVA;084782;AOSA DIVULG;DIVULGACAO INSTITUICIONAL;0100;RECURSOS ORDINARIOS;1;ORCAMENTO FISCAL;3;DESPESAS CORRENTES;3;OUTRAS DESPESAS CORRENTES;92;DESPESAS DE EXERCICIOS ANTERIORES;339192;DESPESAS DE EXERCICIOS ANTERIORES;33919239;SERVICOS DE TERCEIROS - PESSOA JURIDICA;1;ORDINARIO;07;INEXIGIBILIDADE;CP;30/01/2018;JAN/2018;2018;070025000012018NE000081;00009379720166078100;15CT0016 - PRESTACAO DE SERVICOS DE DISTRIBUICAO DE PUBLICIDADE LEGAL - CONTRATO Nº 16/2015. EXERCICIOS ANTERIORES.;115406;EMPRESA BRASIL DE COMUNICACAO S.A;;;;;;;;310,20;;;;;;;;;;;;
14107;TRIBUNAL REGIONAL ELEITORAL DO DIST. FEDERAL;070025;TRIBUNAL REGIONAL ELEITORAL DO D. FEDERAL;02122057020GP0053;20GP;JULGAMENTO DE CAUSAS E GESTAO ADMINISTRATIVA NA JUSTICA ELEI;0001;JULGAMENTO DE CAUSAS E GESTAO ADMINISTRATIVA;084782;AOSA DIVULG;DIVULGACAO INSTITUICIONAL;0100;RECURSOS ORDINARIOS;1;ORCAMENTO FISCAL;3;DESPESAS CORRENTES;3;OUTRAS DESPESAS CORRENTES;92;DESPESAS DE EXERCICIOS ANTERIORES;339192;DESPESAS DE EXERCICIOS ANTERIORES;33919239;SERVICOS DE TERCEIROS - PESSOA JURIDICA;1;ORDINARIO;07;INEXIGIBILIDADE;CP;30/01/2018;JAN/2018;2018;070025000012018NE000081;00009379720166078100;ERRO NO EMPENHO;115406;EMPRESA BRASIL DE COMUNICACAO S.A;;;;;;;;0,00;310,20;310,20;;;;;;;;;310,20;310,20
14107;TRIBUNAL REGIONAL ELEITORAL DO DIST. FEDERAL;070025;TRIBUNAL REGIONAL ELEITORAL DO D. FEDERAL;02122057020GP0053;20GP;JULGAMENTO DE CAUSAS E GESTAO ADMINISTRATIVA NA JUSTICA ELEI;0001;JULGAMENTO DE CAUSAS E GESTAO ADMINISTRATIVA;084782;AOSA DIVULG;DIVULGACAO INSTITUICIONAL;0100;RECURSOS ORDINARIOS;1;ORCAMENTO FISCAL;3;DESPESAS CORRENTES;3;OUTRAS DESPESAS CORRENTES;92;DESPESAS DE EXERCICIOS ANTERIORES;339192;DESPESAS DE EXERCICIOS ANTERIORES;33919239;SERVICOS DE TERCEIROS - PESSOA JURIDICA;1;ORDINARIO;07;INEXIGIBILIDADE;CP;13/03/2018;MAR/2018;2018;070025000012018NE000155;00010516520186078100;16CT0042 - SERVICOS DE PUBLICACOES DE MATERIAS NO DIARIO OFICIAL DA UNIAO, DE ACORDO COM O CONTRATO Nº 42/2016. TERMO ADITIVO Nº 01. EXERCICIOS ANTERIORES.;110245;FUNDO DE IMPRENSA NACIONAL/EXEC.ORC.FINANC.;;;;;;;;5.417,19;;;;;;;;;;;;
14107;TRIBUNAL REGIONAL ELEITORAL DO DIST. FEDERAL;070025;TRIBUNAL REGIONAL ELEITORAL DO D. FEDERAL;02122057020GP0053;20GP;JULGAMENTO DE CAUSAS E GESTAO ADMINISTRATIVA NA JUSTICA ELEI;0001;JULGAMENTO DE CAUSAS E GESTAO ADMINISTRATIVA;084782;AOSA DIVULG;DIVULGACAO INSTITUICIONAL;0100;RECURSOS ORDINARIOS;1;ORCAMENTO FISCAL;3;DESPESAS CORRENTES;3;OUTRAS DESPESAS CORRENTES;92;DESPESAS DE EXERCICIOS ANTERIORES;339192;DESPESAS DE EXERCICIOS ANTERIORES;33919239;SERVICOS DE TERCEIROS - PESSOA JURIDICA;1;ORDINARIO;07;INEXIGIBILIDADE;CP;13/03/2018;MAR/2018;2018;070025000012018NE000155;00010516520186078100;16CT0042 - SERVICOS DE PUBLICACOES DE MATERIAS NO DIARIO OFICIAL DA UNIAO, DE ACORDO COM O CONTRATO Nº 42/2016. TERMO ADITIVO Nº 01. EXERCICIOS ANTERIORES. ANULACAO;110245;FUNDO DE IMPRENSA NACIONAL/EXEC.ORC.FINANC.;;;;;;;;(5.417,19);;;;;;;;;;;;
14107;TRIBUNAL REGIONAL ELEITORAL DO DIST. FEDERAL;070025;TRIBUNAL REGIONAL ELEITORAL DO D. FEDERAL;02122057020GP0053;20GP;JULGAMENTO DE CAUSAS E GESTAO ADMINISTRATIVA NA JUSTICA ELEI;0001;JULGAMENTO DE CAUSAS E GESTAO ADMINISTRATIVA;084782;AOSA DIVULG;DIVULGACAO INSTITUICIONAL;0100;RECURSOS ORDINARIOS;1;ORCAMENTO FISCAL;3;DESPESAS CORRENTES;3;OUTRAS DESPESAS CORRENTES;92;DESPESAS DE EXERCICIOS ANTERIORES;339192;DESPESAS DE EXERCICIOS ANTERIORES;33919239;SERVICOS DE TERCEIROS - PESSOA JURIDICA;1;ORDINARIO;07;INEXIGIBILIDADE;CP;20/03/2018;MAR/2018;2018;070025000012018NE000172;00010516520186078100;16CT0042 - SERVICOS DE PUBLICACOES DE MATERIAS NO DIARIO OFICIAL DA UNIAO, DE ACORDO COM O CONTRATO Nº 42/2016. TERMO ADITIVO Nº 01. EXERCICIOS ANTERIORES.;110245;FUNDO DE IMPRENSA NACIONAL/EXEC.ORC.FINANC.;;;;;;;;0,00;;;;;;;;;;;;
14107;TRIBUNAL REGIONAL ELEITORAL DO DIST. FEDERAL;070025;TRIBUNAL REGIONAL ELEITORAL DO D. FEDERAL;02122057020GP0053;20GP;JULGAMENTO DE CAUSAS E GESTAO ADMINISTRATIVA NA JUSTICA ELEI;0001;JULGAMENTO DE CAUSAS E GESTAO ADMINISTRATIVA;084782;AOSA DIVULG;DIVULGACAO INSTITUICIONAL;0100;RECURSOS ORDINARIOS;1;ORCAMENTO FISCAL;3;DESPESAS CORRENTES;3;OUTRAS DESPESAS CORRENTES;92;DESPESAS DE EXERCICIOS ANTERIORES;339192;DESPESAS DE EXERCICIOS ANTERIORES;33919239;SERVICOS DE TERCEIROS - PESSOA JURIDICA;1;ORDINARIO;07;INEXIGIBILIDADE;CP;21/03/2018;MAR/2018;2018;070025000012018NE000175;00010516520186078100;2018NECT - SERVICOS DE PUBLICACOES DE MATERIAS NO DIARIO OFICIAL DA UNIAO.    EXERCICIOS ANTERIORES.;110245;FUNDO DE IMPRENSA NACIONAL/EXEC.ORC.FINANC.;;;;;;;;5.417,19;;;;;;;;;;;;
14107;TRIBUNAL REGIONAL ELEITORAL DO DIST. FEDERAL;070025;TRIBUNAL REGIONAL ELEITORAL DO D. FEDERAL;02122057020GP0053;20GP;JULGAMENTO DE CAUSAS E GESTAO ADMINISTRATIVA NA JUSTICA ELEI;0001;JULGAMENTO DE CAUSAS E GESTAO ADMINISTRATIVA;084782;AOSA DIVULG;DIVULGACAO INSTITUICIONAL;0100;RECURSOS ORDINARIOS;1;ORCAMENTO FISCAL;3;DESPESAS CORRENTES;3;OUTRAS DESPESAS CORRENTES;92;DESPESAS DE EXERCICIOS ANTERIORES;339192;DESPESAS DE EXERCICIOS ANTERIORES;33919239;SERVICOS DE TERCEIROS - PESSOA JURIDICA;1;ORDINARIO;07;INEXIGIBILIDADE;CP;21/03/2018;MAR/2018;2018;070025000012018NE000175;00010516520186078100;CORRECAO EMPENHO;110245;FUNDO DE IMPRENSA NACIONAL/EXEC.ORC.FINANC.;;;;;;;;0,00;0,00;;;;;;;;;;0,00;
14107;TRIBUNAL REGIONAL ELEITORAL DO DIST. FEDERAL;070025;TRIBUNAL REGIONAL ELEITORAL DO D. FEDERAL;02122057020GP0053;20GP;JULGAMENTO DE CAUSAS E GESTAO ADMINISTRATIVA NA JUSTICA ELEI;0001;JULGAMENTO DE CAUSAS E GESTAO ADMINISTRATIVA;084782;AOSA DIVULG;DIVULGACAO INSTITUICIONAL;0100;RECURSOS ORDINARIOS;1;ORCAMENTO FISCAL;3;DESPESAS CORRENTES;3;OUTRAS DESPESAS CORRENTES;92;DESPESAS DE EXERCICIOS ANTERIORES;339192;DESPESAS DE EXERCICIOS ANTERIORES;33919239;SERVICOS DE TERCEIROS - PESSOA JURIDICA;1;ORDINARIO;07;INEXIGIBILIDADE;CP;21/03/2018;MAR/2018;2018;070025000012018NE000175;00010516520186078100;CORRECAO EVENTO;110245;FUNDO DE IMPRENSA NACIONAL/EXEC.ORC.FINANC.;;;;;;;;0,00;0,00;;;;;;;;;;0,00;
14107;TRIBUNAL REGIONAL ELEITORAL DO DIST. FEDERAL;070025;TRIBUNAL REGIONAL ELEITORAL DO D. FEDERAL;02122057020GP0053;20GP;JULGAMENTO DE CAUSAS E GESTAO ADMINISTRATIVA NA JUSTICA ELEI;0001;JULGAMENTO DE CAUSAS E GESTAO ADMINISTRATIVA;084782;AOSA DIVULG;DIVULGACAO INSTITUICIONAL;0100;RECURSOS ORDINARIOS;1;ORCAMENTO FISCAL;3;DESPESAS CORRENTES;3;OUTRAS DESPESAS CORRENTES;92;DESPESAS DE EXERCICIOS ANTERIORES;339192;DESPESAS DE EXERCICIOS ANTERIORES;33919239;SERVICOS DE TERCEIROS - PESSOA JURIDICA;1;ORDINARIO;07;INEXIGIBILIDADE;CP;21/03/2018;MAR/2018;2018;070025000012018NE000175;00010516520186078100;PAGTO FATURA 810181, 810918, 811064, 814190, 809218, 808340, 808134. PUBLICACAO DE MATERIAS IMPRENSA OFICIAL DE EXERCICIOS ANTERIORES. PA 1051-65.2018;110245;FUNDO DE IMPRENSA NACIONAL/EXEC.ORC.FINANC.;;;;;;;;0,00;5.417,19;;;;;;;;;;5.417,19;
14107;TRIBUNAL REGIONAL ELEITORAL DO DIST. FEDERAL;070025;TRIBUNAL REGIONAL ELEITORAL DO D. FEDERAL;02122057020GP0053;20GP;JULGAMENTO DE CAUSAS E GESTAO ADMINISTRATIVA NA JUSTICA ELEI;0001;JULGAMENTO DE CAUSAS E GESTAO ADMINISTRATIVA;084782;AOSA DIVULG;DIVULGACAO INSTITUICIONAL;0100;RECURSOS ORDINARIOS;1;ORCAMENTO FISCAL;3;DESPESAS CORRENTES;3;OUTRAS DESPESAS CORRENTES;92;DESPESAS DE EXERCICIOS ANTERIORES;339192;DESPESAS DE EXERCICIOS ANTERIORES;33919239;SERVICOS DE TERCEIROS - PESSOA JURIDICA;1;ORDINARIO;07;INEXIGIBILIDADE;CP;21/03/2018;MAR/2018;2018;070025000012018NE000175;00010516520186078100;PAGTO FATURA 810181, 810918, 811064, 814190, 809218, 808340, 808134. PUBLICACAO DE MATERIAS IMPRENSA OFICIAL DE EXERCICIOS ANTERIORES. PA 1051-65.2018.;110245;FUNDO DE IMPRENSA NACIONAL/EXEC.ORC.FINANC.;;;;;;;;0,00;0,00;5.417,19;;;;;;;;;0,00;5.417,19
14107;TRIBUNAL REGIONAL ELEITORAL DO DIST. FEDERAL;070025;TRIBUNAL REGIONAL ELEITORAL DO D. FEDERAL;02122057020GP0053;20GP;JULGAMENTO DE CAUSAS E GESTAO ADMINISTRATIVA NA JUSTICA ELEI;0001;JULGAMENTO DE CAUSAS E GESTAO ADMINISTRATIVA;084782;AOSA ESTAGI;ESTAGIARIOS;0100;RECURSOS ORDINARIOS;1;ORCAMENTO FISCAL;3;DESPESAS CORRENTES;3;OUTRAS DESPESAS CORRENTES;39;OUTROS SERVICOS DE TERCEIROS PJ - OP.INT.ORC.;339039;OUTROS SERVICOS DE TERCEIROS - PESSOA JURIDICA;339039-9;NAO SE APLICA;-9;NAO SE APLICA;-9;NAO SE APLICA;-9;NAO SE APLICA;NAO SE APLICA;-9;-9;-9;16CT0025 - SERVICO DE AGENTE DE INTEGRACAO, DE ACORDO COM O CONTRATO Nº 25/16.TERMO ADITIVO 02. (TAXA DE ADMINISTRACAO E SERVICOS DE APOIO AO ENSINO-ESTAGIOSUPERVISIONADO);-9;NAO SE APLICA;;;;;(502.040,00);;;;;;;;;;;;;;;
14107;TRIBUNAL REGIONAL ELEITORAL DO DIST. FEDERAL;070025;TRIBUNAL REGIONAL ELEITORAL DO D. FEDERAL;02122057020GP0053;20GP;JULGAMENTO DE CAUSAS E GESTAO ADMINISTRATIVA NA JUSTICA ELEI;0001;JULGAMENTO DE CAUSAS E GESTAO ADMINISTRATIVA;084782;AOSA ESTAGI;ESTAGIARIOS;0100;RECURSOS ORDINARIOS;1;ORCAMENTO FISCAL;3;DESPESAS CORRENTES;3;OUTRAS DESPESAS CORRENTES;39;OUTROS SERVICOS DE TERCEIROS PJ - OP.INT.ORC.;339039;OUTROS SERVICOS DE TERCEIROS - PESSOA JURIDICA;339039-9;NAO SE APLICA;-9;NAO SE APLICA;-9;NAO SE APLICA;-9;NAO SE APLICA;NAO SE APLICA;-9;-9;-9;ALTERACAO PARA EMISSAO DE NE - SERVICO DE AGENTE DE INTEGRACAO, DE ACORDO COM O CONTRATO Nº 25/16.;-9;NAO SE APLICA;1.137.040,00;1.137.040,00;;;1.137.040,00;;;;;;;;;;;;;;;
14107;TRIBUNAL REGIONAL ELEITORAL DO DIST. FEDERAL;070025;TRIBUNAL REGIONAL ELEITORAL DO D. FEDERAL;02122057020GP0053;20GP;JULGAMENTO DE CAUSAS E GESTAO ADMINISTRATIVA NA JUSTICA ELEI;0001;JULGAMENTO DE CAUSAS E GESTAO ADMINISTRATIVA;084782;AOSA ESTAGI;ESTAGIARIOS;0100;RECURSOS ORDINARIOS;1;ORCAMENTO FISCAL;3;DESPESAS CORRENTES;3;OUTRAS DESPESAS CORRENTES;39;OUTROS SERVICOS DE TERCEIROS PJ - OP.INT.ORC.;339039;OUTROS SERVICOS DE TERCEIROS - PESSOA JURIDICA;339039-9;NAO SE APLICA;-9;NAO SE APLICA;-9;NAO SE APLICA;-9;NAO SE APLICA;NAO SE APLICA;-9;-9;-9;RETORNO AO DISPONIVEL.;-9;NAO SE APLICA;(635.000,00);(635.000,00);;;(635.000,00);;;;;;;;;;;;;;;
14107;TRIBUNAL REGIONAL ELEITORAL DO DIST. FEDERAL;070025;TRIBUNAL REGIONAL ELEITORAL DO D. FEDERAL;02122057020GP0053;20GP;JULGAMENTO DE CAUSAS E GESTAO ADMINISTRATIVA NA JUSTICA ELEI;0001;JULGAMENTO DE CAUSAS E GESTAO ADMINISTRATIVA;084782;AOSA ESTAGI;ESTAGIARIOS;0100;RECURSOS ORDINARIOS;1;ORCAMENTO FISCAL;3;DESPESAS CORRENTES;3;OUTRAS DESPESAS CORRENTES;39;OUTROS SERVICOS DE TERCEIROS PJ - OP.INT.ORC.;339039;OUTROS SERVICOS DE TERCEIROS - PESSOA JURIDICA;33903925;TAXA DE ADMINISTRACAO;3;ESTIMATIVO;12;PREGAO;-8;03/02/2017;FEV/2017;2017;070025000012017NE000083;00100033820156078100;NAO SE APLICA;61600839000155;CENTRO DE INTEGRACAO EMPRESA ESCOLA CIE E;;;;;;;;;;;;;159,34;;;;;159,34;;
14107;TRIBUNAL REGIONAL ELEITORAL DO DIST. FEDERAL;070025;TRIBUNAL REGIONAL ELEITORAL DO D. FEDERAL;02122057020GP0053;20GP;JULGAMENTO DE CAUSAS E GESTAO ADMINISTRATIVA NA JUSTICA ELEI;0001;JULGAMENTO DE CAUSAS E GESTAO ADMINISTRATIVA;084782;AOSA ESTAGI;ESTAGIARIOS;0100;RECURSOS ORDINARIOS;1;ORCAMENTO FISCAL;3;DESPESAS CORRENTES;3;OUTRAS DESPESAS CORRENTES;39;OUTROS SERVICOS DE TERCEIROS PJ - OP.INT.ORC.;339039;OUTROS SERVICOS DE TERCEIROS - PESSOA JURIDICA;33903925;TAXA DE ADMINISTRACAO;3;ESTIMATIVO;12;PREGAO;-8;03/02/2017;FEV/2017;2017;070025000012017NE000083;00100033820156078100;PAGTO DA FATURA MES DEZ/2017 (26 A 31). PROMOCAO DE ESTAGIO SUPERVISIONADO DE ESTUDANTES DE ENSINO MEDIO E SUPERIOR. EMPRESA ISENTA DE RETENCAO DE IMPOSTOS FEDERAIS E IMUNE DE ISS. PA 8173-03.2016.6.07.8100.;61600839000155;CENTRO DE INTEGRACAO EMPRESA ESCOLA CIE E;;;;;;;;;;;;;;;;159,34;159,34;(159,34);159,34;159,34
14107;TRIBUNAL REGIONAL ELEITORAL DO DIST. FEDERAL;070025;TRIBUNAL REGIONAL ELEITORAL DO D. FEDERAL;02122057020GP0053;20GP;JULGAMENTO DE CAUSAS E GESTAO ADMINISTRATIVA NA JUSTICA ELEI;0001;JULGAMENTO DE CAUSAS E GESTAO ADMINISTRATIVA;084782;AOSA ESTAGI;ESTAGIARIOS;0100;RECURSOS ORDINARIOS;1;ORCAMENTO FISCAL;3;DESPESAS CORRENTES;3;OUTRAS DESPESAS CORRENTES;39;OUTROS SERVICOS DE TERCEIROS PJ - OP.INT.ORC.;339039;OUTROS SERVICOS DE TERCEIROS - PESSOA JURIDICA;33903925;TAXA DE ADMINISTRACAO;3;ESTIMATIVO;12;PREGAO;-8;26/01/2018;JAN/2018;2018;070025000012018NE000072;00100033820156078100;16CT0025 - SERVICO DE AGENTE DE INTEGRACAO, DE ACORDO COM O CONTRATO Nº 25/16.TERMO ADITIVO 02. (TAXA DE ADMINISTRACAO E SERVICOS DE APOIO AO ENSINO-ESTAGIOSUPERVISIONADO);61600839000155;CENTRO DE INTEGRACAO EMPRESA ESCOLA CIE E;;;;;;;;17.040,00;;;;;;;;;;;;
14107;TRIBUNAL REGIONAL ELEITORAL DO DIST. FEDERAL;070025;TRIBUNAL REGIONAL ELEITORAL DO D. FEDERAL;02122057020GP0053;20GP;JULGAMENTO DE CAUSAS E GESTAO ADMINISTRATIVA NA JUSTICA ELEI;0001;JULGAMENTO DE CAUSAS E GESTAO ADMINISTRATIVA;084782;AOSA ESTAGI;ESTAGIARIOS;0100;RECURSOS ORDINARIOS;1;ORCAMENTO FISCAL;3;DESPESAS CORRENTES;3;OUTRAS DESPESAS CORRENTES;39;OUTROS SERVICOS DE TERCEIROS PJ - OP.INT.ORC.;339039;OUTROS SERVICOS DE TERCEIROS - PESSOA JURIDICA;33903925;TAXA DE ADMINISTRACAO;3;ESTIMATIVO;12;PREGAO;-8;26/01/2018;JAN/2018;2018;070025000012018NE000072;00100033820156078100;CANCELA;61600839000155;CENTRO DE INTEGRACAO EMPRESA ESCOLA CIE E;;;;;;;;0,00;(1.929,34);;;;;;;;;;(1.929,34);
14107;TRIBUNAL REGIONAL ELEITORAL DO DIST. FEDERAL;070025;TRIBUNAL REGIONAL ELEITORAL DO D. FEDERAL;02122057020GP0053;20GP;JULGAMENTO DE CAUSAS E GESTAO ADMINISTRATIVA NA JUSTICA ELEI;0001;JULGAMENTO DE CAUSAS E GESTAO ADMINISTRATIVA;084782;AOSA ESTAGI;ESTAGIARIOS;0100;RECURSOS ORDINARIOS;1;ORCAMENTO FISCAL;3;DESPESAS CORRENTES;3;OUTRAS DESPESAS CORRENTES;39;OUTROS SERVICOS DE TERCEIROS PJ - OP.INT.ORC.;339039;OUTROS SERVICOS DE TERCEIROS - PESSOA JURIDICA;33903925;TAXA DE ADMINISTRACAO;3;ESTIMATIVO;12;PREGAO;-8;26/01/2018;JAN/2018;2018;070025000012018NE000072;00100033820156078100;CANCELA PARA AJUSTE;61600839000155;CENTRO DE INTEGRACAO EMPRESA ESCOLA CIE E;;;;;;;;0,00;(8.624,67);;;;;;;;;;(8.624,67);
14107;TRIBUNAL REGIONAL ELEITORAL DO DIST. FEDERAL;070025;TRIBUNAL REGIONAL ELEITORAL DO D. FEDERAL;02122057020GP0053;20GP;JULGAMENTO DE CAUSAS E GESTAO ADMINISTRATIVA NA JUSTICA ELEI;0001;JULGAMENTO DE CAUSAS E GESTAO ADMINISTRATIVA;084782;AOSA ESTAGI;ESTAGIARIOS;0100;RECURSOS ORDINARIOS;1;ORCAMENTO FISCAL;3;DESPESAS CORRENTES;3;OUTRAS DESPESAS CORRENTES;39;OUTROS SERVICOS DE TERCEIROS PJ - OP.INT.ORC.;339039;OUTROS SERVICOS DE TERCEIROS - PESSOA JURIDICA;33903925;TAXA DE ADMINISTRACAO;3;ESTIMATIVO;12;PREGAO;-8;26/01/2018;JAN/2018;2018;070025000012018NE000072;00100033820156078100;PAGTO ATURA 1/2018. PROMOCAO DE ESTAGIO SUPERVISIONADO DE ESTUDANTES DE ENSINO MEDIO E SUPERIOR NO MES DE JANEIRO/18. EMPRESA ISENTA DE RETENCAO DE IMPOSTOS FEDERAIS E IMUNE DE ISS. PA 8173-03.2016.6.07.8100.;61600839000155;CENTRO DE INTEGRACAO EMPRESA ESCOLA CIE E;;;;;;;;0,00;964,67;;;;;;;;;;964,67;
14107;TRIBUNAL REGIONAL ELEITORAL DO DIST. FEDERAL;070025;TRIBUNAL REGIONAL ELEITORAL DO D. FEDERAL;02122057020GP0053;20GP;JULGAMENTO DE CAUSAS E GESTAO ADMINISTRATIVA NA JUSTICA ELEI;0001;JULGAMENTO DE CAUSAS E GESTAO ADMINISTRATIVA;084782;AOSA ESTAGI;ESTAGIARIOS;0100;RECURSOS ORDINARIOS;1;ORCAMENTO FISCAL;3;DESPESAS CORRENTES;3;OUTRAS DESPESAS CORRENTES;39;OUTROS SERVICOS DE TERCEIROS PJ - OP.INT.ORC.;339039;OUTROS SERVICOS DE TERCEIROS - PESSOA JURIDICA;33903925;TAXA DE ADMINISTRACAO;3;ESTIMATIVO;12;PREGAO;-8;26/01/2018;JAN/2018;2018;070025000012018NE000072;00100033820156078100;PAGTO DA FATURA 1/2018. PROMOCAO DE ESTAGIO SUPERVISIONADO DE ESTUDANTES DE ENSINO MEDIO E SUPERIOR NO MES DE JANEIRO/18. EMPRESA ISENTA DE RETENCAO DE IMPOSTOS FEDERAIS E IMUNE DE ISS. PA 8173-03.2016.6.07.8100.;61600839000155;CENTRO DE INTEGRACAO EMPRESA ESCOLA CIE E;;;;;;;;0,00;8.624,67;964,67;;;;;;;;;8.624,67;964,67
14107;TRIBUNAL REGIONAL ELEITORAL DO DIST. FEDERAL;070025;TRIBUNAL REGIONAL ELEITORAL DO D. FEDERAL;02122057020GP0053;20GP;JULGAMENTO DE CAUSAS E GESTAO ADMINISTRATIVA NA JUSTICA ELEI;0001;JULGAMENTO DE CAUSAS E GESTAO ADMINISTRATIVA;084782;AOSA ESTAGI;ESTAGIARIOS;0100;RECURSOS ORDINARIOS;1;ORCAMENTO FISCAL;3;DESPESAS CORRENTES;3;OUTRAS DESPESAS CORRENTES;39;OUTROS SERVICOS DE TERCEIROS PJ - OP.INT.ORC.;339039;OUTROS SERVICOS DE TERCEIROS - PESSOA JURIDICA;33903925;TAXA DE ADMINISTRACAO;3;ESTIMATIVO;12;PREGAO;-8;26/01/2018;JAN/2018;2018;070025000012018NE000072;00100033820156078100;PAGTO DA FATURA 2/2018. PROMOCAO DE ESTAGIO SUPERVISIONADO DE ESTUDANTES DE ENSINO MEDIO E SUPERIOR NO MES DE FEVEREIRO/18. EMPRESA ISENTA DE RETENCAO DE IMPOSTOS FEDERAIS E IMUNE DE ISS. PA 8173-03.2016.6.07.8100.;61600839000155;CENTRO DE INTEGRACAO EMPRESA ESCOLA CIE E;;;;;;;;0,00;995,38;995,38;;;;;;;;;995,38;995,38
14107;TRIBUNAL REGIONAL ELEITORAL DO DIST. FEDERAL;070025;TRIBUNAL REGIONAL ELEITORAL DO D. FEDERAL;02122057020GP0053;20GP;JULGAMENTO DE CAUSAS E GESTAO ADMINISTRATIVA NA JUSTICA ELEI;0001;JULGAMENTO DE CAUSAS E GESTAO ADMINISTRATIVA;084782;AOSA ESTAGI;ESTAGIARIOS;0100;RECURSOS ORDINARIOS;1;ORCAMENTO FISCAL;3;DESPESAS CORRENTES;3;OUTRAS DESPESAS CORRENTES;39;OUTROS SERVICOS DE TERCEIROS PJ - OP.INT.ORC.;339039;OUTROS SERVICOS DE TERCEIROS - PESSOA JURIDICA;33903925;TAXA DE ADMINISTRACAO;3;ESTIMATIVO;12;PREGAO;-8;26/01/2018;JAN/2018;2018;070025000012018NE000072;00100033820156078100;PAGTO DA FATURA 3/2018. PROMOCAO DE ESTAGIO SUPERVISIONADO DE ESTUDANTES DE ENSINO MEDIO E SUPERIOR NO MES DE MARCO/18. EMPRESA ISENTA DE RETENCAO DE IMPOSTOS FEDERAIS E IMUNE DE ISS. PA 8173-03.2016.6.07.8100.;61600839000155;CENTRO DE INTEGRACAO EMPRESA ESCOLA CIE E;;;;;;;;0,00;1.274,66;1.274,66;;;;;;;;;1.274,66;1.274,66
14107;TRIBUNAL REGIONAL ELEITORAL DO DIST. FEDERAL;070025;TRIBUNAL REGIONAL ELEITORAL DO D. FEDERAL;02122057020GP0053;20GP;JULGAMENTO DE CAUSAS E GESTAO ADMINISTRATIVA NA JUSTICA ELEI;0001;JULGAMENTO DE CAUSAS E GESTAO ADMINISTRATIVA;084782;AOSA ESTAGI;ESTAGIARIOS;0100;RECURSOS ORDINARIOS;1;ORCAMENTO FISCAL;3;DESPESAS CORRENTES;3;OUTRAS DESPESAS CORRENTES;39;OUTROS SERVICOS DE TERCEIROS PJ - OP.INT.ORC.;339039;OUTROS SERVICOS DE TERCEIROS - PESSOA JURIDICA;33903925;TAXA DE ADMINISTRACAO;3;ESTIMATIVO;12;PREGAO;-8;26/01/2018;JAN/2018;2018;070025000012018NE000072;00100033820156078100;PAGTO DA FATURA 4/2018. PROMOCAO DE ESTAGIO SUPERVISIONADO DE ESTUDANTES DE ENSINO MEDIO E SUPERIOR NO MES DE ABRIL/18. EMPRESA ISENTA DE RETENCAO DE IMPOSTOS FEDERAIS E IMUNE DE ISS. PA 8173-03.2016.6.07.8100.;61600839000155;CENTRO DE INTEGRACAO EMPRESA ESCOLA CIE E;;;;;;;;0,00;1.300,66;1.300,66;;;;;;;;;1.300,66;1.300,66
14107;TRIBUNAL REGIONAL ELEITORAL DO DIST. FEDERAL;070025;TRIBUNAL REGIONAL ELEITORAL DO D. FEDERAL;02122057020GP0053;20GP;JULGAMENTO DE CAUSAS E GESTAO ADMINISTRATIVA NA JUSTICA ELEI;0001;JULGAMENTO DE CAUSAS E GESTAO ADMINISTRATIVA;084782;AOSA ESTAGI;ESTAGIARIOS;0100;RECURSOS ORDINARIOS;1;ORCAMENTO FISCAL;3;DESPESAS CORRENTES;3;OUTRAS DESPESAS CORRENTES;39;OUTROS SERVICOS DE TERCEIROS PJ - OP.INT.ORC.;339039;OUTROS SERVICOS DE TERCEIROS - PESSOA JURIDICA;33903925;TAXA DE ADMINISTRACAO;3;ESTIMATIVO;12;PREGAO;-8;26/01/2018;JAN/2018;2018;070025000012018NE000072;00100033820156078100;PAGTO DA FATURA MES 1/2018. PROMOCAO DE ESTAGIO SUPERVISIONADO DE ESTUDANTES DE ENSINO MEDIO E SUPERIOR NO MES DE JANEIRO/18. EMPRESA ISENTA DE RETENCAO DE IMPOSTOS FEDERAIS E IMUNE DE ISS. PA 8173-03.2016.6.07.8100.;61600839000155;CENTRO DE INTEGRACAO EMPRESA ESCOLA CIE E;;;;;;;;0,00;964,67;;;;;;;;;;964,67;
14107;TRIBUNAL REGIONAL ELEITORAL DO DIST. FEDERAL;070025;TRIBUNAL REGIONAL ELEITORAL DO D. FEDERAL;02122057020GP0053;20GP;JULGAMENTO DE CAUSAS E GESTAO ADMINISTRATIVA NA JUSTICA ELEI;0001;JULGAMENTO DE CAUSAS E GESTAO ADMINISTRATIVA;084782;AOSA ESTAGI;ESTAGIARIOS;0100;RECURSOS ORDINARIOS;1;ORCAMENTO FISCAL;3;DESPESAS CORRENTES;3;OUTRAS DESPESAS CORRENTES;39;OUTROS SERVICOS DE TERCEIROS PJ - OP.INT.ORC.;339039;OUTROS SERVICOS DE TERCEIROS - PESSOA JURIDICA;33903925;TAXA DE ADMINISTRACAO;3;ESTIMATIVO;12;PREGAO;-8;26/01/2018;JAN/2018;2018;070025000012018NE000072;00100033820156078100;PAGTO FATURA 1/2018. PROMOCAO DE ESTAGIO SUPERVISIONADO DE ESTUDANTES DE ENSINO MEDIO E SUPERIOR NO MES DE JANEIRO/18. EMPRESA ISENTA DE RETENCAO DE IMPOSTOS FEDERAIS E IMUNE DE ISS. PA 8173-03.2016.6.07.8100.;61600839000155;CENTRO DE INTEGRACAO EMPRESA ESCOLA CIE E;;;;;;;;0,00;964,67;;;;;;;;;;964,67;
14107;TRIBUNAL REGIONAL ELEITORAL DO DIST. FEDERAL;070025;TRIBUNAL REGIONAL ELEITORAL DO D. FEDERAL;02122057020GP0053;20GP;JULGAMENTO DE CAUSAS E GESTAO ADMINISTRATIVA NA JUSTICA ELEI;0001;JULGAMENTO DE CAUSAS E GESTAO ADMINISTRATIVA;084782;AOSA ESTAGI;ESTAGIARIOS;0100;RECURSOS ORDINARIOS;1;ORCAMENTO FISCAL;3;DESPESAS CORRENTES;3;OUTRAS DESPESAS CORRENTES;39;OUTROS SERVICOS DE TERCEIROS PJ - OP.INT.ORC.;339039;OUTROS SERVICOS DE TERCEIROS - PESSOA JURIDICA;33903965;SERVICOS DE APOIO AO ENSINO;3;ESTIMATIVO;12;PREGAO;-8;03/02/2017;FEV/2017;2017;070025000012017NE000083;00100033820156078100;NAO SE APLICA;61600839000155;CENTRO DE INTEGRACAO EMPRESA ESCOLA CIE E;;;;;;;;;;;;;3.881,70;;;;;3.881,70;;
14107;TRIBUNAL REGIONAL ELEITORAL DO DIST. FEDERAL;070025;TRIBUNAL REGIONAL ELEITORAL DO D. FEDERAL;02122057020GP0053;20GP;JULGAMENTO DE CAUSAS E GESTAO ADMINISTRATIVA NA JUSTICA ELEI;0001;JULGAMENTO DE CAUSAS E GESTAO ADMINISTRATIVA;084782;AOSA ESTAGI;ESTAGIARIOS;0100;RECURSOS ORDINARIOS;1;ORCAMENTO FISCAL;3;DESPESAS CORRENTES;3;OUTRAS DESPESAS CORRENTES;39;OUTROS SERVICOS DE TERCEIROS PJ - OP.INT.ORC.;339039;OUTROS SERVICOS DE TERCEIROS - PESSOA JURIDICA;33903965;SERVICOS DE APOIO AO ENSINO;3;ESTIMATIVO;12;PREGAO;-8;03/02/2017;FEV/2017;2017;070025000012017NE000083;00100033820156078100;PAGTO DA FATURA MES DEZ/2017 (26 A 31). PROMOCAO DE ESTAGIO SUPERVISIONADO DE ESTUDANTES DE ENSINO MEDIO E SUPERIOR. EMPRESA ISENTA DE RETENCAO DE IMPOSTOS FEDERAIS E IMUNE DE ISS. PA 8173-03.2016.6.07.8100.;61600839000155;CENTRO DE INTEGRACAO EMPRESA ESCOLA CIE E;;;;;;;;;;;;;;;;3.881,70;3.881,70;(3.881,70);3.881,70;3.881,70
14107;TRIBUNAL REGIONAL ELEITORAL DO DIST. FEDERAL;070025;TRIBUNAL REGIONAL ELEITORAL DO D. FEDERAL;02122057020GP0053;20GP;JULGAMENTO DE CAUSAS E GESTAO ADMINISTRATIVA NA JUSTICA ELEI;0001;JULGAMENTO DE CAUSAS E GESTAO ADMINISTRATIVA;084782;AOSA ESTAGI;ESTAGIARIOS;0100;RECURSOS ORDINARIOS;1;ORCAMENTO FISCAL;3;DESPESAS CORRENTES;3;OUTRAS DESPESAS CORRENTES;39;OUTROS SERVICOS DE TERCEIROS PJ - OP.INT.ORC.;339039;OUTROS SERVICOS DE TERCEIROS - PESSOA JURIDICA;33903965;SERVICOS DE APOIO AO ENSINO;3;ESTIMATIVO;12;PREGAO;-8;26/01/2018;JAN/2018;2018;070025000012018NE000072;00100033820156078100;16CT0025 - SERVICO DE AGENTE DE INTEGRACAO, DE ACORDO COM O CONTRATO Nº 25/16.TERMO ADITIVO 02. (TAXA DE ADMINISTRACAO E SERVICOS DE APOIO AO ENSINO-ESTAGIOSUPERVISIONADO);61600839000155;CENTRO DE INTEGRACAO EMPRESA ESCOLA CIE E;;;;;;;;485.000,00;;;;;;;;;;;;
14107;TRIBUNAL REGIONAL ELEITORAL DO DIST. FEDERAL;070025;TRIBUNAL REGIONAL ELEITORAL DO D. FEDERAL;02122057020GP0053;20GP;JULGAMENTO DE CAUSAS E GESTAO ADMINISTRATIVA NA JUSTICA ELEI;0001;JULGAMENTO DE CAUSAS E GESTAO ADMINISTRATIVA;084782;AOSA ESTAGI;ESTAGIARIOS;0100;RECURSOS ORDINARIOS;1;ORCAMENTO FISCAL;3;DESPESAS CORRENTES;3;OUTRAS DESPESAS CORRENTES;39;OUTROS SERVICOS DE TERCEIROS PJ - OP.INT.ORC.;339039;OUTROS SERVICOS DE TERCEIROS - PESSOA JURIDICA;33903965;SERVICOS DE APOIO AO ENSINO;3;ESTIMATIVO;12;PREGAO;-8;26/01/2018;JAN/2018;2018;070025000012018NE000072;00100033820156078100;CANCELA;61600839000155;CENTRO DE INTEGRACAO EMPRESA ESCOLA CIE E;;;;;;;;0,00;(71.447,32);;;;;;;;;;(71.447,32);
14107;TRIBUNAL REGIONAL ELEITORAL DO DIST. FEDERAL;070025;TRIBUNAL REGIONAL ELEITORAL DO D. FEDERAL;02122057020GP0053;20GP;JULGAMENTO DE CAUSAS E GESTAO ADMINISTRATIVA NA JUSTICA ELEI;0001;JULGAMENTO DE CAUSAS E GESTAO ADMINISTRATIVA;084782;AOSA ESTAGI;ESTAGIARIOS;0100;RECURSOS ORDINARIOS;1;ORCAMENTO FISCAL;3;DESPESAS CORRENTES;3;OUTRAS DESPESAS CORRENTES;39;OUTROS SERVICOS DE TERCEIROS PJ - OP.INT.ORC.;339039;OUTROS SERVICOS DE TERCEIROS - PESSOA JURIDICA;33903965;SERVICOS DE APOIO AO ENSINO;3;ESTIMATIVO;12;PREGAO;-8;26/01/2018;JAN/2018;2018;070025000012018NE000072;00100033820156078100;CANCELA PARA AJUSTE;61600839000155;CENTRO DE INTEGRACAO EMPRESA ESCOLA CIE E;;;;;;;;0,00;(71.447,32);;;;;;;;;;(71.447,32);
14107;TRIBUNAL REGIONAL ELEITORAL DO DIST. FEDERAL;070025;TRIBUNAL REGIONAL ELEITORAL DO D. FEDERAL;02122057020GP0053;20GP;JULGAMENTO DE CAUSAS E GESTAO ADMINISTRATIVA NA JUSTICA ELEI;0001;JULGAMENTO DE CAUSAS E GESTAO ADMINISTRATIVA;084782;AOSA ESTAGI;ESTAGIARIOS;0100;RECURSOS ORDINARIOS;1;ORCAMENTO FISCAL;3;DESPESAS CORRENTES;3;OUTRAS DESPESAS CORRENTES;39;OUTROS SERVICOS DE TERCEIROS PJ - OP.INT.ORC.;339039;OUTROS SERVICOS DE TERCEIROS - PESSOA JURIDICA;33903965;SERVICOS DE APOIO AO ENSINO;3;ESTIMATIVO;12;PREGAO;-8;26/01/2018;JAN/2018;2018;070025000012018NE000072;00100033820156078100;PAGTO ATURA 1/2018. PROMOCAO DE ESTAGIO SUPERVISIONADO DE ESTUDANTES DE ENSINO MEDIO E SUPERIOR NO MES DE JANEIRO/18. EMPRESA ISENTA DE RETENCAO DE IMPOSTOS FEDERAIS E IMUNE DE ISS. PA 8173-03.2016.6.07.8100.;61600839000155;CENTRO DE INTEGRACAO EMPRESA ESCOLA CIE E;;;;;;;;0,00;35.723,66;;;;;;;;;;35.723,66;
14107;TRIBUNAL REGIONAL ELEITORAL DO DIST. FEDERAL;070025;TRIBUNAL REGIONAL ELEITORAL DO D. FEDERAL;02122057020GP0053;20GP;JULGAMENTO DE CAUSAS E GESTAO ADMINISTRATIVA NA JUSTICA ELEI;0001;JULGAMENTO DE CAUSAS E GESTAO ADMINISTRATIVA;084782;AOSA ESTAGI;ESTAGIARIOS;0100;RECURSOS ORDINARIOS;1;ORCAMENTO FISCAL;3;DESPESAS CORRENTES;3;OUTRAS DESPESAS CORRENTES;39;OUTROS SERVICOS DE TERCEIROS PJ - OP.INT.ORC.;339039;OUTROS SERVICOS DE TERCEIROS - PESSOA JURIDICA;33903965;SERVICOS DE APOIO AO ENSINO;3;ESTIMATIVO;12;PREGAO;-8;26/01/2018;JAN/2018;2018;070025000012018NE000072;00100033820156078100;PAGTO DA FATURA 1/2018. PROMOCAO DE ESTAGIO SUPERVISIONADO DE ESTUDANTES DE ENSINO MEDIO E SUPERIOR NO MES DE JANEIRO/18. EMPRESA ISENTA DE RETENCAO DE IMPOSTOS FEDERAIS E IMUNE DE ISS. PA 8173-03.2016.6.07.8100.;61600839000155;CENTRO DE INTEGRACAO EMPRESA ESCOLA CIE E;;;;;;;;0,00;71.447,32;35.723,66;;;;;;;;;71.447,32;35.723,66
14107;TRIBUNAL REGIONAL ELEITORAL DO DIST. FEDERAL;070025;TRIBUNAL REGIONAL ELEITORAL DO D. FEDERAL;02122057020GP0053;20GP;JULGAMENTO DE CAUSAS E GESTAO ADMINISTRATIVA NA JUSTICA ELEI;0001;JULGAMENTO DE CAUSAS E GESTAO ADMINISTRATIVA;084782;AOSA ESTAGI;ESTAGIARIOS;0100;RECURSOS ORDINARIOS;1;ORCAMENTO FISCAL;3;DESPESAS CORRENTES;3;OUTRAS DESPESAS CORRENTES;39;OUTROS SERVICOS DE TERCEIROS PJ - OP.INT.ORC.;339039;OUTROS SERVICOS DE TERCEIROS - PESSOA JURIDICA;33903965;SERVICOS DE APOIO AO ENSINO;3;ESTIMATIVO;12;PREGAO;-8;26/01/2018;JAN/2018;2018;070025000012018NE000072;00100033820156078100;PAGTO DA FATURA 2/2018. PROMOCAO DE ESTAGIO SUPERVISIONADO DE ESTUDANTES DE ENSINO MEDIO E SUPERIOR NO MES DE FEVEREIRO/18. EMPRESA ISENTA DE RETENCAO DE IMPOSTOS FEDERAIS E IMUNE DE ISS. PA 8173-03.2016.6.07.8100.;61600839000155;CENTRO DE INTEGRACAO EMPRESA ESCOLA CIE E;;;;;;;;0,00;36.430,29;36.430,29;;;;;;;;;36.430,29;36.430,29
14107;TRIBUNAL REGIONAL ELEITORAL DO DIST. FEDERAL;070025;TRIBUNAL REGIONAL ELEITORAL DO D. FEDERAL;02122057020GP0053;20GP;JULGAMENTO DE CAUSAS E GESTAO ADMINISTRATIVA NA JUSTICA ELEI;0001;JULGAMENTO DE CAUSAS E GESTAO ADMINISTRATIVA;084782;AOSA ESTAGI;ESTAGIARIOS;0100;RECURSOS ORDINARIOS;1;ORCAMENTO FISCAL;3;DESPESAS CORRENTES;3;OUTRAS DESPESAS CORRENTES;39;OUTROS SERVICOS DE TERCEIROS PJ - OP.INT.ORC.;339039;OUTROS SERVICOS DE TERCEIROS - PESSOA JURIDICA;33903965;SERVICOS DE APOIO AO ENSINO;3;ESTIMATIVO;12;PREGAO;-8;26/01/2018;JAN/2018;2018;070025000012018NE000072;00100033820156078100;PAGTO DA FATURA 3/2018. PROMOCAO DE ESTAGIO SUPERVISIONADO DE ESTUDANTES DE ENSINO MEDIO E SUPERIOR NO MES DE MARCO/18. EMPRESA ISENTA DE RETENCAO DE IMPOSTOS FEDERAIS E IMUNE DE ISS. PA 8173-03.2016.6.07.8100.;61600839000155;CENTRO DE INTEGRACAO EMPRESA ESCOLA CIE E;;;;;;;;0,00;43.785,34;43.785,34;;;;;;;;;43.785,34;43.785,34
14107;TRIBUNAL REGIONAL ELEITORAL DO DIST. FEDERAL;070025;TRIBUNAL REGIONAL ELEITORAL DO D. FEDERAL;02122057020GP0053;20GP;JULGAMENTO DE CAUSAS E GESTAO ADMINISTRATIVA NA JUSTICA ELEI;0001;JULGAMENTO DE CAUSAS E GESTAO ADMINISTRATIVA;084782;AOSA ESTAGI;ESTAGIARIOS;0100;RECURSOS ORDINARIOS;1;ORCAMENTO FISCAL;3;DESPESAS CORRENTES;3;OUTRAS DESPESAS CORRENTES;39;OUTROS SERVICOS DE TERCEIROS PJ - OP.INT.ORC.;339039;OUTROS SERVICOS DE TERCEIROS - PESSOA JURIDICA;33903965;SERVICOS DE APOIO AO ENSINO;3;ESTIMATIVO;12;PREGAO;-8;26/01/2018;JAN/2018;2018;070025000012018NE000072;00100033820156078100;PAGTO DA FATURA 4/2018. PROMOCAO DE ESTAGIO SUPERVISIONADO DE ESTUDANTES DE ENSINO MEDIO E SUPERIOR NO MES DE ABRIL/18. EMPRESA ISENTA DE RETENCAO DE IMPOSTOS FEDERAIS E IMUNE DE ISS. PA 8173-03.2016.6.07.8100.;61600839000155;CENTRO DE INTEGRACAO EMPRESA ESCOLA CIE E;;;;;;;;0,00;45.862,67;45.862,67;;;;;;;;;45.862,67;45.862,67
14107;TRIBUNAL REGIONAL ELEITORAL DO DIST. FEDERAL;070025;TRIBUNAL REGIONAL ELEITORAL DO D. FEDERAL;02122057020GP0053;20GP;JULGAMENTO DE CAUSAS E GESTAO ADMINISTRATIVA NA JUSTICA ELEI;0001;JULGAMENTO DE CAUSAS E GESTAO ADMINISTRATIVA;084782;AOSA ESTAGI;ESTAGIARIOS;0100;RECURSOS ORDINARIOS;1;ORCAMENTO FISCAL;3;DESPESAS CORRENTES;3;OUTRAS DESPESAS CORRENTES;39;OUTROS SERVICOS DE TERCEIROS PJ - OP.INT.ORC.;339039;OUTROS SERVICOS DE TERCEIROS - PESSOA JURIDICA;33903965;SERVICOS DE APOIO AO ENSINO;3;ESTIMATIVO;12;PREGAO;-8;26/01/2018;JAN/2018;2018;070025000012018NE000072;00100033820156078100;PAGTO DA FATURA MES 1/2018. PROMOCAO DE ESTAGIO SUPERVISIONADO DE ESTUDANTES DE ENSINO MEDIO E SUPERIOR NO MES DE JANEIRO/18. EMPRESA ISENTA DE RETENCAO DE IMPOSTOS FEDERAIS E IMUNE DE ISS. PA 8173-03.2016.6.07.8100.;61600839000155;CENTRO DE INTEGRACAO EMPRESA ESCOLA CIE E;;;;;;;;0,00;35.723,66;;;;;;;;;;35.723,66;
14107;TRIBUNAL REGIONAL ELEITORAL DO DIST. FEDERAL;070025;TRIBUNAL REGIONAL ELEITORAL DO D. FEDERAL;02122057020GP0053;20GP;JULGAMENTO DE CAUSAS E GESTAO ADMINISTRATIVA NA JUSTICA ELEI;0001;JULGAMENTO DE CAUSAS E GESTAO ADMINISTRATIVA;084782;AOSA ESTAGI;ESTAGIARIOS;0100;RECURSOS ORDINARIOS;1;ORCAMENTO FISCAL;3;DESPESAS CORRENTES;3;OUTRAS DESPESAS CORRENTES;39;OUTROS SERVICOS DE TERCEIROS PJ - OP.INT.ORC.;339039;OUTROS SERVICOS DE TERCEIROS - PESSOA JURIDICA;33903965;SERVICOS DE APOIO AO ENSINO;3;ESTIMATIVO;12;PREGAO;-8;26/01/2018;JAN/2018;2018;070025000012018NE000072;00100033820156078100;PAGTO FATURA 1/2018. PROMOCAO DE ESTAGIO SUPERVISIONADO DE ESTUDANTES DE ENSINO MEDIO E SUPERIOR NO MES DE JANEIRO/18. EMPRESA ISENTA DE RETENCAO DE IMPOSTOS FEDERAIS E IMUNE DE ISS. PA 8173-03.2016.6.07.8100.;61600839000155;CENTRO DE INTEGRACAO EMPRESA ESCOLA CIE E;;;;;;;;0,00;35.723,66;;;;;;;;;;35.723,66;
14107;TRIBUNAL REGIONAL ELEITORAL DO DIST. FEDERAL;070025;TRIBUNAL REGIONAL ELEITORAL DO D. FEDERAL;02122057020GP0053;20GP;JULGAMENTO DE CAUSAS E GESTAO ADMINISTRATIVA NA JUSTICA ELEI;0001;JULGAMENTO DE CAUSAS E GESTAO ADMINISTRATIVA;084782;AOSA ESTAGI;ESTAGIARIOS;0100;RECURSOS ORDINARIOS;1;ORCAMENTO FISCAL;3;DESPESAS CORRENTES;3;OUTRAS DESPESAS CORRENTES;49;AUXILIO-TRANSPORTE;339049;AUXILIO-TRANSPORTE;339049-9;NAO SE APLICA;-9;NAO SE APLICA;-9;NAO SE APLICA;-9;NAO SE APLICA;NAO SE APLICA;-9;-9;-9;16CT0025 - SERVICO DE AGENTE DE INTEGRACAO, DE ACORDO COM O CONTRATO Nº 25/16.TERMO ADITIVO 02. (AUXILIO-TRANSPORTE - ESTAGIO SUPERVISIONADO).;-9;NAO SE APLICA;;;;;(132.960,00);;;;;;;;;;;;;;;
14107;TRIBUNAL REGIONAL ELEITORAL DO DIST. FEDERAL;070025;TRIBUNAL REGIONAL ELEITORAL DO D. FEDERAL;02122057020GP0053;20GP;JULGAMENTO DE CAUSAS E GESTAO ADMINISTRATIVA NA JUSTICA ELEI;0001;JULGAMENTO DE CAUSAS E GESTAO ADMINISTRATIVA;084782;AOSA ESTAGI;ESTAGIARIOS;0100;RECURSOS ORDINARIOS;1;ORCAMENTO FISCAL;3;DESPESAS CORRENTES;3;OUTRAS DESPESAS CORRENTES;49;AUXILIO-TRANSPORTE;339049;AUXILIO-TRANSPORTE;339049-9;NAO SE APLICA;-9;NAO SE APLICA;-9;NAO SE APLICA;-9;NAO SE APLICA;NAO SE APLICA;-9;-9;-9;ALTERACAO PARA EMISSAO DE NE - SERVICO DE AGENTE DE INTEGRACAO, DE ACORDO COM O CONTRATO Nº 25/16 (AUXILIO-TRANSPORTE). (PA 0010003-38.2015.6.07.8100);-9;NAO SE APLICA;132.960,00;132.960,00;;;132.960,00;;;;;;;;;;;;;;;
14107;TRIBUNAL REGIONAL ELEITORAL DO DIST. FEDERAL;070025;TRIBUNAL REGIONAL ELEITORAL DO D. FEDERAL;02122057020GP0053;20GP;JULGAMENTO DE CAUSAS E GESTAO ADMINISTRATIVA NA JUSTICA ELEI;0001;JULGAMENTO DE CAUSAS E GESTAO ADMINISTRATIVA;084782;AOSA ESTAGI;ESTAGIARIOS;0100;RECURSOS ORDINARIOS;1;ORCAMENTO FISCAL;3;DESPESAS CORRENTES;3;OUTRAS DESPESAS CORRENTES;49;AUXILIO-TRANSPORTE;339049;AUXILIO-TRANSPORTE;33904903;AUXILIO-TRANSPORTE ESTAGIARIOS;3;ESTIMATIVO;12;PREGAO;-8;03/02/2017;FEV/2017;2017;070025000012017NE000084;00100033820156078100;16CT0025 - SERVICO DE AGENTE DE INTEGRACAO, DE ACORDO COM O CONTRATO Nº 25/16 (AUXILIO-TRANSPORTE - ESTAGIO SUPERVISIONADO).                                CANCELAMENTO DO SALDO REMANESCENTE INSCRITO EM RESTO A PAGAR.;61600839000155;CENTRO DE INTEGRACAO EMPRESA ESCOLA CIE E;;;;;;;;;;;;;;;4.443,54;;;(4.443,54);;
14107;TRIBUNAL REGIONAL ELEITORAL DO DIST. FEDERAL;070025;TRIBUNAL REGIONAL ELEITORAL DO D. FEDERAL;02122057020GP0053;20GP;JULGAMENTO DE CAUSAS E GESTAO ADMINISTRATIVA NA JUSTICA ELEI;0001;JULGAMENTO DE CAUSAS E GESTAO ADMINISTRATIVA;084782;AOSA ESTAGI;ESTAGIARIOS;0100;RECURSOS ORDINARIOS;1;ORCAMENTO FISCAL;3;DESPESAS CORRENTES;3;OUTRAS DESPESAS CORRENTES;49;AUXILIO-TRANSPORTE;339049;AUXILIO-TRANSPORTE;33904903;AUXILIO-TRANSPORTE ESTAGIARIOS;3;ESTIMATIVO;12;PREGAO;-8;03/02/2017;FEV/2017;2017;070025000012017NE000084;00100033820156078100;NAO SE APLICA;61600839000155;CENTRO DE INTEGRACAO EMPRESA ESCOLA CIE E;;;;;;;;;;;;;8.170,00;;;;;8.170,00;;
14107;TRIBUNAL REGIONAL ELEITORAL DO DIST. FEDERAL;070025;TRIBUNAL REGIONAL ELEITORAL DO D. FEDERAL;02122057020GP0053;20GP;JULGAMENTO DE CAUSAS E GESTAO ADMINISTRATIVA NA JUSTICA ELEI;0001;JULGAMENTO DE CAUSAS E GESTAO ADMINISTRATIVA;084782;AOSA ESTAGI;ESTAGIARIOS;0100;RECURSOS ORDINARIOS;1;ORCAMENTO FISCAL;3;DESPESAS CORRENTES;3;OUTRAS DESPESAS CORRENTES;49;AUXILIO-TRANSPORTE;339049;AUXILIO-TRANSPORTE;33904903;AUXILIO-TRANSPORTE ESTAGIARIOS;3;ESTIMATIVO;12;PREGAO;-8;03/02/2017;FEV/2017;2017;070025000012017NE000084;00100033820156078100;PAGTO DA FATURA MES DEZ/2017 (26 A 31). PROMOCAO DE ESTAGIO SUPERVISIONADO DE ESTUDANTES DE ENSINO MEDIO E SUPERIOR. EMPRESA ISENTA DE RETENCAO DE IMPOSTOS FEDERAIS E IMUNE DE ISS. PA 8173-03.2016.6.07.8100.;61600839000155;CENTRO DE INTEGRACAO EMPRESA ESCOLA CIE E;;;;;;;;;;;;;;;;3.726,46;3.726,46;(3.726,46);3.726,46;3.726,46
14107;TRIBUNAL REGIONAL ELEITORAL DO DIST. FEDERAL;070025;TRIBUNAL REGIONAL ELEITORAL DO D. FEDERAL;02122057020GP0053;20GP;JULGAMENTO DE CAUSAS E GESTAO ADMINISTRATIVA NA JUSTICA ELEI;0001;JULGAMENTO DE CAUSAS E GESTAO ADMINISTRATIVA;084782;AOSA ESTAGI;ESTAGIARIOS;0100;RECURSOS ORDINARIOS;1;ORCAMENTO FISCAL;3;DESPESAS CORRENTES;3;OUTRAS DESPESAS CORRENTES;49;AUXILIO-TRANSPORTE;339049;AUXILIO-TRANSPORTE;33904903;AUXILIO-TRANSPORTE ESTAGIARIOS;3;ESTIMATIVO;12;PREGAO;-8;26/01/2018;JAN/2018;2018;070025000012018NE000073;00100033820156078100;16CT0025 - SERVICO DE AGENTE DE INTEGRACAO, DE ACORDO COM O CONTRATO Nº 25/16.TERMO ADITIVO 02. (AUXILIO-TRANSPORTE - ESTAGIO SUPERVISIONADO).;61600839000155;CENTRO DE INTEGRACAO EMPRESA ESCOLA CIE E;;;;;;;;132.960,00;;;;;;;;;;;;
14107;TRIBUNAL REGIONAL ELEITORAL DO DIST. FEDERAL;070025;TRIBUNAL REGIONAL ELEITORAL DO D. FEDERAL;02122057020GP0053;20GP;JULGAMENTO DE CAUSAS E GESTAO ADMINISTRATIVA NA JUSTICA ELEI;0001;JULGAMENTO DE CAUSAS E GESTAO ADMINISTRATIVA;084782;AOSA ESTAGI;ESTAGIARIOS;0100;RECURSOS ORDINARIOS;1;ORCAMENTO FISCAL;3;DESPESAS CORRENTES;3;OUTRAS DESPESAS CORRENTES;49;AUXILIO-TRANSPORTE;339049;AUXILIO-TRANSPORTE;33904903;AUXILIO-TRANSPORTE ESTAGIARIOS;3;ESTIMATIVO;12;PREGAO;-8;26/01/2018;JAN/2018;2018;070025000012018NE000073;00100033820156078100;CANCELA;61600839000155;CENTRO DE INTEGRACAO EMPRESA ESCOLA CIE E;;;;;;;;0,00;(15.320,00);;;;;;;;;;(15.320,00);
14107;TRIBUNAL REGIONAL ELEITORAL DO DIST. FEDERAL;070025;TRIBUNAL REGIONAL ELEITORAL DO D. FEDERAL;02122057020GP0053;20GP;JULGAMENTO DE CAUSAS E GESTAO ADMINISTRATIVA NA JUSTICA ELEI;0001;JULGAMENTO DE CAUSAS E GESTAO ADMINISTRATIVA;084782;AOSA ESTAGI;ESTAGIARIOS;0100;RECURSOS ORDINARIOS;1;ORCAMENTO FISCAL;3;DESPESAS CORRENTES;3;OUTRAS DESPESAS CORRENTES;49;AUXILIO-TRANSPORTE;339049;AUXILIO-TRANSPORTE;33904903;AUXILIO-TRANSPORTE ESTAGIARIOS;3;ESTIMATIVO;12;PREGAO;-8;26/01/2018;JAN/2018;2018;070025000012018NE000073;00100033820156078100;CANCELA PARA AJUSTE;61600839000155;CENTRO DE INTEGRACAO EMPRESA ESCOLA CIE E;;;;;;;;0,00;(8.624,67);;;;;;;;;;(8.624,67);
14107;TRIBUNAL REGIONAL ELEITORAL DO DIST. FEDERAL;070025;TRIBUNAL REGIONAL ELEITORAL DO D. FEDERAL;02122057020GP0053;20GP;JULGAMENTO DE CAUSAS E GESTAO ADMINISTRATIVA NA JUSTICA ELEI;0001;JULGAMENTO DE CAUSAS E GESTAO ADMINISTRATIVA;084782;AOSA ESTAGI;ESTAGIARIOS;0100;RECURSOS ORDINARIOS;1;ORCAMENTO FISCAL;3;DESPESAS CORRENTES;3;OUTRAS DESPESAS CORRENTES;49;AUXILIO-TRANSPORTE;339049;AUXILIO-TRANSPORTE;33904903;AUXILIO-TRANSPORTE ESTAGIARIOS;3;ESTIMATIVO;12;PREGAO;-8;26/01/2018;JAN/2018;2018;070025000012018NE000073;00100033820156078100;PAGTO ATURA 1/2018. PROMOCAO DE ESTAGIO SUPERVISIONADO DE ESTUDANTES DE ENSINO MEDIO E SUPERIOR NO MES DE JANEIRO/18. EMPRESA ISENTA DE RETENCAO DE IMPOSTOS FEDERAIS E IMUNE DE ISS. PA 8173-03.2016.6.07.8100.;61600839000155;CENTRO DE INTEGRACAO EMPRESA ESCOLA CIE E;;;;;;;;0,00;7.660,00;;;;;;;;;;7.660,00;
14107;TRIBUNAL REGIONAL ELEITORAL DO DIST. FEDERAL;070025;TRIBUNAL REGIONAL ELEITORAL DO D. FEDERAL;02122057020GP0053;20GP;JULGAMENTO DE CAUSAS E GESTAO ADMINISTRATIVA NA JUSTICA ELEI;0001;JULGAMENTO DE CAUSAS E GESTAO ADMINISTRATIVA;084782;AOSA ESTAGI;ESTAGIARIOS;0100;RECURSOS ORDINARIOS;1;ORCAMENTO FISCAL;3;DESPESAS CORRENTES;3;OUTRAS DESPESAS CORRENTES;49;AUXILIO-TRANSPORTE;339049;AUXILIO-TRANSPORTE;33904903;AUXILIO-TRANSPORTE ESTAGIARIOS;3;ESTIMATIVO;12;PREGAO;-8;26/01/2018;JAN/2018;2018;070025000012018NE000073;00100033820156078100;PAGTO DA FATURA 1/2018. PROMOCAO DE ESTAGIO SUPERVISIONADO DE ESTUDANTES DE ENSINO MEDIO E SUPERIOR NO MES DE JANEIRO/18. EMPRESA ISENTA DE RETENCAO DE IMPOSTOS FEDERAIS E IMUNE DE ISS. PA 8173-03.2016.6.07.8100.;61600839000155;CENTRO DE INTEGRACAO EMPRESA ESCOLA CIE E;;;;;;;;0,00;8.624,67;7.660,00;;;;;;;;;8.624,67;7.660,00
14107;TRIBUNAL REGIONAL ELEITORAL DO DIST. FEDERAL;070025;TRIBUNAL REGIONAL ELEITORAL DO D. FEDERAL;02122057020GP0053;20GP;JULGAMENTO DE CAUSAS E GESTAO ADMINISTRATIVA NA JUSTICA ELEI;0001;JULGAMENTO DE CAUSAS E GESTAO ADMINISTRATIVA;084782;AOSA ESTAGI;ESTAGIARIOS;0100;RECURSOS ORDINARIOS;1;ORCAMENTO FISCAL;3;DESPESAS CORRENTES;3;OUTRAS DESPESAS CORRENTES;49;AUXILIO-TRANSPORTE;339049;AUXILIO-TRANSPORTE;33904903;AUXILIO-TRANSPORTE ESTAGIARIOS;3;ESTIMATIVO;12;PREGAO;-8;26/01/2018;JAN/2018;2018;070025000012018NE000073;00100033820156078100;PAGTO DA FATURA 2/2018. PROMOCAO DE ESTAGIO SUPERVISIONADO DE ESTUDANTES DE ENSINO MEDIO E SUPERIOR NO MES DE FEVEREIRO/18. EMPRESA ISENTA DE RETENCAO DE IMPOSTOS FEDERAIS E IMUNE DE ISS. PA 8173-03.2016.6.07.8100.;61600839000155;CENTRO DE INTEGRACAO EMPRESA ESCOLA CIE E;;;;;;;;0,00;8.500,00;8.500,00;;;;;;;;;8.500,00;8.500,00
14107;TRIBUNAL REGIONAL ELEITORAL DO DIST. FEDERAL;070025;TRIBUNAL REGIONAL ELEITORAL DO D. FEDERAL;02122057020GP0053;20GP;JULGAMENTO DE CAUSAS E GESTAO ADMINISTRATIVA NA JUSTICA ELEI;0001;JULGAMENTO DE CAUSAS E GESTAO ADMINISTRATIVA;084782;AOSA ESTAGI;ESTAGIARIOS;0100;RECURSOS ORDINARIOS;1;ORCAMENTO FISCAL;3;DESPESAS CORRENTES;3;OUTRAS DESPESAS CORRENTES;49;AUXILIO-TRANSPORTE;339049;AUXILIO-TRANSPORTE;33904903;AUXILIO-TRANSPORTE ESTAGIARIOS;3;ESTIMATIVO;12;PREGAO;-8;26/01/2018;JAN/2018;2018;070025000012018NE000073;00100033820156078100;PAGTO DA FATURA 3/2018. PROMOCAO DE ESTAGIO SUPERVISIONADO DE ESTUDANTES DE ENSINO MEDIO E SUPERIOR NO MES DE MARCO/18. EMPRESA ISENTA DE RETENCAO DE IMPOSTOS FEDERAIS E IMUNE DE ISS. PA 8173-03.2016.6.07.8100.;61600839000155;CENTRO DE INTEGRACAO EMPRESA ESCOLA CIE E;;;;;;;;0,00;11.230,00;11.230,00;;;;;;;;;11.230,00;11.230,00
14107;TRIBUNAL REGIONAL ELEITORAL DO DIST. FEDERAL;070025;TRIBUNAL REGIONAL ELEITORAL DO D. FEDERAL;02122057020GP0053;20GP;JULGAMENTO DE CAUSAS E GESTAO ADMINISTRATIVA NA JUSTICA ELEI;0001;JULGAMENTO DE CAUSAS E GESTAO ADMINISTRATIVA;084782;AOSA ESTAGI;ESTAGIARIOS;0100;RECURSOS ORDINARIOS;1;ORCAMENTO FISCAL;3;DESPESAS CORRENTES;3;OUTRAS DESPESAS CORRENTES;49;AUXILIO-TRANSPORTE;339049;AUXILIO-TRANSPORTE;33904903;AUXILIO-TRANSPORTE ESTAGIARIOS;3;ESTIMATIVO;12;PREGAO;-8;26/01/2018;JAN/2018;2018;070025000012018NE000073;00100033820156078100;PAGTO DA FATURA 4/2018. PROMOCAO DE ESTAGIO SUPERVISIONADO DE ESTUDANTES DE ENSINO MEDIO E SUPERIOR NO MES DE ABRIL/18. EMPRESA ISENTA DE RETENCAO DE IMPOSTOS FEDERAIS E IMUNE DE ISS. PA 8173-03.2016.6.07.8100.;61600839000155;CENTRO DE INTEGRACAO EMPRESA ESCOLA CIE E;;;;;;;;0,00;13.100,00;13.100,00;;;;;;;;;13.100,00;13.100,00
14107;TRIBUNAL REGIONAL ELEITORAL DO DIST. FEDERAL;070025;TRIBUNAL REGIONAL ELEITORAL DO D. FEDERAL;02122057020GP0053;20GP;JULGAMENTO DE CAUSAS E GESTAO ADMINISTRATIVA NA JUSTICA ELEI;0001;JULGAMENTO DE CAUSAS E GESTAO ADMINISTRATIVA;084782;AOSA ESTAGI;ESTAGIARIOS;0100;RECURSOS ORDINARIOS;1;ORCAMENTO FISCAL;3;DESPESAS CORRENTES;3;OUTRAS DESPESAS CORRENTES;49;AUXILIO-TRANSPORTE;339049;AUXILIO-TRANSPORTE;33904903;AUXILIO-TRANSPORTE ESTAGIARIOS;3;ESTIMATIVO;12;PREGAO;-8;26/01/2018;JAN/2018;2018;070025000012018NE000073;00100033820156078100;PAGTO DA FATURA MES 1/2018. PROMOCAO DE ESTAGIO SUPERVISIONADO DE ESTUDANTES DE ENSINO MEDIO E SUPERIOR NO MES DE JANEIRO/18. EMPRESA ISENTA DE RETENCAO DE IMPOSTOS FEDERAIS E IMUNE DE ISS. PA 8173-03.2016.6.07.8100.;61600839000155;CENTRO DE INTEGRACAO EMPRESA ESCOLA CIE E;;;;;;;;0,00;7.660,00;;;;;;;;;;7.660,00;
14107;TRIBUNAL REGIONAL ELEITORAL DO DIST. FEDERAL;070025;TRIBUNAL REGIONAL ELEITORAL DO D. FEDERAL;02122057020GP0053;20GP;JULGAMENTO DE CAUSAS E GESTAO ADMINISTRATIVA NA JUSTICA ELEI;0001;JULGAMENTO DE CAUSAS E GESTAO ADMINISTRATIVA;084782;AOSA ESTAGI;ESTAGIARIOS;0100;RECURSOS ORDINARIOS;1;ORCAMENTO FISCAL;3;DESPESAS CORRENTES;3;OUTRAS DESPESAS CORRENTES;49;AUXILIO-TRANSPORTE;339049;AUXILIO-TRANSPORTE;33904903;AUXILIO-TRANSPORTE ESTAGIARIOS;3;ESTIMATIVO;12;PREGAO;-8;26/01/2018;JAN/2018;2018;070025000012018NE000073;00100033820156078100;PAGTO FATURA 1/2018. PROMOCAO DE ESTAGIO SUPERVISIONADO DE ESTUDANTES DE ENSINO MEDIO E SUPERIOR NO MES DE JANEIRO/18. EMPRESA ISENTA DE RETENCAO DE IMPOSTOS FEDERAIS E IMUNE DE ISS. PA 8173-03.2016.6.07.8100.;61600839000155;CENTRO DE INTEGRACAO EMPRESA ESCOLA CIE E;;;;;;;;0,00;7.660,00;;;;;;;;;;7.660,00;
14107;TRIBUNAL REGIONAL ELEITORAL DO DIST. FEDERAL;070025;TRIBUNAL REGIONAL ELEITORAL DO D. FEDERAL;02122057020GP0053;20GP;JULGAMENTO DE CAUSAS E GESTAO ADMINISTRATIVA NA JUSTICA ELEI;0001;JULGAMENTO DE CAUSAS E GESTAO ADMINISTRATIVA;084782;AOSA EVENTO;EVENTOS;0100;RECURSOS ORDINARIOS;1;ORCAMENTO FISCAL;3;DESPESAS CORRENTES;3;OUTRAS DESPESAS CORRENTES;30;MATERIAL DE CONSUMO;339030;MATERIAL DE CONSUMO;339030-9;NAO SE APLICA;-9;NAO SE APLICA;-9;NAO SE APLICA;-9;NAO SE APLICA;NAO SE APLICA;-9;-9;-9;18CT0006 - FORNECIMENTO DE ARRANJOS FLORAIS NATURAIS, CONFORME CONTRATO Nº 06/2018 (PREGAO ELETRONICO Nº 03/2018).;-9;NAO SE APLICA;;;;;(15.000,00);;;;;;;;;;;;;;;
14107;TRIBUNAL REGIONAL ELEITORAL DO DIST. FEDERAL;070025;TRIBUNAL REGIONAL ELEITORAL DO D. FEDERAL;02122057020GP0053;20GP;JULGAMENTO DE CAUSAS E GESTAO ADMINISTRATIVA NA JUSTICA ELEI;0001;JULGAMENTO DE CAUSAS E GESTAO ADMINISTRATIVA;084782;AOSA EVENTO;EVENTOS;0100;RECURSOS ORDINARIOS;1;ORCAMENTO FISCAL;3;DESPESAS CORRENTES;3;OUTRAS DESPESAS CORRENTES;30;MATERIAL DE CONSUMO;339030;MATERIAL DE CONSUMO;339030-9;NAO SE APLICA;-9;NAO SE APLICA;-9;NAO SE APLICA;-9;NAO SE APLICA;NAO SE APLICA;-9;-9;-9;ALTERACAO PARA EMISSAO DE PE - ARRANJOS FLORAIS (PA 0004753-53.2017.6.07.8100);-9;NAO SE APLICA;15.000,00;15.000,00;;;15.000,00;;;;;;;;;;;;;;;
14107;TRIBUNAL REGIONAL ELEITORAL DO DIST. FEDERAL;070025;TRIBUNAL REGIONAL ELEITORAL DO D. FEDERAL;02122057020GP0053;20GP;JULGAMENTO DE CAUSAS E GESTAO ADMINISTRATIVA NA JUSTICA ELEI;0001;JULGAMENTO DE CAUSAS E GESTAO ADMINISTRATIVA;084782;AOSA EVENTO;EVENTOS;0100;RECURSOS ORDINARIOS;1;ORCAMENTO FISCAL;3;DESPESAS CORRENTES;3;OUTRAS DESPESAS CORRENTES;30;MATERIAL DE CONSUMO;339030;MATERIAL DE CONSUMO;339030-9;NAO SE APLICA;-9;NAO SE APLICA;-9;NAO SE APLICA;-9;NAO SE APLICA;NAO SE APLICA;-9;-9;-9;ARRANJOS FLORAIS (PA 0004753-53.2017.6.07.8100);-9;NAO SE APLICA;;;;;(15.000,00);15.000,00;15.000,00;;;;;;;;;;;;;
14107;TRIBUNAL REGIONAL ELEITORAL DO DIST. FEDERAL;070025;TRIBUNAL REGIONAL ELEITORAL DO D. FEDERAL;02122057020GP0053;20GP;JULGAMENTO DE CAUSAS E GESTAO ADMINISTRATIVA NA JUSTICA ELEI;0001;JULGAMENTO DE CAUSAS E GESTAO ADMINISTRATIVA;084782;AOSA EVENTO;EVENTOS;0100;RECURSOS ORDINARIOS;1;ORCAMENTO FISCAL;3;DESPESAS CORRENTES;3;OUTRAS DESPESAS CORRENTES;30;MATERIAL DE CONSUMO;339030;MATERIAL DE CONSUMO;339030-9;NAO SE APLICA;-9;NAO SE APLICA;-9;NAO SE APLICA;-9;NAO SE APLICA;NAO SE APLICA;-9;-9;-9;ARRANJOS FLORAIS (PA 0004753-53.2017.6.07.8100)                               ANULACAO PARA EMISSAO DE NE.;-9;NAO SE APLICA;;;;;15.000,00;(15.000,00);(15.000,00);;;;;;;;;;;;;
14107;TRIBUNAL REGIONAL ELEITORAL DO DIST. FEDERAL;070025;TRIBUNAL REGIONAL ELEITORAL DO D. FEDERAL;02122057020GP0053;20GP;JULGAMENTO DE CAUSAS E GESTAO ADMINISTRATIVA NA JUSTICA ELEI;0001;JULGAMENTO DE CAUSAS E GESTAO ADMINISTRATIVA;084782;AOSA EVENTO;EVENTOS;0100;RECURSOS ORDINARIOS;1;ORCAMENTO FISCAL;3;DESPESAS CORRENTES;3;OUTRAS DESPESAS CORRENTES;30;MATERIAL DE CONSUMO;339030;MATERIAL DE CONSUMO;33903015;MATERIAL P/ FESTIVIDADES E HOMENAGENS;3;ESTIMATIVO;12;PREGAO;-8;21/02/2018;FEV/2018;2018;070025000012018NE000119;00047535320176078100;18CT0006 - FORNECIMENTO DE ARRANJOS FLORAIS NATURAIS, CONFORME CONTRATO Nº 06/2018 (PREGAO ELETRONICO Nº 03/2018).;10432571000159;COPATT COMERCIO E SERVICOS PERSONALIZADOS LTDA - EPP;;;;;;;;15.000,00;;;;;;;;;;;;
14107;TRIBUNAL REGIONAL ELEITORAL DO DIST. FEDERAL;070025;TRIBUNAL REGIONAL ELEITORAL DO D. FEDERAL;02122057020GP0053;20GP;JULGAMENTO DE CAUSAS E GESTAO ADMINISTRATIVA NA JUSTICA ELEI;0001;JULGAMENTO DE CAUSAS E GESTAO ADMINISTRATIVA;084782;AOSA EVENTO;EVENTOS;0100;RECURSOS ORDINARIOS;1;ORCAMENTO FISCAL;3;DESPESAS CORRENTES;3;OUTRAS DESPESAS CORRENTES;30;MATERIAL DE CONSUMO;339030;MATERIAL DE CONSUMO;33903015;MATERIAL P/ FESTIVIDADES E HOMENAGENS;3;ESTIMATIVO;12;PREGAO;-8;21/02/2018;FEV/2018;2018;070025000012018NE000119;00047535320176078100;INFORMACAO ERRADA;10432571000159;COPATT COMERCIO E SERVICOS PERSONALIZADOS LTDA - EPP;;;;;;;;0,00;(1.471,94);(1.471,94);;;;;;;;;(1.471,94);(1.471,94)
14107;TRIBUNAL REGIONAL ELEITORAL DO DIST. FEDERAL;070025;TRIBUNAL REGIONAL ELEITORAL DO D. FEDERAL;02122057020GP0053;20GP;JULGAMENTO DE CAUSAS E GESTAO ADMINISTRATIVA NA JUSTICA ELEI;0001;JULGAMENTO DE CAUSAS E GESTAO ADMINISTRATIVA;084782;AOSA EVENTO;EVENTOS;0100;RECURSOS ORDINARIOS;1;ORCAMENTO FISCAL;3;DESPESAS CORRENTES;3;OUTRAS DESPESAS CORRENTES;30;MATERIAL DE CONSUMO;339030;MATERIAL DE CONSUMO;33903015;MATERIAL P/ FESTIVIDADES E HOMENAGENS;3;ESTIMATIVO;12;PREGAO;-8;21/02/2018;FEV/2018;2018;070025000012018NE000119;00047535320176078100;PAGTO NF 2489. SERVICOS DE LAVANDERIA, MARCO/2018. RETENCAO 3,84 ISS (R$ 28,65). PA 0186-13.2016;10432571000159;COPATT COMERCIO E SERVICOS PERSONALIZADOS LTDA - EPP;;;;;;;;0,00;0,00;1.471,94;;;;;;;;;0,00;1.471,94
14107;TRIBUNAL REGIONAL ELEITORAL DO DIST. FEDERAL;070025;TRIBUNAL REGIONAL ELEITORAL DO D. FEDERAL;02122057020GP0053;20GP;JULGAMENTO DE CAUSAS E GESTAO ADMINISTRATIVA NA JUSTICA ELEI;0001;JULGAMENTO DE CAUSAS E GESTAO ADMINISTRATIVA;084782;AOSA EVENTO;EVENTOS;0100;RECURSOS ORDINARIOS;1;ORCAMENTO FISCAL;3;DESPESAS CORRENTES;3;OUTRAS DESPESAS CORRENTES;30;MATERIAL DE CONSUMO;339030;MATERIAL DE CONSUMO;33903015;MATERIAL P/ FESTIVIDADES E HOMENAGENS;3;ESTIMATIVO;12;PREGAO;-8;21/02/2018;FEV/2018;2018;070025000012018NE000119;00047535320176078100;PAGTO NF 781. ARRANJOS FLORAIS MARCO/2018. OPTANTE PELO SIMPLES. PA 4753-53.2017;10432571000159;COPATT COMERCIO E SERVICOS PERSONALIZADOS LTDA - EPP;;;;;;;;0,00;2.943,88;1.471,94;;;;;;;;;2.943,88;1.471,94
14107;TRIBUNAL REGIONAL ELEITORAL DO DIST. FEDERAL;070025;TRIBUNAL REGIONAL ELEITORAL DO D. FEDERAL;02122057020GP0053;20GP;JULGAMENTO DE CAUSAS E GESTAO ADMINISTRATIVA NA JUSTICA ELEI;0001;JULGAMENTO DE CAUSAS E GESTAO ADMINISTRATIVA;084782;AOSA EVENTO;EVENTOS;0100;RECURSOS ORDINARIOS;1;ORCAMENTO FISCAL;3;DESPESAS CORRENTES;3;OUTRAS DESPESAS CORRENTES;39;OUTROS SERVICOS DE TERCEIROS PJ - OP.INT.ORC.;339039;OUTROS SERVICOS DE TERCEIROS - PESSOA JURIDICA;339039-9;NAO SE APLICA;-9;NAO SE APLICA;-9;NAO SE APLICA;-9;NAO SE APLICA;NAO SE APLICA;-9;-9;-9;14CT0004 - SERVICOS DE COBERTURA FOTOGRAFICA DE ATIVIDADES E EVENTOS INSTITUCIONAIS REALIZADAS PELO TREDF. TERMO ADITIVO Nº 04 AO CONTRATO Nº 04/2014.;-9;NAO SE APLICA;;;;;(20.000,00);;;;;;;;;;;;;;;
14107;TRIBUNAL REGIONAL ELEITORAL DO DIST. FEDERAL;070025;TRIBUNAL REGIONAL ELEITORAL DO D. FEDERAL;02122057020GP0053;20GP;JULGAMENTO DE CAUSAS E GESTAO ADMINISTRATIVA NA JUSTICA ELEI;0001;JULGAMENTO DE CAUSAS E GESTAO ADMINISTRATIVA;084782;AOSA EVENTO;EVENTOS;0100;RECURSOS ORDINARIOS;1;ORCAMENTO FISCAL;3;DESPESAS CORRENTES;3;OUTRAS DESPESAS CORRENTES;39;OUTROS SERVICOS DE TERCEIROS PJ - OP.INT.ORC.;339039;OUTROS SERVICOS DE TERCEIROS - PESSOA JURIDICA;339039-9;NAO SE APLICA;-9;NAO SE APLICA;-9;NAO SE APLICA;-9;NAO SE APLICA;NAO SE APLICA;-9;-9;-9;ALTERACAO PARA EMISSAO DE NE - SERVICOS DE COBERTURA FOTOGRAFICA.             PAE 0005160-93.2016.6.07.8100;-9;NAO SE APLICA;20.000,00;20.000,00;;;20.000,00;;;;;;;;;;;;;;;
14107;TRIBUNAL REGIONAL ELEITORAL DO DIST. FEDERAL;070025;TRIBUNAL REGIONAL ELEITORAL DO D. FEDERAL;02122057020GP0053;20GP;JULGAMENTO DE CAUSAS E GESTAO ADMINISTRATIVA NA JUSTICA ELEI;0001;JULGAMENTO DE CAUSAS E GESTAO ADMINISTRATIVA;084782;AOSA EVENTO;EVENTOS;0100;RECURSOS ORDINARIOS;1;ORCAMENTO FISCAL;3;DESPESAS CORRENTES;3;OUTRAS DESPESAS CORRENTES;39;OUTROS SERVICOS DE TERCEIROS PJ - OP.INT.ORC.;339039;OUTROS SERVICOS DE TERCEIROS - PESSOA JURIDICA;33903959;SERVICOS DE AUDIO, VIDEO E FOTO;3;ESTIMATIVO;12;PREGAO;-8;16/03/2018;MAR/2018;2018;070025000012018NE000164;00051609320166078100;14CT0004 - SERVICOS DE COBERTURA FOTOGRAFICA DE ATIVIDADES E EVENTOS INSTITUCIONAIS REALIZADAS PELO TREDF. TERMO ADITIVO Nº 04 AO CONTRATO Nº 04/2014.;14336190000127;RODRIGUES & SOUZA GESTAO EMPRESARIAL LTDA - ME;;;;;;;;20.000,00;;;;;;;;;;;;
14107;TRIBUNAL REGIONAL ELEITORAL DO DIST. FEDERAL;070025;TRIBUNAL REGIONAL ELEITORAL DO D. FEDERAL;02122057020GP0053;20GP;JULGAMENTO DE CAUSAS E GESTAO ADMINISTRATIVA NA JUSTICA ELEI;0001;JULGAMENTO DE CAUSAS E GESTAO ADMINISTRATIVA;084782;AOSA EVENTO;EVENTOS;0100;RECURSOS ORDINARIOS;1;ORCAMENTO FISCAL;3;DESPESAS CORRENTES;3;OUTRAS DESPESAS CORRENTES;39;OUTROS SERVICOS DE TERCEIROS PJ - OP.INT.ORC.;339039;OUTROS SERVICOS DE TERCEIROS - PESSOA JURIDICA;33903959;SERVICOS DE AUDIO, VIDEO E FOTO;3;ESTIMATIVO;12;PREGAO;-8;16/03/2018;MAR/2018;2018;070025000012018NE000164;00051609320166078100;PGTO NF 204. SERVICOS FOTOGRAFICOS, ABRIL/2018. RET EMPRESA OPTANTE PELO SIMPLES NACIONAL. PA 5157-41.2016.;14336190000127;RODRIGUES & SOUZA GESTAO EMPRESARIAL LTDA - ME;;;;;;;;0,00;8.492,60;8.492,60;;;;;;;;;8.492,60;8.492,60
14107;TRIBUNAL REGIONAL ELEITORAL DO DIST. FEDERAL;070025;TRIBUNAL REGIONAL ELEITORAL DO D. FEDERAL;02122057020GP0053;20GP;JULGAMENTO DE CAUSAS E GESTAO ADMINISTRATIVA NA JUSTICA ELEI;0001;JULGAMENTO DE CAUSAS E GESTAO ADMINISTRATIVA;084782;AOSA EVENTO;EVENTOS;0100;RECURSOS ORDINARIOS;1;ORCAMENTO FISCAL;3;DESPESAS CORRENTES;3;OUTRAS DESPESAS CORRENTES;39;OUTROS SERVICOS DE TERCEIROS PJ - OP.INT.ORC.;339039;OUTROS SERVICOS DE TERCEIROS - PESSOA JURIDICA;33903959;SERVICOS DE AUDIO, VIDEO E FOTO;3;ESTIMATIVO;12;PREGAO;-8;16/03/2018;MAR/2018;2018;070025000012018NE000164;00051609320166078100;PGTO NFS 191 E 196. SERVICOS FOTOGRAFICOS, FEVEREIRO E MARCO/2018. RET EMPRESA OPTANTE PELO SIMPLES NACIONAL. PA 5157-41.2016.;14336190000127;RODRIGUES & SOUZA GESTAO EMPRESARIAL LTDA - ME;;;;;;;;0,00;9.060,00;9.060,00;;;;;;;;;9.060,00;9.060,00
14107;TRIBUNAL REGIONAL ELEITORAL DO DIST. FEDERAL;070025;TRIBUNAL REGIONAL ELEITORAL DO D. FEDERAL;02122057020GP0053;20GP;JULGAMENTO DE CAUSAS E GESTAO ADMINISTRATIVA NA JUSTICA ELEI;0001;JULGAMENTO DE CAUSAS E GESTAO ADMINISTRATIVA;084782;AOSA EVENTO;EVENTOS;0127;CUSTAS E EMOLUMENTOS - PODER JUDICIARIO;1;ORCAMENTO FISCAL;3;DESPESAS CORRENTES;3;OUTRAS DESPESAS CORRENTES;30;MATERIAL DE CONSUMO;339030;MATERIAL DE CONSUMO;339030-9;NAO SE APLICA;-9;NAO SE APLICA;-9;NAO SE APLICA;-9;NAO SE APLICA;NAO SE APLICA;-9;-9;-9;2018NECT - AQUISICAO DE TOALHAS DE MESA.                                      O TERMO DE REFERENCIA DA PRESENTE CONTRATACAO INTEGRA ESTA NOTA DE EMPENHO.;-9;NAO SE APLICA;;;;;(3.738,00);;;;;;;;;;;;;;;
14107;TRIBUNAL REGIONAL ELEITORAL DO DIST. FEDERAL;070025;TRIBUNAL REGIONAL ELEITORAL DO D. FEDERAL;02122057020GP0053;20GP;JULGAMENTO DE CAUSAS E GESTAO ADMINISTRATIVA NA JUSTICA ELEI;0001;JULGAMENTO DE CAUSAS E GESTAO ADMINISTRATIVA;084782;AOSA EVENTO;EVENTOS;0127;CUSTAS E EMOLUMENTOS - PODER JUDICIARIO;1;ORCAMENTO FISCAL;3;DESPESAS CORRENTES;3;OUTRAS DESPESAS CORRENTES;30;MATERIAL DE CONSUMO;339030;MATERIAL DE CONSUMO;339030-9;NAO SE APLICA;-9;NAO SE APLICA;-9;NAO SE APLICA;-9;NAO SE APLICA;NAO SE APLICA;-9;-9;-9;ALTERACAO PARA EMISSAO DE PRE-EMPENHO - AQUISICAO DE TOALHAS DE MESA          (PA 0000565-80.2018.6.07.8100);-9;NAO SE APLICA;3.738,00;3.738,00;;;3.738,00;;;;;;;;;;;;;;;
14107;TRIBUNAL REGIONAL ELEITORAL DO DIST. FEDERAL;070025;TRIBUNAL REGIONAL ELEITORAL DO D. FEDERAL;02122057020GP0053;20GP;JULGAMENTO DE CAUSAS E GESTAO ADMINISTRATIVA NA JUSTICA ELEI;0001;JULGAMENTO DE CAUSAS E GESTAO ADMINISTRATIVA;084782;AOSA EVENTO;EVENTOS;0127;CUSTAS E EMOLUMENTOS - PODER JUDICIARIO;1;ORCAMENTO FISCAL;3;DESPESAS CORRENTES;3;OUTRAS DESPESAS CORRENTES;30;MATERIAL DE CONSUMO;339030;MATERIAL DE CONSUMO;339030-9;NAO SE APLICA;-9;NAO SE APLICA;-9;NAO SE APLICA;-9;NAO SE APLICA;NAO SE APLICA;-9;-9;-9;ANULACAO PARA EMISSAO DE EMPENHO.                                             PAE 0000565-80.2018.6.07.8100;-9;NAO SE APLICA;;;;;3.738,00;(3.738,00);(3.738,00);;;;;;;;;;;;;
14107;TRIBUNAL REGIONAL ELEITORAL DO DIST. FEDERAL;070025;TRIBUNAL REGIONAL ELEITORAL DO D. FEDERAL;02122057020GP0053;20GP;JULGAMENTO DE CAUSAS E GESTAO ADMINISTRATIVA NA JUSTICA ELEI;0001;JULGAMENTO DE CAUSAS E GESTAO ADMINISTRATIVA;084782;AOSA EVENTO;EVENTOS;0127;CUSTAS E EMOLUMENTOS - PODER JUDICIARIO;1;ORCAMENTO FISCAL;3;DESPESAS CORRENTES;3;OUTRAS DESPESAS CORRENTES;30;MATERIAL DE CONSUMO;339030;MATERIAL DE CONSUMO;339030-9;NAO SE APLICA;-9;NAO SE APLICA;-9;NAO SE APLICA;-9;NAO SE APLICA;NAO SE APLICA;-9;-9;-9;AQUISICAO DE TOALHAS DE MESA (PA 0000565-80.2018.6.07.8100);-9;NAO SE APLICA;;;;;(3.738,00);3.738,00;3.738,00;;;;;;;;;;;;;
14107;TRIBUNAL REGIONAL ELEITORAL DO DIST. FEDERAL;070025;TRIBUNAL REGIONAL ELEITORAL DO D. FEDERAL;02122057020GP0053;20GP;JULGAMENTO DE CAUSAS E GESTAO ADMINISTRATIVA NA JUSTICA ELEI;0001;JULGAMENTO DE CAUSAS E GESTAO ADMINISTRATIVA;084782;AOSA EVENTO;EVENTOS;0127;CUSTAS E EMOLUMENTOS - PODER JUDICIARIO;1;ORCAMENTO FISCAL;3;DESPESAS CORRENTES;3;OUTRAS DESPESAS CORRENTES;30;MATERIAL DE CONSUMO;339030;MATERIAL DE CONSUMO;33903020;MATERIAL DE CAMA, MESA E BANHO;1;ORDINARIO;06;DISPENSA DE LICITACAO;02;09/02/2018;FEV/2018;2018;070025000012018NE000108;00005658020186078100;2018NECT - AQUISICAO DE TOALHAS DE MESA.                                      O TERMO DE REFERENCIA DA PRESENTE CONTRATACAO INTEGRA ESTA NOTA DE EMPENHO.;08084695000149;ELLEN MOALLEM & CIA LTDA;;;;;;;;3.738,00;;;;;;;;;;;;
14107;TRIBUNAL REGIONAL ELEITORAL DO DIST. FEDERAL;070025;TRIBUNAL REGIONAL ELEITORAL DO D. FEDERAL;02122057020GP0053;20GP;JULGAMENTO DE CAUSAS E GESTAO ADMINISTRATIVA NA JUSTICA ELEI;0001;JULGAMENTO DE CAUSAS E GESTAO ADMINISTRATIVA;084782;AOSA EVENTO;EVENTOS;0127;CUSTAS E EMOLUMENTOS - PODER JUDICIARIO;1;ORCAMENTO FISCAL;3;DESPESAS CORRENTES;3;OUTRAS DESPESAS CORRENTES;30;MATERIAL DE CONSUMO;339030;MATERIAL DE CONSUMO;33903020;MATERIAL DE CAMA, MESA E BANHO;1;ORDINARIO;06;DISPENSA DE LICITACAO;02;09/02/2018;FEV/2018;2018;070025000012018NE000108;00005658020186078100;PAGTO NF 3059. AQUISICAO MATERIAL CONSUMO (TOALHAS DE MESA). OPTANTE PELO SIMPLES NACIONAL. PA 0565-80.2018.6.07.8100;08084695000149;ELLEN MOALLEM & CIA LTDA;;;;;;;;0,00;3.738,00;3.738,00;;;;;;;;;3.738,00;3.738,00
14107;TRIBUNAL REGIONAL ELEITORAL DO DIST. FEDERAL;070025;TRIBUNAL REGIONAL ELEITORAL DO D. FEDERAL;02122057020GP0053;20GP;JULGAMENTO DE CAUSAS E GESTAO ADMINISTRATIVA NA JUSTICA ELEI;0001;JULGAMENTO DE CAUSAS E GESTAO ADMINISTRATIVA;084782;AOSA EVENTO;EVENTOS;0127;CUSTAS E EMOLUMENTOS - PODER JUDICIARIO;1;ORCAMENTO FISCAL;3;DESPESAS CORRENTES;3;OUTRAS DESPESAS CORRENTES;39;OUTROS SERVICOS DE TERCEIROS PJ - OP.INT.ORC.;339039;OUTROS SERVICOS DE TERCEIROS - PESSOA JURIDICA;339039-9;NAO SE APLICA;-9;NAO SE APLICA;-9;NAO SE APLICA;-9;NAO SE APLICA;NAO SE APLICA;-9;-9;-9;2018NECT - PRESTACAO DE SERVICOS DE LOCACAO DE AUDITORIO AO TRE/DF. O TERMO DEREFERENCIA DA PRESENTE CONTRATACAO INTEGRA A NOTA DE EMPENHO.;-9;NAO SE APLICA;;;;;(7.000,00);;;;;;;;;;;;;;;
14107;TRIBUNAL REGIONAL ELEITORAL DO DIST. FEDERAL;070025;TRIBUNAL REGIONAL ELEITORAL DO D. FEDERAL;02122057020GP0053;20GP;JULGAMENTO DE CAUSAS E GESTAO ADMINISTRATIVA NA JUSTICA ELEI;0001;JULGAMENTO DE CAUSAS E GESTAO ADMINISTRATIVA;084782;AOSA EVENTO;EVENTOS;0127;CUSTAS E EMOLUMENTOS - PODER JUDICIARIO;1;ORCAMENTO FISCAL;3;DESPESAS CORRENTES;3;OUTRAS DESPESAS CORRENTES;39;OUTROS SERVICOS DE TERCEIROS PJ - OP.INT.ORC.;339039;OUTROS SERVICOS DE TERCEIROS - PESSOA JURIDICA;339039-9;NAO SE APLICA;-9;NAO SE APLICA;-9;NAO SE APLICA;-9;NAO SE APLICA;NAO SE APLICA;-9;-9;-9;ANULACAO DE PE PARA EMISSAO DE NE - PRESTACAO DE SERVICOS DE LOCACAO DE AUDITORIO AO TRE/DF. (PA 0001234-36.2018.6.07.8100);-9;NAO SE APLICA;;;;;7.000,00;(7.000,00);(7.000,00);;;;;;;;;;;;;
14107;TRIBUNAL REGIONAL ELEITORAL DO DIST. FEDERAL;070025;TRIBUNAL REGIONAL ELEITORAL DO D. FEDERAL;02122057020GP0053;20GP;JULGAMENTO DE CAUSAS E GESTAO ADMINISTRATIVA NA JUSTICA ELEI;0001;JULGAMENTO DE CAUSAS E GESTAO ADMINISTRATIVA;084782;AOSA EVENTO;EVENTOS;0127;CUSTAS E EMOLUMENTOS - PODER JUDICIARIO;1;ORCAMENTO FISCAL;3;DESPESAS CORRENTES;3;OUTRAS DESPESAS CORRENTES;39;OUTROS SERVICOS DE TERCEIROS PJ - OP.INT.ORC.;339039;OUTROS SERVICOS DE TERCEIROS - PESSOA JURIDICA;339039-9;NAO SE APLICA;-9;NAO SE APLICA;-9;NAO SE APLICA;-9;NAO SE APLICA;NAO SE APLICA;-9;-9;-9;LOCACAO DE AUDITORIO PARA SOLENIDADE DE ENTREGA DA MEDALHA DO MERITO ELEITORALPAE 0001234-36.2018.6.07.8100;-9;NAO SE APLICA;;;;;(7.000,00);7.000,00;7.000,00;;;;;;;;;;;;;
14107;TRIBUNAL REGIONAL ELEITORAL DO DIST. FEDERAL;070025;TRIBUNAL REGIONAL ELEITORAL DO D. FEDERAL;02122057020GP0053;20GP;JULGAMENTO DE CAUSAS E GESTAO ADMINISTRATIVA NA JUSTICA ELEI;0001;JULGAMENTO DE CAUSAS E GESTAO ADMINISTRATIVA;084782;AOSA EVENTO;EVENTOS;0127;CUSTAS E EMOLUMENTOS - PODER JUDICIARIO;1;ORCAMENTO FISCAL;3;DESPESAS CORRENTES;3;OUTRAS DESPESAS CORRENTES;39;OUTROS SERVICOS DE TERCEIROS PJ - OP.INT.ORC.;339039;OUTROS SERVICOS DE TERCEIROS - PESSOA JURIDICA;339039-9;NAO SE APLICA;-9;NAO SE APLICA;-9;NAO SE APLICA;-9;NAO SE APLICA;NAO SE APLICA;-9;-9;-9;LOCACAO DE AUDITORIO PARA SOLENIDADE DE ENTREGA DA MEDALHA DO MERITO ELEITORALPAE 0001234-36.2018.6.07.8100 - ALTERACAO PARA EMISSAO DE PRE-EMPENHO.;-9;NAO SE APLICA;7.000,00;7.000,00;;;7.000,00;;;;;;;;;;;;;;;
14107;TRIBUNAL REGIONAL ELEITORAL DO DIST. FEDERAL;070025;TRIBUNAL REGIONAL ELEITORAL DO D. FEDERAL;02122057020GP0053;20GP;JULGAMENTO DE CAUSAS E GESTAO ADMINISTRATIVA NA JUSTICA ELEI;0001;JULGAMENTO DE CAUSAS E GESTAO ADMINISTRATIVA;084782;AOSA EVENTO;EVENTOS;0127;CUSTAS E EMOLUMENTOS - PODER JUDICIARIO;1;ORCAMENTO FISCAL;3;DESPESAS CORRENTES;3;OUTRAS DESPESAS CORRENTES;39;OUTROS SERVICOS DE TERCEIROS PJ - OP.INT.ORC.;339039;OUTROS SERVICOS DE TERCEIROS - PESSOA JURIDICA;33903910;LOCACAO DE IMOVEIS;1;ORDINARIO;06;DISPENSA DE LICITACAO;10;21/03/2018;MAR/2018;2018;070025000012018NE000173;00012343620186078100;2018NECT - PRESTACAO DE SERVICOS DE LOCACAO DE AUDITORIO AO TRE/DF. O TERMO DEREFERENCIA DA PRESENTE CONTRATACAO INTEGRA A NOTA DE EMPENHO.;00608893000152;SOCIEDADE CIVIL MEMORIAL JUSCELINO KUBITSCHEK;;;;;;;;7.000,00;;;;;;;;;;;;
14107;TRIBUNAL REGIONAL ELEITORAL DO DIST. FEDERAL;070025;TRIBUNAL REGIONAL ELEITORAL DO D. FEDERAL;02122057020GP0053;20GP;JULGAMENTO DE CAUSAS E GESTAO ADMINISTRATIVA NA JUSTICA ELEI;0001;JULGAMENTO DE CAUSAS E GESTAO ADMINISTRATIVA;084782;AOSA EVENTO;EVENTOS;0127;CUSTAS E EMOLUMENTOS - PODER JUDICIARIO;1;ORCAMENTO FISCAL;3;DESPESAS CORRENTES;3;OUTRAS DESPESAS CORRENTES;39;OUTROS SERVICOS DE TERCEIROS PJ - OP.INT.ORC.;339039;OUTROS SERVICOS DE TERCEIROS - PESSOA JURIDICA;33903910;LOCACAO DE IMOVEIS;1;ORDINARIO;06;DISPENSA DE LICITACAO;10;21/03/2018;MAR/2018;2018;070025000012018NE000173;00012343620186078100;LOCACAO AUDITORIO MEMORIAL JK - SOLENIDADE MEDALHA ELEITORAL 2018. PA 1234-36.2018;00608893000152;SOCIEDADE CIVIL MEMORIAL JUSCELINO KUBITSCHEK;;;;;;;;0,00;7.000,00;7.000,00;;;;;;;;;7.000,00;7.000,00
14107;TRIBUNAL REGIONAL ELEITORAL DO DIST. FEDERAL;070025;TRIBUNAL REGIONAL ELEITORAL DO D. FEDERAL;02122057020GP0053;20GP;JULGAMENTO DE CAUSAS E GESTAO ADMINISTRATIVA NA JUSTICA ELEI;0001;JULGAMENTO DE CAUSAS E GESTAO ADMINISTRATIVA;084782;AOSA FRETES;FRETES E TRANSPORTES DE ENCOMENDAS;0127;CUSTAS E EMOLUMENTOS - PODER JUDICIARIO;1;ORCAMENTO FISCAL;3;DESPESAS CORRENTES;3;OUTRAS DESPESAS CORRENTES;39;OUTROS SERVICOS DE TERCEIROS PJ - OP.INT.ORC.;339039;OUTROS SERVICOS DE TERCEIROS - PESSOA JURIDICA;339039-9;NAO SE APLICA;-9;NAO SE APLICA;-9;NAO SE APLICA;-9;NAO SE APLICA;NAO SE APLICA;-9;-9;-9;2018NECT - CONTRATAR EMPRESA ESPECIALIZ. EM TRANSPORTE INTERESTADUAL. CARREGARE TRANSPORTAR 700 PALETES DE POLIPROPILENO DE 1M X 1,2M,S/ SAPATA,EMPILHAVEIS.CARGA APROX.: 8.400 KG. PROJETO BASICO INTEGRA ESTA NE, INDEP. DE TRANSCRICAO.;-9;NAO SE APLICA;;;;;(7.000,00);;;;;;;;;;;;;;;
14107;TRIBUNAL REGIONAL ELEITORAL DO DIST. FEDERAL;070025;TRIBUNAL REGIONAL ELEITORAL DO D. FEDERAL;02122057020GP0053;20GP;JULGAMENTO DE CAUSAS E GESTAO ADMINISTRATIVA NA JUSTICA ELEI;0001;JULGAMENTO DE CAUSAS E GESTAO ADMINISTRATIVA;084782;AOSA FRETES;FRETES E TRANSPORTES DE ENCOMENDAS;0127;CUSTAS E EMOLUMENTOS - PODER JUDICIARIO;1;ORCAMENTO FISCAL;3;DESPESAS CORRENTES;3;OUTRAS DESPESAS CORRENTES;39;OUTROS SERVICOS DE TERCEIROS PJ - OP.INT.ORC.;339039;OUTROS SERVICOS DE TERCEIROS - PESSOA JURIDICA;339039-9;NAO SE APLICA;-9;NAO SE APLICA;-9;NAO SE APLICA;-9;NAO SE APLICA;NAO SE APLICA;-9;-9;-9;ALTERACAO PARA EMISSAO DE PE. SERVICO DE TRANSPORTE INTERESTADUAL DE PALETES. PAE Nº 0000192-49.2018.6.07.8100;-9;NAO SE APLICA;7.000,00;7.000,00;;;7.000,00;;;;;;;;;;;;;;;
14107;TRIBUNAL REGIONAL ELEITORAL DO DIST. FEDERAL;070025;TRIBUNAL REGIONAL ELEITORAL DO D. FEDERAL;02122057020GP0053;20GP;JULGAMENTO DE CAUSAS E GESTAO ADMINISTRATIVA NA JUSTICA ELEI;0001;JULGAMENTO DE CAUSAS E GESTAO ADMINISTRATIVA;084782;AOSA FRETES;FRETES E TRANSPORTES DE ENCOMENDAS;0127;CUSTAS E EMOLUMENTOS - PODER JUDICIARIO;1;ORCAMENTO FISCAL;3;DESPESAS CORRENTES;3;OUTRAS DESPESAS CORRENTES;39;OUTROS SERVICOS DE TERCEIROS PJ - OP.INT.ORC.;339039;OUTROS SERVICOS DE TERCEIROS - PESSOA JURIDICA;339039-9;NAO SE APLICA;-9;NAO SE APLICA;-9;NAO SE APLICA;-9;NAO SE APLICA;NAO SE APLICA;-9;-9;-9;SERVICO DE TRANSPORTE INTERESTADUAL DE 700 PALETES.                           PAE Nº 0000192-49.2018.6.07.8100;-9;NAO SE APLICA;;;;;(7.000,00);7.000,00;7.000,00;;;;;;;;;;;;;
14107;TRIBUNAL REGIONAL ELEITORAL DO DIST. FEDERAL;070025;TRIBUNAL REGIONAL ELEITORAL DO D. FEDERAL;02122057020GP0053;20GP;JULGAMENTO DE CAUSAS E GESTAO ADMINISTRATIVA NA JUSTICA ELEI;0001;JULGAMENTO DE CAUSAS E GESTAO ADMINISTRATIVA;084782;AOSA FRETES;FRETES E TRANSPORTES DE ENCOMENDAS;0127;CUSTAS E EMOLUMENTOS - PODER JUDICIARIO;1;ORCAMENTO FISCAL;3;DESPESAS CORRENTES;3;OUTRAS DESPESAS CORRENTES;39;OUTROS SERVICOS DE TERCEIROS PJ - OP.INT.ORC.;339039;OUTROS SERVICOS DE TERCEIROS - PESSOA JURIDICA;339039-9;NAO SE APLICA;-9;NAO SE APLICA;-9;NAO SE APLICA;-9;NAO SE APLICA;NAO SE APLICA;-9;-9;-9;SERVICO DE TRANSPORTE INTERESTADUAL DE 700 PALETES.                           PAE Nº 0000192-49.2018.6.07.8100                                              ANULACAO PARA EMISSAO DE EMPENHO.;-9;NAO SE APLICA;;;;;7.000,00;(7.000,00);(7.000,00);;;;;;;;;;;;;
14107;TRIBUNAL REGIONAL ELEITORAL DO DIST. FEDERAL;070025;TRIBUNAL REGIONAL ELEITORAL DO D. FEDERAL;02122057020GP0053;20GP;JULGAMENTO DE CAUSAS E GESTAO ADMINISTRATIVA NA JUSTICA ELEI;0001;JULGAMENTO DE CAUSAS E GESTAO ADMINISTRATIVA;084782;AOSA FRETES;FRETES E TRANSPORTES DE ENCOMENDAS;0127;CUSTAS E EMOLUMENTOS - PODER JUDICIARIO;1;ORCAMENTO FISCAL;3;DESPESAS CORRENTES;3;OUTRAS DESPESAS CORRENTES;39;OUTROS SERVICOS DE TERCEIROS PJ - OP.INT.ORC.;339039;OUTROS SERVICOS DE TERCEIROS - PESSOA JURIDICA;33903974;FRETES E TRANSPORTES DE ENCOMENDAS;1;ORDINARIO;06;DISPENSA DE LICITACAO;02;16/05/2018;MAI/2018;2018;070025000012018NE000235;00001924920186078100;2018NECT - CONTRATAR EMPRESA ESPECIALIZ. EM TRANSPORTE INTERESTADUAL. CARREGARE TRANSPORTAR 700 PALETES DE POLIPROPILENO DE 1M X 1,2M,S/ SAPATA,EMPILHAVEIS.CARGA APROX.: 8.400 KG. PROJETO BASICO INTEGRA ESTA NE, INDEP. DE TRANSCRICAO.;21577405000167;RODOMAFE TRANSPORTES EIRELI;;;;;;;;7.000,00;;;;;;;;;;;;
14107;TRIBUNAL REGIONAL ELEITORAL DO DIST. FEDERAL;070025;TRIBUNAL REGIONAL ELEITORAL DO D. FEDERAL;02122057020GP0053;20GP;JULGAMENTO DE CAUSAS E GESTAO ADMINISTRATIVA NA JUSTICA ELEI;0001;JULGAMENTO DE CAUSAS E GESTAO ADMINISTRATIVA;084782;AOSA GRAVFO;SERV. GRAFICOS, AUDIO, VIDEO E FOTO;0100;RECURSOS ORDINARIOS;1;ORCAMENTO FISCAL;3;DESPESAS CORRENTES;3;OUTRAS DESPESAS CORRENTES;39;OUTROS SERVICOS DE TERCEIROS PJ - OP.INT.ORC.;339039;OUTROS SERVICOS DE TERCEIROS - PESSOA JURIDICA;339039-9;NAO SE APLICA;-9;NAO SE APLICA;-9;NAO SE APLICA;-9;NAO SE APLICA;NAO SE APLICA;-9;-9;-9;18CT0004 - SERVICOS DE ENCADERNACAO EM CAPA DURA, ENCADERNACAO EM ESPIRAL E REPRODUCAO DE DOCUMENTOS, CONFORME CONTRATO Nº 04/2018.;-9;NAO SE APLICA;;;;;(4.010,00);;;;;;;;;;;;;;;
14107;TRIBUNAL REGIONAL ELEITORAL DO DIST. FEDERAL;070025;TRIBUNAL REGIONAL ELEITORAL DO D. FEDERAL;02122057020GP0053;20GP;JULGAMENTO DE CAUSAS E GESTAO ADMINISTRATIVA NA JUSTICA ELEI;0001;JULGAMENTO DE CAUSAS E GESTAO ADMINISTRATIVA;084782;AOSA GRAVFO;SERV. GRAFICOS, AUDIO, VIDEO E FOTO;0100;RECURSOS ORDINARIOS;1;ORCAMENTO FISCAL;3;DESPESAS CORRENTES;3;OUTRAS DESPESAS CORRENTES;39;OUTROS SERVICOS DE TERCEIROS PJ - OP.INT.ORC.;339039;OUTROS SERVICOS DE TERCEIROS - PESSOA JURIDICA;339039-9;NAO SE APLICA;-9;NAO SE APLICA;-9;NAO SE APLICA;-9;NAO SE APLICA;NAO SE APLICA;-9;-9;-9;ALTERACAO PARA EMISSAO DE NE - CONTRATO Nº4/2018 PARA SERVICOS DE ENCADERNACAOEM CAPA DURA, ENCADERNACAO EM ESPIRAL E REPRODUCAO DE DOCUMENTOS.             (PA 0000195-04.2018.6.07.8100);-9;NAO SE APLICA;4.010,00;4.010,00;;;4.010,00;;;;;;;;;;;;;;;
14107;TRIBUNAL REGIONAL ELEITORAL DO DIST. FEDERAL;070025;TRIBUNAL REGIONAL ELEITORAL DO D. FEDERAL;02122057020GP0053;20GP;JULGAMENTO DE CAUSAS E GESTAO ADMINISTRATIVA NA JUSTICA ELEI;0001;JULGAMENTO DE CAUSAS E GESTAO ADMINISTRATIVA;084782;AOSA GRAVFO;SERV. GRAFICOS, AUDIO, VIDEO E FOTO;0100;RECURSOS ORDINARIOS;1;ORCAMENTO FISCAL;3;DESPESAS CORRENTES;3;OUTRAS DESPESAS CORRENTES;39;OUTROS SERVICOS DE TERCEIROS PJ - OP.INT.ORC.;339039;OUTROS SERVICOS DE TERCEIROS - PESSOA JURIDICA;339039-9;NAO SE APLICA;-9;NAO SE APLICA;-9;NAO SE APLICA;-9;NAO SE APLICA;NAO SE APLICA;-9;-9;-9;ANULACAO DE PE PARA EMISSAO DE NE - SERVICOS DE ENCADERNACAO EM CAPA DURA,ENCADERNACAO EM ESPIRAL E REPRODUCAO DE DOCUMENTOS. (PA 0000195-04.2018.6.07.8100);-9;NAO SE APLICA;;;;;4.010,00;(4.010,00);(4.010,00);;;;;;;;;;;;;
14107;TRIBUNAL REGIONAL ELEITORAL DO DIST. FEDERAL;070025;TRIBUNAL REGIONAL ELEITORAL DO D. FEDERAL;02122057020GP0053;20GP;JULGAMENTO DE CAUSAS E GESTAO ADMINISTRATIVA NA JUSTICA ELEI;0001;JULGAMENTO DE CAUSAS E GESTAO ADMINISTRATIVA;084782;AOSA GRAVFO;SERV. GRAFICOS, AUDIO, VIDEO E FOTO;0100;RECURSOS ORDINARIOS;1;ORCAMENTO FISCAL;3;DESPESAS CORRENTES;3;OUTRAS DESPESAS CORRENTES;39;OUTROS SERVICOS DE TERCEIROS PJ - OP.INT.ORC.;339039;OUTROS SERVICOS DE TERCEIROS - PESSOA JURIDICA;339039-9;NAO SE APLICA;-9;NAO SE APLICA;-9;NAO SE APLICA;-9;NAO SE APLICA;NAO SE APLICA;-9;-9;-9;CONTRATO Nº 4/2018 PARA SERVICOS DE ENCADERNACAO EM CAPA DURA, ENCADERNACAO EMESPIRAL E REPRODUCAO DE DOCUMENTOS. (PA 0000195-04.2018.6.07.8100);-9;NAO SE APLICA;;;;;(4.010,00);4.010,00;4.010,00;;;;;;;;;;;;;
14107;TRIBUNAL REGIONAL ELEITORAL DO DIST. FEDERAL;070025;TRIBUNAL REGIONAL ELEITORAL DO D. FEDERAL;02122057020GP0053;20GP;JULGAMENTO DE CAUSAS E GESTAO ADMINISTRATIVA NA JUSTICA ELEI;0001;JULGAMENTO DE CAUSAS E GESTAO ADMINISTRATIVA;084782;AOSA GRAVFO;SERV. GRAFICOS, AUDIO, VIDEO E FOTO;0100;RECURSOS ORDINARIOS;1;ORCAMENTO FISCAL;3;DESPESAS CORRENTES;3;OUTRAS DESPESAS CORRENTES;39;OUTROS SERVICOS DE TERCEIROS PJ - OP.INT.ORC.;339039;OUTROS SERVICOS DE TERCEIROS - PESSOA JURIDICA;33903963;SERVICOS GRAFICOS E EDITORIAIS;3;ESTIMATIVO;06;DISPENSA DE LICITACAO;02;15/03/2018;MAR/2018;2018;070025000012018NE000158;00001950420186078100;18CT0004 - SERVICOS DE ENCADERNACAO EM CAPA DURA, ENCADERNACAO EM ESPIRAL E REPRODUCAO DE DOCUMENTOS, CONFORME CONTRATO Nº 04/2018.;13047819000156;MUNDIAL MAQUINAS, COPIADORAS E SUPRIMENTOS EIRELI;;;;;;;;4.010,00;;;;;;;;;;;;
14107;TRIBUNAL REGIONAL ELEITORAL DO DIST. FEDERAL;070025;TRIBUNAL REGIONAL ELEITORAL DO D. FEDERAL;02122057020GP0053;20GP;JULGAMENTO DE CAUSAS E GESTAO ADMINISTRATIVA NA JUSTICA ELEI;0001;JULGAMENTO DE CAUSAS E GESTAO ADMINISTRATIVA;084782;AOSA MANMAQ;MANUTENCAO DE MAQUINAS E EQUIPAMENTOS;0100;RECURSOS ORDINARIOS;1;ORCAMENTO FISCAL;3;DESPESAS CORRENTES;3;OUTRAS DESPESAS CORRENTES;39;OUTROS SERVICOS DE TERCEIROS PJ - OP.INT.ORC.;339039;OUTROS SERVICOS DE TERCEIROS - PESSOA JURIDICA;339039-9;NAO SE APLICA;-9;NAO SE APLICA;-9;NAO SE APLICA;-9;NAO SE APLICA;NAO SE APLICA;-9;-9;-9;17CT0043 - PRESTACAO DE SERVICOS DE MANUTENCAO PREDITIVA, PREVENTIVA E CORRETIVA DOS NO-BREAKS E BANCOS DE BATERIAS DO ED. SEDE E ANEXO DO TRE-DF,  CONFORMECONTRATO Nº 43/2017.;-9;NAO SE APLICA;;;;;(91.449,97);;;;;;;;;;;;;;;
14107;TRIBUNAL REGIONAL ELEITORAL DO DIST. FEDERAL;070025;TRIBUNAL REGIONAL ELEITORAL DO D. FEDERAL;02122057020GP0053;20GP;JULGAMENTO DE CAUSAS E GESTAO ADMINISTRATIVA NA JUSTICA ELEI;0001;JULGAMENTO DE CAUSAS E GESTAO ADMINISTRATIVA;084782;AOSA MANMAQ;MANUTENCAO DE MAQUINAS E EQUIPAMENTOS;0100;RECURSOS ORDINARIOS;1;ORCAMENTO FISCAL;3;DESPESAS CORRENTES;3;OUTRAS DESPESAS CORRENTES;39;OUTROS SERVICOS DE TERCEIROS PJ - OP.INT.ORC.;339039;OUTROS SERVICOS DE TERCEIROS - PESSOA JURIDICA;339039-9;NAO SE APLICA;-9;NAO SE APLICA;-9;NAO SE APLICA;-9;NAO SE APLICA;NAO SE APLICA;-9;-9;-9;ALTERACAO PARA EMISSAO DE NOTAS DE EMPENHO.                                   PAE Nº 0002845-58.2017.6.07.8100;-9;NAO SE APLICA;91.449,97;91.449,97;;;91.449,97;;;;;;;;;;;;;;;
14107;TRIBUNAL REGIONAL ELEITORAL DO DIST. FEDERAL;070025;TRIBUNAL REGIONAL ELEITORAL DO D. FEDERAL;02122057020GP0053;20GP;JULGAMENTO DE CAUSAS E GESTAO ADMINISTRATIVA NA JUSTICA ELEI;0001;JULGAMENTO DE CAUSAS E GESTAO ADMINISTRATIVA;084782;AOSA MANMAQ;MANUTENCAO DE MAQUINAS E EQUIPAMENTOS;0100;RECURSOS ORDINARIOS;1;ORCAMENTO FISCAL;3;DESPESAS CORRENTES;3;OUTRAS DESPESAS CORRENTES;39;OUTROS SERVICOS DE TERCEIROS PJ - OP.INT.ORC.;339039;OUTROS SERVICOS DE TERCEIROS - PESSOA JURIDICA;339039-9;NAO SE APLICA;-9;NAO SE APLICA;-9;NAO SE APLICA;-9;NAO SE APLICA;NAO SE APLICA;-9;-9;-9;ALTERACAO PARA EMISSAO DE PE - PRESTACAO DE SERVICOS DE MANUTENCAO PREDITIVA, PREVENTIVA E CORRETIVA DOS NO-BREAKS E BANCOS DE BATERIAS DO ED. SEDE E ANEXO DO TRE-DF. (PA 0002845-58.2017);-9;NAO SE APLICA;26.549,99;26.549,99;;;26.549,99;;;;;;;;;;;;;;;
14107;TRIBUNAL REGIONAL ELEITORAL DO DIST. FEDERAL;070025;TRIBUNAL REGIONAL ELEITORAL DO D. FEDERAL;02122057020GP0053;20GP;JULGAMENTO DE CAUSAS E GESTAO ADMINISTRATIVA NA JUSTICA ELEI;0001;JULGAMENTO DE CAUSAS E GESTAO ADMINISTRATIVA;084782;AOSA MANMAQ;MANUTENCAO DE MAQUINAS E EQUIPAMENTOS;0100;RECURSOS ORDINARIOS;1;ORCAMENTO FISCAL;3;DESPESAS CORRENTES;3;OUTRAS DESPESAS CORRENTES;39;OUTROS SERVICOS DE TERCEIROS PJ - OP.INT.ORC.;339039;OUTROS SERVICOS DE TERCEIROS - PESSOA JURIDICA;339039-9;NAO SE APLICA;-9;NAO SE APLICA;-9;NAO SE APLICA;-9;NAO SE APLICA;NAO SE APLICA;-9;-9;-9;PRESTACAO DE SERVICOS DE MANUTENCAO PREDITIVA, PREVENTIVA E CORRETIVA DOS NO- BREAKS E BANCOS DE BATERIAS DO ED. SEDE E ANEXO DO TRE-DF.                    (PA 0002845-58.2017.6.07.8100);-9;NAO SE APLICA;;;;;(26.549,99);26.549,99;26.549,99;;;;;;;;;;;;;
14107;TRIBUNAL REGIONAL ELEITORAL DO DIST. FEDERAL;070025;TRIBUNAL REGIONAL ELEITORAL DO D. FEDERAL;02122057020GP0053;20GP;JULGAMENTO DE CAUSAS E GESTAO ADMINISTRATIVA NA JUSTICA ELEI;0001;JULGAMENTO DE CAUSAS E GESTAO ADMINISTRATIVA;084782;AOSA MANMAQ;MANUTENCAO DE MAQUINAS E EQUIPAMENTOS;0100;RECURSOS ORDINARIOS;1;ORCAMENTO FISCAL;3;DESPESAS CORRENTES;3;OUTRAS DESPESAS CORRENTES;39;OUTROS SERVICOS DE TERCEIROS PJ - OP.INT.ORC.;339039;OUTROS SERVICOS DE TERCEIROS - PESSOA JURIDICA;33903917;MANUT. E CONSERV. DE MAQUINAS E EQUIPAMENTOS;5;GLOBAL;12;PREGAO;-8;10/01/2018;JAN/2018;2018;070025000012018NE000035;00028455820176078100;17CT0043 - PRESTACAO DE SERVICOS DE MANUTENCAO PREDITIVA, PREVENTIVA E CORRETIVA DOS NO-BREAKS E BANCOS DE BATERIAS DO ED. SEDE E ANEXO DO TRE-DF,  CONFORMECONTRATO Nº 43/2017.;26462226000106;ADA ENGENHARIA, CONSULTORIA, PROJETOS E CERTI;;;;;;;;91.449,97;;;;;;;;;;;;
14107;TRIBUNAL REGIONAL ELEITORAL DO DIST. FEDERAL;070025;TRIBUNAL REGIONAL ELEITORAL DO D. FEDERAL;02122057020GP0053;20GP;JULGAMENTO DE CAUSAS E GESTAO ADMINISTRATIVA NA JUSTICA ELEI;0001;JULGAMENTO DE CAUSAS E GESTAO ADMINISTRATIVA;084782;AOSA MANMAQ;MANUTENCAO DE MAQUINAS E EQUIPAMENTOS;0100;RECURSOS ORDINARIOS;1;ORCAMENTO FISCAL;3;DESPESAS CORRENTES;3;OUTRAS DESPESAS CORRENTES;39;OUTROS SERVICOS DE TERCEIROS PJ - OP.INT.ORC.;339039;OUTROS SERVICOS DE TERCEIROS - PESSOA JURIDICA;33903917;MANUT. E CONSERV. DE MAQUINAS E EQUIPAMENTOS;5;GLOBAL;12;PREGAO;-8;10/01/2018;JAN/2018;2018;070025000012018NE000035;00028455820176078100;PGTO NF 1.702. SERVICOS DE MANUTENCAO PREVENTIVA NOBREAK E BANCO DE BATERIAS, JANEIRO/2018. RETENCAO 5,00 ISS (R$ 491,67). OPTANTE PELO SIMPLES. PA 5588-41.2017.;26462226000106;ADA ENGENHARIA, CONSULTORIA, PROJETOS E CERTI;;;;;;;;0,00;9.833,33;9.833,33;;;;;;;;;9.833,33;9.833,33
14107;TRIBUNAL REGIONAL ELEITORAL DO DIST. FEDERAL;070025;TRIBUNAL REGIONAL ELEITORAL DO D. FEDERAL;02122057020GP0053;20GP;JULGAMENTO DE CAUSAS E GESTAO ADMINISTRATIVA NA JUSTICA ELEI;0001;JULGAMENTO DE CAUSAS E GESTAO ADMINISTRATIVA;084782;AOSA MANMAQ;MANUTENCAO DE MAQUINAS E EQUIPAMENTOS;0100;RECURSOS ORDINARIOS;1;ORCAMENTO FISCAL;3;DESPESAS CORRENTES;3;OUTRAS DESPESAS CORRENTES;39;OUTROS SERVICOS DE TERCEIROS PJ - OP.INT.ORC.;339039;OUTROS SERVICOS DE TERCEIROS - PESSOA JURIDICA;33903917;MANUT. E CONSERV. DE MAQUINAS E EQUIPAMENTOS;5;GLOBAL;12;PREGAO;-8;10/01/2018;JAN/2018;2018;070025000012018NE000035;00028455820176078100;PGTO NF 723. SERVICOS DE MANUTENCAO PREVENTIVA NOBREAK E BANCO DE BATERIAS, FEVEREIRO/2018. RETENCAO 5,00 ISS (R$ 491,67). OPTANTE PELO SIMPLES. PA 5588-41.2017.;26462226000106;ADA ENGENHARIA, CONSULTORIA, PROJETOS E CERTI;;;;;;;;0,00;9.833,33;9.833,33;;;;;;;;;9.833,33;9.833,33
14107;TRIBUNAL REGIONAL ELEITORAL DO DIST. FEDERAL;070025;TRIBUNAL REGIONAL ELEITORAL DO D. FEDERAL;02122057020GP0053;20GP;JULGAMENTO DE CAUSAS E GESTAO ADMINISTRATIVA NA JUSTICA ELEI;0001;JULGAMENTO DE CAUSAS E GESTAO ADMINISTRATIVA;084782;AOSA MANMAQ;MANUTENCAO DE MAQUINAS E EQUIPAMENTOS;0100;RECURSOS ORDINARIOS;1;ORCAMENTO FISCAL;3;DESPESAS CORRENTES;3;OUTRAS DESPESAS CORRENTES;39;OUTROS SERVICOS DE TERCEIROS PJ - OP.INT.ORC.;339039;OUTROS SERVICOS DE TERCEIROS - PESSOA JURIDICA;33903917;MANUT. E CONSERV. DE MAQUINAS E EQUIPAMENTOS;5;GLOBAL;12;PREGAO;-8;10/01/2018;JAN/2018;2018;070025000012018NE000035;00028455820176078100;PGTO NF 747. SERVICOS DE MANUTENCAO PREVENTIVA NOBREAK E BANCO DE BATERIAS, MARCO/2018. RETENCAO 5,00 ISS (R$ 491,67). OPTANTE PELO SIMPLES. PA 5588-41.2017.;26462226000106;ADA ENGENHARIA, CONSULTORIA, PROJETOS E CERTI;;;;;;;;0,00;9.833,33;9.833,33;;;;;;;;;9.833,33;9.833,33
14107;TRIBUNAL REGIONAL ELEITORAL DO DIST. FEDERAL;070025;TRIBUNAL REGIONAL ELEITORAL DO D. FEDERAL;02122057020GP0053;20GP;JULGAMENTO DE CAUSAS E GESTAO ADMINISTRATIVA NA JUSTICA ELEI;0001;JULGAMENTO DE CAUSAS E GESTAO ADMINISTRATIVA;084782;AOSA MANMAQ;MANUTENCAO DE MAQUINAS E EQUIPAMENTOS;0100;RECURSOS ORDINARIOS;1;ORCAMENTO FISCAL;3;DESPESAS CORRENTES;3;OUTRAS DESPESAS CORRENTES;39;OUTROS SERVICOS DE TERCEIROS PJ - OP.INT.ORC.;339039;OUTROS SERVICOS DE TERCEIROS - PESSOA JURIDICA;33903917;MANUT. E CONSERV. DE MAQUINAS E EQUIPAMENTOS;5;GLOBAL;12;PREGAO;-8;10/01/2018;JAN/2018;2018;070025000012018NE000035;00028455820176078100;PGTO NFS 1770 E 1772. SERVICOS DE MANUTENCAO PREVENTIVA NOBREAK E BANCO DE BATERIAS, ABRIL/2018. RETENCAO 5,00 ISS (R$ 491,67). OPTANTE PELO SIMPLES. PA 5588-41.2017.;26462226000106;ADA ENGENHARIA, CONSULTORIA, PROJETOS E CERTI;;;;;;;;0,00;9.833,33;9.833,33;;;;;;;;;9.833,33;9.833,33
14107;TRIBUNAL REGIONAL ELEITORAL DO DIST. FEDERAL;070025;TRIBUNAL REGIONAL ELEITORAL DO D. FEDERAL;02122057020GP0053;20GP;JULGAMENTO DE CAUSAS E GESTAO ADMINISTRATIVA NA JUSTICA ELEI;0001;JULGAMENTO DE CAUSAS E GESTAO ADMINISTRATIVA;084782;AOSA MANVEI;MANUTENCAO E LEGALIZACAO DE VEICULOS;0100;RECURSOS ORDINARIOS;1;ORCAMENTO FISCAL;3;DESPESAS CORRENTES;3;OUTRAS DESPESAS CORRENTES;30;MATERIAL DE CONSUMO;339030;MATERIAL DE CONSUMO;339030-9;NAO SE APLICA;-9;NAO SE APLICA;-9;NAO SE APLICA;-9;NAO SE APLICA;NAO SE APLICA;-9;-9;-9;17CT0049 - AQUISICAO DE PECAS PARA MANUTENCAO PREVENTIVA, CORRETIVA E ASSISTENCIA AOS VEICULOS QUE INTEGRAM A FROTA DO TRE-DF, CONFORME O CONTRATO Nº 49/17.;-9;NAO SE APLICA;;;;;(25.000,00);;;;;;;;;;;;;;;
14107;TRIBUNAL REGIONAL ELEITORAL DO DIST. FEDERAL;070025;TRIBUNAL REGIONAL ELEITORAL DO D. FEDERAL;02122057020GP0053;20GP;JULGAMENTO DE CAUSAS E GESTAO ADMINISTRATIVA NA JUSTICA ELEI;0001;JULGAMENTO DE CAUSAS E GESTAO ADMINISTRATIVA;084782;AOSA MANVEI;MANUTENCAO E LEGALIZACAO DE VEICULOS;0100;RECURSOS ORDINARIOS;1;ORCAMENTO FISCAL;3;DESPESAS CORRENTES;3;OUTRAS DESPESAS CORRENTES;30;MATERIAL DE CONSUMO;339030;MATERIAL DE CONSUMO;339030-9;NAO SE APLICA;-9;NAO SE APLICA;-9;NAO SE APLICA;-9;NAO SE APLICA;NAO SE APLICA;-9;-9;-9;ALTERACAO PARA EMISSAO DE NE - MANUTENCAO DE VEICULOS (SERVICOS E PECAS)      PA 0003280-32.2017;-9;NAO SE APLICA;25.000,00;25.000,00;;;25.000,00;;;;;;;;;;;;;;;
14107;TRIBUNAL REGIONAL ELEITORAL DO DIST. FEDERAL;070025;TRIBUNAL REGIONAL ELEITORAL DO D. FEDERAL;02122057020GP0053;20GP;JULGAMENTO DE CAUSAS E GESTAO ADMINISTRATIVA NA JUSTICA ELEI;0001;JULGAMENTO DE CAUSAS E GESTAO ADMINISTRATIVA;084782;AOSA MANVEI;MANUTENCAO E LEGALIZACAO DE VEICULOS;0100;RECURSOS ORDINARIOS;1;ORCAMENTO FISCAL;3;DESPESAS CORRENTES;3;OUTRAS DESPESAS CORRENTES;30;MATERIAL DE CONSUMO;339030;MATERIAL DE CONSUMO;33903039;MATERIAL P/ MANUTENCAO DE VEICULOS;3;ESTIMATIVO;12;PREGAO;-8;11/01/2018;JAN/2018;2018;070025000012018NE000048;00032803220176078100;17CT0049 - AQUISICAO DE PECAS PARA MANUTENCAO PREVENTIVA, CORRETIVA E ASSISTENCIA AOS VEICULOS QUE INTEGRAM A FROTA DO TRE-DF, CONFORME O CONTRATO Nº 49/17.;21248483000118;AUTO VIP LOCADORA CENTER CAR EIRELI - EPP;;;;;;;;25.000,00;;;;;;;;;;;;
14107;TRIBUNAL REGIONAL ELEITORAL DO DIST. FEDERAL;070025;TRIBUNAL REGIONAL ELEITORAL DO D. FEDERAL;02122057020GP0053;20GP;JULGAMENTO DE CAUSAS E GESTAO ADMINISTRATIVA NA JUSTICA ELEI;0001;JULGAMENTO DE CAUSAS E GESTAO ADMINISTRATIVA;084782;AOSA MANVEI;MANUTENCAO E LEGALIZACAO DE VEICULOS;0100;RECURSOS ORDINARIOS;1;ORCAMENTO FISCAL;3;DESPESAS CORRENTES;3;OUTRAS DESPESAS CORRENTES;30;MATERIAL DE CONSUMO;339030;MATERIAL DE CONSUMO;33903039;MATERIAL P/ MANUTENCAO DE VEICULOS;3;ESTIMATIVO;12;PREGAO;-8;11/01/2018;JAN/2018;2018;070025000012018NE000048;00032803220176078100;PGTO NF 578,579,580,587,604,683. MANUTENCAO PREVENTIVA E CORRETIVA DOS VEICULOS. OPTANTE PELO SIMPLES. RETENCAO ISS 2,00 (R$ 39,33). PA 6074-26.2017;21248483000118;AUTO VIP LOCADORA CENTER CAR EIRELI - EPP;;;;;;;;0,00;7.864,30;7.864,30;;;;;;;;;7.864,30;7.864,30
14107;TRIBUNAL REGIONAL ELEITORAL DO DIST. FEDERAL;070025;TRIBUNAL REGIONAL ELEITORAL DO D. FEDERAL;02122057020GP0053;20GP;JULGAMENTO DE CAUSAS E GESTAO ADMINISTRATIVA NA JUSTICA ELEI;0001;JULGAMENTO DE CAUSAS E GESTAO ADMINISTRATIVA;084782;AOSA MANVEI;MANUTENCAO E LEGALIZACAO DE VEICULOS;0100;RECURSOS ORDINARIOS;1;ORCAMENTO FISCAL;3;DESPESAS CORRENTES;3;OUTRAS DESPESAS CORRENTES;37;LOCACAO DE MAO-DE-OBRA;339037;LOCACAO DE MAO-DE-OBRA;339037-9;NAO SE APLICA;-9;NAO SE APLICA;-9;NAO SE APLICA;-9;NAO SE APLICA;NAO SE APLICA;-9;-9;-9;ALTERACAO PARA EMISSAO DE NE. PAGAMENTO DE TAXA DE EMISSAO DE 2ª VIA DE CRV.  PAE 0005850-88.2017.6.07.8100;-9;NAO SE APLICA;0,00;0,00;;;0,00;;;;;;;;;;;;;;;
14107;TRIBUNAL REGIONAL ELEITORAL DO DIST. FEDERAL;070025;TRIBUNAL REGIONAL ELEITORAL DO D. FEDERAL;02122057020GP0053;20GP;JULGAMENTO DE CAUSAS E GESTAO ADMINISTRATIVA NA JUSTICA ELEI;0001;JULGAMENTO DE CAUSAS E GESTAO ADMINISTRATIVA;084782;AOSA MANVEI;MANUTENCAO E LEGALIZACAO DE VEICULOS;0100;RECURSOS ORDINARIOS;1;ORCAMENTO FISCAL;3;DESPESAS CORRENTES;3;OUTRAS DESPESAS CORRENTES;39;OUTROS SERVICOS DE TERCEIROS PJ - OP.INT.ORC.;339039;OUTROS SERVICOS DE TERCEIROS - PESSOA JURIDICA;339039-9;NAO SE APLICA;-9;NAO SE APLICA;-9;NAO SE APLICA;-9;NAO SE APLICA;NAO SE APLICA;-9;-9;-9;17CT0049 - SERVICOS DE MANUTENCAO PREVENTIVA, CORRETIVA E ASSISTENCIA AOS  VEICULOS QUE INTEGRAM A FROTA DO TRE-DF, CONFORME O CONTRATO Nº 49/17.;-9;NAO SE APLICA;;;;;(15.000,00);;;;;;;;;;;;;;;
14107;TRIBUNAL REGIONAL ELEITORAL DO DIST. FEDERAL;070025;TRIBUNAL REGIONAL ELEITORAL DO D. FEDERAL;02122057020GP0053;20GP;JULGAMENTO DE CAUSAS E GESTAO ADMINISTRATIVA NA JUSTICA ELEI;0001;JULGAMENTO DE CAUSAS E GESTAO ADMINISTRATIVA;084782;AOSA MANVEI;MANUTENCAO E LEGALIZACAO DE VEICULOS;0100;RECURSOS ORDINARIOS;1;ORCAMENTO FISCAL;3;DESPESAS CORRENTES;3;OUTRAS DESPESAS CORRENTES;39;OUTROS SERVICOS DE TERCEIROS PJ - OP.INT.ORC.;339039;OUTROS SERVICOS DE TERCEIROS - PESSOA JURIDICA;339039-9;NAO SE APLICA;-9;NAO SE APLICA;-9;NAO SE APLICA;-9;NAO SE APLICA;NAO SE APLICA;-9;-9;-9;2018NECT - PAGAMENTO DO SEGURO DPVAT DOS VEICULOS PERTENCENTES A FROTA   DESTETRIBUNAL - EXERCICIO DE 2018.;-9;NAO SE APLICA;;;;;(1.760,31);;;;;;;;;;;;;;;
14107;TRIBUNAL REGIONAL ELEITORAL DO DIST. FEDERAL;070025;TRIBUNAL REGIONAL ELEITORAL DO D. FEDERAL;02122057020GP0053;20GP;JULGAMENTO DE CAUSAS E GESTAO ADMINISTRATIVA NA JUSTICA ELEI;0001;JULGAMENTO DE CAUSAS E GESTAO ADMINISTRATIVA;084782;AOSA MANVEI;MANUTENCAO E LEGALIZACAO DE VEICULOS;0100;RECURSOS ORDINARIOS;1;ORCAMENTO FISCAL;3;DESPESAS CORRENTES;3;OUTRAS DESPESAS CORRENTES;39;OUTROS SERVICOS DE TERCEIROS PJ - OP.INT.ORC.;339039;OUTROS SERVICOS DE TERCEIROS - PESSOA JURIDICA;339039-9;NAO SE APLICA;-9;NAO SE APLICA;-9;NAO SE APLICA;-9;NAO SE APLICA;NAO SE APLICA;-9;-9;-9;ALTERACAO PARA EMISSAO DE NE - MANUTENCAO DE VEICULOS (SERVICOS E PECAS)      PA 0003280-32.2017;-9;NAO SE APLICA;15.000,00;15.000,00;;;15.000,00;;;;;;;;;;;;;;;
14107;TRIBUNAL REGIONAL ELEITORAL DO DIST. FEDERAL;070025;TRIBUNAL REGIONAL ELEITORAL DO D. FEDERAL;02122057020GP0053;20GP;JULGAMENTO DE CAUSAS E GESTAO ADMINISTRATIVA NA JUSTICA ELEI;0001;JULGAMENTO DE CAUSAS E GESTAO ADMINISTRATIVA;084782;AOSA MANVEI;MANUTENCAO E LEGALIZACAO DE VEICULOS;0100;RECURSOS ORDINARIOS;1;ORCAMENTO FISCAL;3;DESPESAS CORRENTES;3;OUTRAS DESPESAS CORRENTES;39;OUTROS SERVICOS DE TERCEIROS PJ - OP.INT.ORC.;339039;OUTROS SERVICOS DE TERCEIROS - PESSOA JURIDICA;339039-9;NAO SE APLICA;-9;NAO SE APLICA;-9;NAO SE APLICA;-9;NAO SE APLICA;NAO SE APLICA;-9;-9;-9;ALTERACAO PARA EMISSAO DE NE - TAXAS DE LICENCIAMENTO E SEGURO DPVAT          (PA 0001494-84.2016.6.07.8100);-9;NAO SE APLICA;1.760,31;1.760,31;;;1.760,31;;;;;;;;;;;;;;;
14107;TRIBUNAL REGIONAL ELEITORAL DO DIST. FEDERAL;070025;TRIBUNAL REGIONAL ELEITORAL DO D. FEDERAL;02122057020GP0053;20GP;JULGAMENTO DE CAUSAS E GESTAO ADMINISTRATIVA NA JUSTICA ELEI;0001;JULGAMENTO DE CAUSAS E GESTAO ADMINISTRATIVA;084782;AOSA MANVEI;MANUTENCAO E LEGALIZACAO DE VEICULOS;0100;RECURSOS ORDINARIOS;1;ORCAMENTO FISCAL;3;DESPESAS CORRENTES;3;OUTRAS DESPESAS CORRENTES;39;OUTROS SERVICOS DE TERCEIROS PJ - OP.INT.ORC.;339039;OUTROS SERVICOS DE TERCEIROS - PESSOA JURIDICA;33903919;MANUTENCAO E CONSERV. DE VEICULOS;3;ESTIMATIVO;12;PREGAO;-8;11/01/2018;JAN/2018;2018;070025000012018NE000049;00032803220176078100;17CT0049 - SERVICOS DE MANUTENCAO PREVENTIVA, CORRETIVA E ASSISTENCIA AOS  VEICULOS QUE INTEGRAM A FROTA DO TRE-DF, CONFORME O CONTRATO Nº 49/17.;21248483000118;AUTO VIP LOCADORA CENTER CAR EIRELI - EPP;;;;;;;;15.000,00;;;;;;;;;;;;
14107;TRIBUNAL REGIONAL ELEITORAL DO DIST. FEDERAL;070025;TRIBUNAL REGIONAL ELEITORAL DO D. FEDERAL;02122057020GP0053;20GP;JULGAMENTO DE CAUSAS E GESTAO ADMINISTRATIVA NA JUSTICA ELEI;0001;JULGAMENTO DE CAUSAS E GESTAO ADMINISTRATIVA;084782;AOSA MANVEI;MANUTENCAO E LEGALIZACAO DE VEICULOS;0100;RECURSOS ORDINARIOS;1;ORCAMENTO FISCAL;3;DESPESAS CORRENTES;3;OUTRAS DESPESAS CORRENTES;39;OUTROS SERVICOS DE TERCEIROS PJ - OP.INT.ORC.;339039;OUTROS SERVICOS DE TERCEIROS - PESSOA JURIDICA;33903919;MANUTENCAO E CONSERV. DE VEICULOS;3;ESTIMATIVO;12;PREGAO;-8;11/01/2018;JAN/2018;2018;070025000012018NE000049;00032803220176078100;PGTO NF 578,579,580,587,604,683. MANUTENCAO PREVENTIVA E CORRETIVA DOS VEICULOS. OPTANTE PELO SIMPLES. RETENCAO ISS 2,00 (R$ 39,33). PA 6074-26.2017;21248483000118;AUTO VIP LOCADORA CENTER CAR EIRELI - EPP;;;;;;;;0,00;1.966,27;1.966,27;;;;;;;;;1.966,27;1.966,27
14107;TRIBUNAL REGIONAL ELEITORAL DO DIST. FEDERAL;070025;TRIBUNAL REGIONAL ELEITORAL DO D. FEDERAL;02122057020GP0053;20GP;JULGAMENTO DE CAUSAS E GESTAO ADMINISTRATIVA NA JUSTICA ELEI;0001;JULGAMENTO DE CAUSAS E GESTAO ADMINISTRATIVA;084782;AOSA MANVEI;MANUTENCAO E LEGALIZACAO DE VEICULOS;0100;RECURSOS ORDINARIOS;1;ORCAMENTO FISCAL;3;DESPESAS CORRENTES;3;OUTRAS DESPESAS CORRENTES;39;OUTROS SERVICOS DE TERCEIROS PJ - OP.INT.ORC.;339039;OUTROS SERVICOS DE TERCEIROS - PESSOA JURIDICA;33903969;SEGUROS EM GERAL;1;ORDINARIO;08;NAO SE APLICA;-8;19/03/2018;MAR/2018;2018;070025000012018NE000167;00014948420166078100;2018NECT - PAGAMENTO DO SEGURO DPVAT DOS VEICULOS PERTENCENTES A FROTA   DESTETRIBUNAL - EXERCICIO DE 2018.;00000000000191;BANCO DO BRASIL SA;;;;;;;;1.760,31;;;;;;;;;;;;
14107;TRIBUNAL REGIONAL ELEITORAL DO DIST. FEDERAL;070025;TRIBUNAL REGIONAL ELEITORAL DO D. FEDERAL;02122057020GP0053;20GP;JULGAMENTO DE CAUSAS E GESTAO ADMINISTRATIVA NA JUSTICA ELEI;0001;JULGAMENTO DE CAUSAS E GESTAO ADMINISTRATIVA;084782;AOSA MANVEI;MANUTENCAO E LEGALIZACAO DE VEICULOS;0100;RECURSOS ORDINARIOS;1;ORCAMENTO FISCAL;3;DESPESAS CORRENTES;3;OUTRAS DESPESAS CORRENTES;39;OUTROS SERVICOS DE TERCEIROS PJ - OP.INT.ORC.;339039;OUTROS SERVICOS DE TERCEIROS - PESSOA JURIDICA;33903969;SEGUROS EM GERAL;1;ORDINARIO;08;NAO SE APLICA;-8;19/03/2018;MAR/2018;2018;070025000012018NE000167;00014948420166078100;INEXISTENCIA DE AUTORIZACAO PARA PAGAMENTO POR PARTE DO                       ORDENADOR DE DESPESA E/OU GESTOR FINANCEIRO DA UNIDADE;00000000000191;BANCO DO BRASIL SA;;;;;;;;0,00;0,00;(1.760,31);;;;;;;;;0,00;(1.760,31)
14107;TRIBUNAL REGIONAL ELEITORAL DO DIST. FEDERAL;070025;TRIBUNAL REGIONAL ELEITORAL DO D. FEDERAL;02122057020GP0053;20GP;JULGAMENTO DE CAUSAS E GESTAO ADMINISTRATIVA NA JUSTICA ELEI;0001;JULGAMENTO DE CAUSAS E GESTAO ADMINISTRATIVA;084782;AOSA MANVEI;MANUTENCAO E LEGALIZACAO DE VEICULOS;0100;RECURSOS ORDINARIOS;1;ORCAMENTO FISCAL;3;DESPESAS CORRENTES;3;OUTRAS DESPESAS CORRENTES;39;OUTROS SERVICOS DE TERCEIROS PJ - OP.INT.ORC.;339039;OUTROS SERVICOS DE TERCEIROS - PESSOA JURIDICA;33903969;SEGUROS EM GERAL;1;ORDINARIO;08;NAO SE APLICA;-8;19/03/2018;MAR/2018;2018;070025000012018NE000167;00014948420166078100;PGTO DE SEGURO DPVAT E TAXAS DE LICENCIAMENTO DE VEICULOS, AUTORIZACAO ANUAL DE PLACAS DE BRONZE E PLACAS VINCULADAS. PA 1494-84.2016;00000000000191;BANCO DO BRASIL SA;;;;;;;;0,00;1.760,31;3.520,62;;;;;;;;;1.760,31;3.520,62
14107;TRIBUNAL REGIONAL ELEITORAL DO DIST. FEDERAL;070025;TRIBUNAL REGIONAL ELEITORAL DO D. FEDERAL;02122057020GP0053;20GP;JULGAMENTO DE CAUSAS E GESTAO ADMINISTRATIVA NA JUSTICA ELEI;0001;JULGAMENTO DE CAUSAS E GESTAO ADMINISTRATIVA;084782;AOSA MANVEI;MANUTENCAO E LEGALIZACAO DE VEICULOS;0100;RECURSOS ORDINARIOS;1;ORCAMENTO FISCAL;3;DESPESAS CORRENTES;3;OUTRAS DESPESAS CORRENTES;47;OBRIGACOES TRIBUTARIAS E CONTRIBUTIVAS;339047;OBRIGACOES TRIBUTARIAS E CONTRIBUTIVAS;339047-9;NAO SE APLICA;-9;NAO SE APLICA;-9;NAO SE APLICA;-9;NAO SE APLICA;NAO SE APLICA;-9;-9;-9;2018NECT - TAXA REFERENTE A EMISSAO DE 2ª VIA DE CRV DO VEICULO GM CELTA, PLA-CA JJU 0491.;-9;NAO SE APLICA;;;;;(143,00);;;;;;;;;;;;;;;
14107;TRIBUNAL REGIONAL ELEITORAL DO DIST. FEDERAL;070025;TRIBUNAL REGIONAL ELEITORAL DO D. FEDERAL;02122057020GP0053;20GP;JULGAMENTO DE CAUSAS E GESTAO ADMINISTRATIVA NA JUSTICA ELEI;0001;JULGAMENTO DE CAUSAS E GESTAO ADMINISTRATIVA;084782;AOSA MANVEI;MANUTENCAO E LEGALIZACAO DE VEICULOS;0100;RECURSOS ORDINARIOS;1;ORCAMENTO FISCAL;3;DESPESAS CORRENTES;3;OUTRAS DESPESAS CORRENTES;47;OBRIGACOES TRIBUTARIAS E CONTRIBUTIVAS;339047;OBRIGACOES TRIBUTARIAS E CONTRIBUTIVAS;339047-9;NAO SE APLICA;-9;NAO SE APLICA;-9;NAO SE APLICA;-9;NAO SE APLICA;NAO SE APLICA;-9;-9;-9;2018NECT - TAXA REFERENTE A EMISSAO DE 2ª VIA DE CRV DO VEICULO GM CELTA, PLA-CA JJU 0491. ANULACAO.;-9;NAO SE APLICA;;;;;143,00;;;;;;;;;;;;;;;
14107;TRIBUNAL REGIONAL ELEITORAL DO DIST. FEDERAL;070025;TRIBUNAL REGIONAL ELEITORAL DO D. FEDERAL;02122057020GP0053;20GP;JULGAMENTO DE CAUSAS E GESTAO ADMINISTRATIVA NA JUSTICA ELEI;0001;JULGAMENTO DE CAUSAS E GESTAO ADMINISTRATIVA;084782;AOSA MANVEI;MANUTENCAO E LEGALIZACAO DE VEICULOS;0100;RECURSOS ORDINARIOS;1;ORCAMENTO FISCAL;3;DESPESAS CORRENTES;3;OUTRAS DESPESAS CORRENTES;47;OBRIGACOES TRIBUTARIAS E CONTRIBUTIVAS;339047;OBRIGACOES TRIBUTARIAS E CONTRIBUTIVAS;339047-9;NAO SE APLICA;-9;NAO SE APLICA;-9;NAO SE APLICA;-9;NAO SE APLICA;NAO SE APLICA;-9;-9;-9;2018NECT - TAXAS DE LACRE E DE FIXACAO DE PLACA DE 2 VEICULOS PERTENCENTES A  FROTA OFICIAL DESTE TRE/DF, CONFORME CONSTA DOS AUTOS. EXERCICIO DE 2018.;-9;NAO SE APLICA;;;;;(138,00);;;;;;;;;;;;;;;
14107;TRIBUNAL REGIONAL ELEITORAL DO DIST. FEDERAL;070025;TRIBUNAL REGIONAL ELEITORAL DO D. FEDERAL;02122057020GP0053;20GP;JULGAMENTO DE CAUSAS E GESTAO ADMINISTRATIVA NA JUSTICA ELEI;0001;JULGAMENTO DE CAUSAS E GESTAO ADMINISTRATIVA;084782;AOSA MANVEI;MANUTENCAO E LEGALIZACAO DE VEICULOS;0100;RECURSOS ORDINARIOS;1;ORCAMENTO FISCAL;3;DESPESAS CORRENTES;3;OUTRAS DESPESAS CORRENTES;47;OBRIGACOES TRIBUTARIAS E CONTRIBUTIVAS;339047;OBRIGACOES TRIBUTARIAS E CONTRIBUTIVAS;339047-9;NAO SE APLICA;-9;NAO SE APLICA;-9;NAO SE APLICA;-9;NAO SE APLICA;NAO SE APLICA;-9;-9;-9;2018NECT - TAXAS DE LICENCIAMENTO DE VEICULOS, TAXAS DE AUTORIZACAO ANUAL: PLACAS DE BRONZE E PLACAS VINCULADAS E TAXAS DE LICENCA DE UTILIZACAO ANUAL. EXERCICIO DE 2018.;-9;NAO SE APLICA;;;;;(3.562,56);;;;;;;;;;;;;;;
14107;TRIBUNAL REGIONAL ELEITORAL DO DIST. FEDERAL;070025;TRIBUNAL REGIONAL ELEITORAL DO D. FEDERAL;02122057020GP0053;20GP;JULGAMENTO DE CAUSAS E GESTAO ADMINISTRATIVA NA JUSTICA ELEI;0001;JULGAMENTO DE CAUSAS E GESTAO ADMINISTRATIVA;084782;AOSA MANVEI;MANUTENCAO E LEGALIZACAO DE VEICULOS;0100;RECURSOS ORDINARIOS;1;ORCAMENTO FISCAL;3;DESPESAS CORRENTES;3;OUTRAS DESPESAS CORRENTES;47;OBRIGACOES TRIBUTARIAS E CONTRIBUTIVAS;339047;OBRIGACOES TRIBUTARIAS E CONTRIBUTIVAS;339047-9;NAO SE APLICA;-9;NAO SE APLICA;-9;NAO SE APLICA;-9;NAO SE APLICA;NAO SE APLICA;-9;-9;-9;ALTERACAO PARA EMISSAO DE NE - PAGAMENTO DE TAXAS DE LACRE E DE FIXACAO DE PLACA DOS DOIS MEGANES (PA 0001494-84.2016.6.07.8100);-9;NAO SE APLICA;138,00;138,00;;;138,00;;;;;;;;;;;;;;;
14107;TRIBUNAL REGIONAL ELEITORAL DO DIST. FEDERAL;070025;TRIBUNAL REGIONAL ELEITORAL DO D. FEDERAL;02122057020GP0053;20GP;JULGAMENTO DE CAUSAS E GESTAO ADMINISTRATIVA NA JUSTICA ELEI;0001;JULGAMENTO DE CAUSAS E GESTAO ADMINISTRATIVA;084782;AOSA MANVEI;MANUTENCAO E LEGALIZACAO DE VEICULOS;0100;RECURSOS ORDINARIOS;1;ORCAMENTO FISCAL;3;DESPESAS CORRENTES;3;OUTRAS DESPESAS CORRENTES;47;OBRIGACOES TRIBUTARIAS E CONTRIBUTIVAS;339047;OBRIGACOES TRIBUTARIAS E CONTRIBUTIVAS;339047-9;NAO SE APLICA;-9;NAO SE APLICA;-9;NAO SE APLICA;-9;NAO SE APLICA;NAO SE APLICA;-9;-9;-9;ALTERACAO PARA EMISSAO DE NE - TAXAS DE LICENCIAMENTO E SEGURO DPVAT          (PA 0001494-84.2016.6.07.8100);-9;NAO SE APLICA;3.562,56;3.562,56;;;3.562,56;;;;;;;;;;;;;;;
14107;TRIBUNAL REGIONAL ELEITORAL DO DIST. FEDERAL;070025;TRIBUNAL REGIONAL ELEITORAL DO D. FEDERAL;02122057020GP0053;20GP;JULGAMENTO DE CAUSAS E GESTAO ADMINISTRATIVA NA JUSTICA ELEI;0001;JULGAMENTO DE CAUSAS E GESTAO ADMINISTRATIVA;084782;AOSA MANVEI;MANUTENCAO E LEGALIZACAO DE VEICULOS;0100;RECURSOS ORDINARIOS;1;ORCAMENTO FISCAL;3;DESPESAS CORRENTES;3;OUTRAS DESPESAS CORRENTES;47;OBRIGACOES TRIBUTARIAS E CONTRIBUTIVAS;339047;OBRIGACOES TRIBUTARIAS E CONTRIBUTIVAS;339047-9;NAO SE APLICA;-9;NAO SE APLICA;-9;NAO SE APLICA;-9;NAO SE APLICA;NAO SE APLICA;-9;-9;-9;ALTERACAO PARA EMISSAO DE NE. PAGAMENTO DE TAXA DE EMISSAO DE 2ª VIA DE CRV.  PAE 0005850-88.2017.6.07.8100;-9;NAO SE APLICA;143,00;143,00;;;143,00;;;;;;;;;;;;;;;
14107;TRIBUNAL REGIONAL ELEITORAL DO DIST. FEDERAL;070025;TRIBUNAL REGIONAL ELEITORAL DO D. FEDERAL;02122057020GP0053;20GP;JULGAMENTO DE CAUSAS E GESTAO ADMINISTRATIVA NA JUSTICA ELEI;0001;JULGAMENTO DE CAUSAS E GESTAO ADMINISTRATIVA;084782;AOSA MANVEI;MANUTENCAO E LEGALIZACAO DE VEICULOS;0100;RECURSOS ORDINARIOS;1;ORCAMENTO FISCAL;3;DESPESAS CORRENTES;3;OUTRAS DESPESAS CORRENTES;47;OBRIGACOES TRIBUTARIAS E CONTRIBUTIVAS;339047;OBRIGACOES TRIBUTARIAS E CONTRIBUTIVAS;339047-9;NAO SE APLICA;-9;NAO SE APLICA;-9;NAO SE APLICA;-9;NAO SE APLICA;NAO SE APLICA;-9;-9;-9;RETORNO AO DISPONIVEL - TAXA REFERENTE A EMISSAO DE 2ªVIA DE CRV DO VEICULO GMCELTA, PLACA JJU 0491. (PA 0005850-88.2017.6.07.8100);-9;NAO SE APLICA;(143,00);(143,00);;;(143,00);;;;;;;;;;;;;;;
14107;TRIBUNAL REGIONAL ELEITORAL DO DIST. FEDERAL;070025;TRIBUNAL REGIONAL ELEITORAL DO D. FEDERAL;02122057020GP0053;20GP;JULGAMENTO DE CAUSAS E GESTAO ADMINISTRATIVA NA JUSTICA ELEI;0001;JULGAMENTO DE CAUSAS E GESTAO ADMINISTRATIVA;084782;AOSA MANVEI;MANUTENCAO E LEGALIZACAO DE VEICULOS;0100;RECURSOS ORDINARIOS;1;ORCAMENTO FISCAL;3;DESPESAS CORRENTES;3;OUTRAS DESPESAS CORRENTES;47;OBRIGACOES TRIBUTARIAS E CONTRIBUTIVAS;339047;OBRIGACOES TRIBUTARIAS E CONTRIBUTIVAS;33904710;TAXAS;1;ORDINARIO;08;NAO SE APLICA;-8;25/01/2018;JAN/2018;2018;070025000012018NE000070;00058508820176078100;2018NECT - TAXA REFERENTE A EMISSAO DE 2ª VIA DE CRV DO VEICULO GM CELTA, PLA-CA JJU 0491.;00475855000179;DEPARTAMENTO DE TRANSITO DO DISTRITO FEDERAL;;;;;;;;143,00;;;;;;;;;;;;
14107;TRIBUNAL REGIONAL ELEITORAL DO DIST. FEDERAL;070025;TRIBUNAL REGIONAL ELEITORAL DO D. FEDERAL;02122057020GP0053;20GP;JULGAMENTO DE CAUSAS E GESTAO ADMINISTRATIVA NA JUSTICA ELEI;0001;JULGAMENTO DE CAUSAS E GESTAO ADMINISTRATIVA;084782;AOSA MANVEI;MANUTENCAO E LEGALIZACAO DE VEICULOS;0100;RECURSOS ORDINARIOS;1;ORCAMENTO FISCAL;3;DESPESAS CORRENTES;3;OUTRAS DESPESAS CORRENTES;47;OBRIGACOES TRIBUTARIAS E CONTRIBUTIVAS;339047;OBRIGACOES TRIBUTARIAS E CONTRIBUTIVAS;33904710;TAXAS;1;ORDINARIO;08;NAO SE APLICA;-8;25/01/2018;JAN/2018;2018;070025000012018NE000070;00058508820176078100;2018NECT - TAXA REFERENTE A EMISSAO DE 2ª VIA DE CRV DO VEICULO GM CELTA, PLA-CA JJU 0491. ANULACAO.;00475855000179;DEPARTAMENTO DE TRANSITO DO DISTRITO FEDERAL;;;;;;;;(143,00);;;;;;;;;;;;
14107;TRIBUNAL REGIONAL ELEITORAL DO DIST. FEDERAL;070025;TRIBUNAL REGIONAL ELEITORAL DO D. FEDERAL;02122057020GP0053;20GP;JULGAMENTO DE CAUSAS E GESTAO ADMINISTRATIVA NA JUSTICA ELEI;0001;JULGAMENTO DE CAUSAS E GESTAO ADMINISTRATIVA;084782;AOSA MANVEI;MANUTENCAO E LEGALIZACAO DE VEICULOS;0100;RECURSOS ORDINARIOS;1;ORCAMENTO FISCAL;3;DESPESAS CORRENTES;3;OUTRAS DESPESAS CORRENTES;47;OBRIGACOES TRIBUTARIAS E CONTRIBUTIVAS;339047;OBRIGACOES TRIBUTARIAS E CONTRIBUTIVAS;33904710;TAXAS;1;ORDINARIO;08;NAO SE APLICA;-8;25/01/2018;JAN/2018;2018;070025000012018NE000070;00058508820176078100;CANCELAMENTO PAGTO NAO NECESSARIO;00475855000179;DEPARTAMENTO DE TRANSITO DO DISTRITO FEDERAL;;;;;;;;0,00;(143,00);;;;;;;;;;(143,00);
14107;TRIBUNAL REGIONAL ELEITORAL DO DIST. FEDERAL;070025;TRIBUNAL REGIONAL ELEITORAL DO D. FEDERAL;02122057020GP0053;20GP;JULGAMENTO DE CAUSAS E GESTAO ADMINISTRATIVA NA JUSTICA ELEI;0001;JULGAMENTO DE CAUSAS E GESTAO ADMINISTRATIVA;084782;AOSA MANVEI;MANUTENCAO E LEGALIZACAO DE VEICULOS;0100;RECURSOS ORDINARIOS;1;ORCAMENTO FISCAL;3;DESPESAS CORRENTES;3;OUTRAS DESPESAS CORRENTES;47;OBRIGACOES TRIBUTARIAS E CONTRIBUTIVAS;339047;OBRIGACOES TRIBUTARIAS E CONTRIBUTIVAS;33904710;TAXAS;1;ORDINARIO;08;NAO SE APLICA;-8;25/01/2018;JAN/2018;2018;070025000012018NE000070;00058508820176078100;PGTO DE TAXAS PARA REEMISSAO DA 2A VIA DO CRV. PA 5850-88.2017;00475855000179;DEPARTAMENTO DE TRANSITO DO DISTRITO FEDERAL;;;;;;;;0,00;143,00;;;;;;;;;;143,00;
14107;TRIBUNAL REGIONAL ELEITORAL DO DIST. FEDERAL;070025;TRIBUNAL REGIONAL ELEITORAL DO D. FEDERAL;02122057020GP0053;20GP;JULGAMENTO DE CAUSAS E GESTAO ADMINISTRATIVA NA JUSTICA ELEI;0001;JULGAMENTO DE CAUSAS E GESTAO ADMINISTRATIVA;084782;AOSA MANVEI;MANUTENCAO E LEGALIZACAO DE VEICULOS;0100;RECURSOS ORDINARIOS;1;ORCAMENTO FISCAL;3;DESPESAS CORRENTES;3;OUTRAS DESPESAS CORRENTES;47;OBRIGACOES TRIBUTARIAS E CONTRIBUTIVAS;339047;OBRIGACOES TRIBUTARIAS E CONTRIBUTIVAS;33904710;TAXAS;1;ORDINARIO;08;NAO SE APLICA;-8;19/03/2018;MAR/2018;2018;070025000012018NE000168;00014948420166078100;2018NECT - TAXAS DE LICENCIAMENTO DE VEICULOS, TAXAS DE AUTORIZACAO ANUAL: PLACAS DE BRONZE E PLACAS VINCULADAS E TAXAS DE LICENCA DE UTILIZACAO ANUAL. EXERCICIO DE 2018.;00000000000191;BANCO DO BRASIL SA;;;;;;;;3.562,56;;;;;;;;;;;;
14107;TRIBUNAL REGIONAL ELEITORAL DO DIST. FEDERAL;070025;TRIBUNAL REGIONAL ELEITORAL DO D. FEDERAL;02122057020GP0053;20GP;JULGAMENTO DE CAUSAS E GESTAO ADMINISTRATIVA NA JUSTICA ELEI;0001;JULGAMENTO DE CAUSAS E GESTAO ADMINISTRATIVA;084782;AOSA MANVEI;MANUTENCAO E LEGALIZACAO DE VEICULOS;0100;RECURSOS ORDINARIOS;1;ORCAMENTO FISCAL;3;DESPESAS CORRENTES;3;OUTRAS DESPESAS CORRENTES;47;OBRIGACOES TRIBUTARIAS E CONTRIBUTIVAS;339047;OBRIGACOES TRIBUTARIAS E CONTRIBUTIVAS;33904710;TAXAS;1;ORDINARIO;08;NAO SE APLICA;-8;19/03/2018;MAR/2018;2018;070025000012018NE000168;00014948420166078100;INEXISTENCIA DE AUTORIZACAO PARA PAGAMENTO POR PARTE DO                       ORDENADOR DE DESPESA E/OU GESTOR FINANCEIRO DA UNIDADE;00000000000191;BANCO DO BRASIL SA;;;;;;;;0,00;0,00;(3.562,56);;;;;;;;;0,00;(3.562,56)
14107;TRIBUNAL REGIONAL ELEITORAL DO DIST. FEDERAL;070025;TRIBUNAL REGIONAL ELEITORAL DO D. FEDERAL;02122057020GP0053;20GP;JULGAMENTO DE CAUSAS E GESTAO ADMINISTRATIVA NA JUSTICA ELEI;0001;JULGAMENTO DE CAUSAS E GESTAO ADMINISTRATIVA;084782;AOSA MANVEI;MANUTENCAO E LEGALIZACAO DE VEICULOS;0100;RECURSOS ORDINARIOS;1;ORCAMENTO FISCAL;3;DESPESAS CORRENTES;3;OUTRAS DESPESAS CORRENTES;47;OBRIGACOES TRIBUTARIAS E CONTRIBUTIVAS;339047;OBRIGACOES TRIBUTARIAS E CONTRIBUTIVAS;33904710;TAXAS;1;ORDINARIO;08;NAO SE APLICA;-8;19/03/2018;MAR/2018;2018;070025000012018NE000168;00014948420166078100;PGTO DE SEGURO DPVAT E TAXAS DE LICENCIAMENTO DE VEICULOS, AUTORIZACAO ANUAL DE PLACAS DE BRONZE E PLACAS VINCULADAS. PA 1494-84.2016;00000000000191;BANCO DO BRASIL SA;;;;;;;;0,00;3.562,56;7.125,12;;;;;;;;;3.562,56;7.125,12
14107;TRIBUNAL REGIONAL ELEITORAL DO DIST. FEDERAL;070025;TRIBUNAL REGIONAL ELEITORAL DO D. FEDERAL;02122057020GP0053;20GP;JULGAMENTO DE CAUSAS E GESTAO ADMINISTRATIVA NA JUSTICA ELEI;0001;JULGAMENTO DE CAUSAS E GESTAO ADMINISTRATIVA;084782;AOSA MANVEI;MANUTENCAO E LEGALIZACAO DE VEICULOS;0100;RECURSOS ORDINARIOS;1;ORCAMENTO FISCAL;3;DESPESAS CORRENTES;3;OUTRAS DESPESAS CORRENTES;47;OBRIGACOES TRIBUTARIAS E CONTRIBUTIVAS;339047;OBRIGACOES TRIBUTARIAS E CONTRIBUTIVAS;33904710;TAXAS;1;ORDINARIO;08;NAO SE APLICA;-8;02/04/2018;ABR/2018;2018;070025000012018NE000195;00014948420166078100;2018NECT - TAXAS DE LACRE E DE FIXACAO DE PLACA DE 2 VEICULOS PERTENCENTES A  FROTA OFICIAL DESTE TRE/DF, CONFORME CONSTA DOS AUTOS. EXERCICIO DE 2018.;00000000000191;BANCO DO BRASIL SA;;;;;;;;138,00;;;;;;;;;;;;
14107;TRIBUNAL REGIONAL ELEITORAL DO DIST. FEDERAL;070025;TRIBUNAL REGIONAL ELEITORAL DO D. FEDERAL;02122057020GP0053;20GP;JULGAMENTO DE CAUSAS E GESTAO ADMINISTRATIVA NA JUSTICA ELEI;0001;JULGAMENTO DE CAUSAS E GESTAO ADMINISTRATIVA;084782;AOSA MANVEI;MANUTENCAO E LEGALIZACAO DE VEICULOS;0100;RECURSOS ORDINARIOS;1;ORCAMENTO FISCAL;3;DESPESAS CORRENTES;3;OUTRAS DESPESAS CORRENTES;47;OBRIGACOES TRIBUTARIAS E CONTRIBUTIVAS;339047;OBRIGACOES TRIBUTARIAS E CONTRIBUTIVAS;33904710;TAXAS;1;ORDINARIO;08;NAO SE APLICA;-8;02/04/2018;ABR/2018;2018;070025000012018NE000195;00014948420166078100;INEXISTENCIA DE AUTORIZACAO PARA PAGAMENTO POR PARTE DO                       ORDENADOR DE DESPESA E/OU GESTOR FINANCEIRO DA UNIDADE;00000000000191;BANCO DO BRASIL SA;;;;;;;;0,00;0,00;(138,00);;;;;;;;;0,00;(138,00)
14107;TRIBUNAL REGIONAL ELEITORAL DO DIST. FEDERAL;070025;TRIBUNAL REGIONAL ELEITORAL DO D. FEDERAL;02122057020GP0053;20GP;JULGAMENTO DE CAUSAS E GESTAO ADMINISTRATIVA NA JUSTICA ELEI;0001;JULGAMENTO DE CAUSAS E GESTAO ADMINISTRATIVA;084782;AOSA MANVEI;MANUTENCAO E LEGALIZACAO DE VEICULOS;0100;RECURSOS ORDINARIOS;1;ORCAMENTO FISCAL;3;DESPESAS CORRENTES;3;OUTRAS DESPESAS CORRENTES;47;OBRIGACOES TRIBUTARIAS E CONTRIBUTIVAS;339047;OBRIGACOES TRIBUTARIAS E CONTRIBUTIVAS;33904710;TAXAS;1;ORDINARIO;08;NAO SE APLICA;-8;02/04/2018;ABR/2018;2018;070025000012018NE000195;00014948420166078100;PGTO DE SEGURO DPVAT E TAXAS DE LICENCIAMENTO DE VEICULOS, AUTORIZACAO ANUAL DE PLACAS DE BRONZE E PLACAS VINCULADAS. PA 1494-84.2016;00000000000191;BANCO DO BRASIL SA;;;;;;;;0,00;138,00;276,00;;;;;;;;;138,00;276,00
14107;TRIBUNAL REGIONAL ELEITORAL DO DIST. FEDERAL;070025;TRIBUNAL REGIONAL ELEITORAL DO D. FEDERAL;02122057020GP0053;20GP;JULGAMENTO DE CAUSAS E GESTAO ADMINISTRATIVA NA JUSTICA ELEI;0001;JULGAMENTO DE CAUSAS E GESTAO ADMINISTRATIVA;084782;AOSA MATIMO;MATERIAIS PARA MANUTENCAO DE IMOVEIS;0100;RECURSOS ORDINARIOS;1;ORCAMENTO FISCAL;3;DESPESAS CORRENTES;3;OUTRAS DESPESAS CORRENTES;30;MATERIAL DE CONSUMO;339030;MATERIAL DE CONSUMO;339030-9;NAO SE APLICA;-9;NAO SE APLICA;-9;NAO SE APLICA;-9;NAO SE APLICA;NAO SE APLICA;-9;-9;-9;17CT0039 - SERVICOS DE MANUTENCAO CORRETIVA PARA OS PORTOES ELETRONICOS DE CORRER, BASCULANTES E CANCELAS DO TRE/DF (SEDE) E SUAS UNIDADES  ADMINISTRATIVAS.FORNECIMENTO E SUBSTITUICAO DE PECAS. CONTRATO Nº 39/2017.;-9;NAO SE APLICA;;;;;(10.000,00);;;;;;;;;;;;;;;
14107;TRIBUNAL REGIONAL ELEITORAL DO DIST. FEDERAL;070025;TRIBUNAL REGIONAL ELEITORAL DO D. FEDERAL;02122057020GP0053;20GP;JULGAMENTO DE CAUSAS E GESTAO ADMINISTRATIVA NA JUSTICA ELEI;0001;JULGAMENTO DE CAUSAS E GESTAO ADMINISTRATIVA;084782;AOSA MATIMO;MATERIAIS PARA MANUTENCAO DE IMOVEIS;0100;RECURSOS ORDINARIOS;1;ORCAMENTO FISCAL;3;DESPESAS CORRENTES;3;OUTRAS DESPESAS CORRENTES;30;MATERIAL DE CONSUMO;339030;MATERIAL DE CONSUMO;339030-9;NAO SE APLICA;-9;NAO SE APLICA;-9;NAO SE APLICA;-9;NAO SE APLICA;NAO SE APLICA;-9;-9;-9;ALTERACAO PARA EMISSAO DE NE - SERVICOS DE MANUTENCAO CORRETIVA PARA PORTOES  ELETRONICOS DE CORRER, BASCULANTES E CANCELAS (PECAS).                        (PA 0002931-29.2017.6.07.8100);-9;NAO SE APLICA;10.000,00;10.000,00;;;10.000,00;;;;;;;;;;;;;;;
14107;TRIBUNAL REGIONAL ELEITORAL DO DIST. FEDERAL;070025;TRIBUNAL REGIONAL ELEITORAL DO D. FEDERAL;02122057020GP0053;20GP;JULGAMENTO DE CAUSAS E GESTAO ADMINISTRATIVA NA JUSTICA ELEI;0001;JULGAMENTO DE CAUSAS E GESTAO ADMINISTRATIVA;084782;AOSA MATIMO;MATERIAIS PARA MANUTENCAO DE IMOVEIS;0100;RECURSOS ORDINARIOS;1;ORCAMENTO FISCAL;3;DESPESAS CORRENTES;3;OUTRAS DESPESAS CORRENTES;30;MATERIAL DE CONSUMO;339030;MATERIAL DE CONSUMO;339030-9;NAO SE APLICA;-9;NAO SE APLICA;-9;NAO SE APLICA;-9;NAO SE APLICA;NAO SE APLICA;-9;-9;-9;ALTERACAO PARA EMISSAO DE PE -SERVICOS DE MANUTENCAO CORRETIVA PARA OS PORTOESELETRONICOS DE CORRER, BASCULANTES E CANCELAS. (PA 0002931-29.2017);-9;NAO SE APLICA;3.820,00;3.820,00;;;3.820,00;;;;;;;;;;;;;;;
14107;TRIBUNAL REGIONAL ELEITORAL DO DIST. FEDERAL;070025;TRIBUNAL REGIONAL ELEITORAL DO D. FEDERAL;02122057020GP0053;20GP;JULGAMENTO DE CAUSAS E GESTAO ADMINISTRATIVA NA JUSTICA ELEI;0001;JULGAMENTO DE CAUSAS E GESTAO ADMINISTRATIVA;084782;AOSA MATIMO;MATERIAIS PARA MANUTENCAO DE IMOVEIS;0100;RECURSOS ORDINARIOS;1;ORCAMENTO FISCAL;3;DESPESAS CORRENTES;3;OUTRAS DESPESAS CORRENTES;30;MATERIAL DE CONSUMO;339030;MATERIAL DE CONSUMO;339030-9;NAO SE APLICA;-9;NAO SE APLICA;-9;NAO SE APLICA;-9;NAO SE APLICA;NAO SE APLICA;-9;-9;-9;SERVICOS DE MANUTENCAO CORRETIVA PARA OS PORTOES ELETRONICOS DE CORRER, BASCU LANTES E CANCELAS DO TRE/DF(SEDE) E SUAS UNIDADES  ADMINISTRATIVAS. FORNECIMENTO E SUBSTITUICAO DE PECAS. (PA 0002931-29.2017.6.07.8100);-9;NAO SE APLICA;;;;;(3.820,00);3.820,00;3.820,00;;;;;;;;;;;;;
14107;TRIBUNAL REGIONAL ELEITORAL DO DIST. FEDERAL;070025;TRIBUNAL REGIONAL ELEITORAL DO D. FEDERAL;02122057020GP0053;20GP;JULGAMENTO DE CAUSAS E GESTAO ADMINISTRATIVA NA JUSTICA ELEI;0001;JULGAMENTO DE CAUSAS E GESTAO ADMINISTRATIVA;084782;AOSA MATIMO;MATERIAIS PARA MANUTENCAO DE IMOVEIS;0100;RECURSOS ORDINARIOS;1;ORCAMENTO FISCAL;3;DESPESAS CORRENTES;3;OUTRAS DESPESAS CORRENTES;30;MATERIAL DE CONSUMO;339030;MATERIAL DE CONSUMO;33903024;MATERIAL P/ MANUT.DE BENS IMOVEIS/INSTALACOES;3;ESTIMATIVO;12;PREGAO;-8;12/01/2018;JAN/2018;2018;070025000012018NE000055;00029312920176078100;17CT0039 - SERVICOS DE MANUTENCAO CORRETIVA PARA OS PORTOES ELETRONICOS DE CORRER, BASCULANTES E CANCELAS DO TRE/DF (SEDE) E SUAS UNIDADES  ADMINISTRATIVAS.FORNECIMENTO E SUBSTITUICAO DE PECAS. CONTRATO Nº 39/2017.;20838277000103;3R COMERCIO E SERVICOS DE MAQUINAS LTDA - ME;;;;;;;;10.000,00;;;;;;;;;;;;
14107;TRIBUNAL REGIONAL ELEITORAL DO DIST. FEDERAL;070025;TRIBUNAL REGIONAL ELEITORAL DO D. FEDERAL;02122057020GP0053;20GP;JULGAMENTO DE CAUSAS E GESTAO ADMINISTRATIVA NA JUSTICA ELEI;0001;JULGAMENTO DE CAUSAS E GESTAO ADMINISTRATIVA;084782;AOSA MATLIM;MATERIAL DE LIMPEZA E PRODUTOS HIGIENIZACAO;0100;RECURSOS ORDINARIOS;1;ORCAMENTO FISCAL;3;DESPESAS CORRENTES;3;OUTRAS DESPESAS CORRENTES;30;MATERIAL DE CONSUMO;339030;MATERIAL DE CONSUMO;33903022;MATERIAL DE LIMPEZA E PROD. DE HIGIENIZACAO;1;ORDINARIO;12;PREGAO;-8;28/07/2017;JUL/2017;2017;070025000012017NE000358;00003617020176078100;NAO SE APLICA;02944789000164;RECANTO BRASILIA COMERCIO DE PRODUTOS ALIMENTICIOS LTDA;;;;;;;;;;;;;149,84;;;;;149,84;;
14107;TRIBUNAL REGIONAL ELEITORAL DO DIST. FEDERAL;070025;TRIBUNAL REGIONAL ELEITORAL DO D. FEDERAL;02122057020GP0053;20GP;JULGAMENTO DE CAUSAS E GESTAO ADMINISTRATIVA NA JUSTICA ELEI;0001;JULGAMENTO DE CAUSAS E GESTAO ADMINISTRATIVA;084782;AOSA MATLIM;MATERIAL DE LIMPEZA E PRODUTOS HIGIENIZACAO;0127;CUSTAS E EMOLUMENTOS - PODER JUDICIARIO;1;ORCAMENTO FISCAL;3;DESPESAS CORRENTES;3;OUTRAS DESPESAS CORRENTES;30;MATERIAL DE CONSUMO;339030;MATERIAL DE CONSUMO;339030-9;NAO SE APLICA;-9;NAO SE APLICA;-9;NAO SE APLICA;-9;NAO SE APLICA;NAO SE APLICA;-9;-9;-9;2018NECT - AQUISICAO DE MATERIAIS DE CONSUMO(MATERIAIS DE LIMPEZA/HIGIENIZAO EOUTROS), CONF.ARP Nº 7/2018 - PREGAO PRESENCIAL Nº 25/2017. O TERMO DE REFERENCIA DA CONTRATACAO INTEGRA A NE.;-9;NAO SE APLICA;;;;;(55.759,88);;;;;;;;;;;;;;;
14107;TRIBUNAL REGIONAL ELEITORAL DO DIST. FEDERAL;070025;TRIBUNAL REGIONAL ELEITORAL DO D. FEDERAL;02122057020GP0053;20GP;JULGAMENTO DE CAUSAS E GESTAO ADMINISTRATIVA NA JUSTICA ELEI;0001;JULGAMENTO DE CAUSAS E GESTAO ADMINISTRATIVA;084782;AOSA MATLIM;MATERIAL DE LIMPEZA E PRODUTOS HIGIENIZACAO;0127;CUSTAS E EMOLUMENTOS - PODER JUDICIARIO;1;ORCAMENTO FISCAL;3;DESPESAS CORRENTES;3;OUTRAS DESPESAS CORRENTES;30;MATERIAL DE CONSUMO;339030;MATERIAL DE CONSUMO;339030-9;NAO SE APLICA;-9;NAO SE APLICA;-9;NAO SE APLICA;-9;NAO SE APLICA;NAO SE APLICA;-9;-9;-9;EMISSAO DE NE - AQUISICAO DE MATERIAIS DE CONSUMO (PRODUTOS DE LIMPEZA).      (PA 0000938-14.2018.6.07.8100);-9;NAO SE APLICA;40.470,00;40.470,00;;;40.470,00;;;;;;;;;;;;;;;
14107;TRIBUNAL REGIONAL ELEITORAL DO DIST. FEDERAL;070025;TRIBUNAL REGIONAL ELEITORAL DO D. FEDERAL;02122057020GP0053;20GP;JULGAMENTO DE CAUSAS E GESTAO ADMINISTRATIVA NA JUSTICA ELEI;0001;JULGAMENTO DE CAUSAS E GESTAO ADMINISTRATIVA;084782;AOSA MATLIM;MATERIAL DE LIMPEZA E PRODUTOS HIGIENIZACAO;0127;CUSTAS E EMOLUMENTOS - PODER JUDICIARIO;1;ORCAMENTO FISCAL;3;DESPESAS CORRENTES;3;OUTRAS DESPESAS CORRENTES;30;MATERIAL DE CONSUMO;339030;MATERIAL DE CONSUMO;339030-9;NAO SE APLICA;-9;NAO SE APLICA;-9;NAO SE APLICA;-9;NAO SE APLICA;NAO SE APLICA;-9;-9;-9;EMISSAO DE NE - AQUISICAO DE MATERIAIS DE CONSUMO (PRODUTOS DE LIMPEZA).      (PA 0000953-80.2018.6.07.8100);-9;NAO SE APLICA;15.289,88;15.289,88;;;15.289,88;;;;;;;;;;;;;;;
14107;TRIBUNAL REGIONAL ELEITORAL DO DIST. FEDERAL;070025;TRIBUNAL REGIONAL ELEITORAL DO D. FEDERAL;02122057020GP0053;20GP;JULGAMENTO DE CAUSAS E GESTAO ADMINISTRATIVA NA JUSTICA ELEI;0001;JULGAMENTO DE CAUSAS E GESTAO ADMINISTRATIVA;084782;AOSA MATLIM;MATERIAL DE LIMPEZA E PRODUTOS HIGIENIZACAO;0127;CUSTAS E EMOLUMENTOS - PODER JUDICIARIO;1;ORCAMENTO FISCAL;3;DESPESAS CORRENTES;3;OUTRAS DESPESAS CORRENTES;30;MATERIAL DE CONSUMO;339030;MATERIAL DE CONSUMO;33903019;MATERIAL DE ACONDICIONAMENTO E EMBALAGEM;1;ORDINARIO;12;PREGAO;-8;26/02/2018;FEV/2018;2018;070025000012018NE000132;00009538020186078100;2018NECT - AQUISICAO DE MATERIAIS DE CONSUMO(MATERIAIS DE LIMPEZA/HIGIENIZAO EOUTROS), CONF.ARP Nº 7/2018 - PREGAO PRESENCIAL Nº 25/2017. O TERMO DE REFERENCIA DA CONTRATACAO INTEGRA A NE.;16812837000175;ALFAMAX COMERCIO DE PRODUTOS PARA LIMPEZA E ESCRITORIO;;;;;;;;175,08;;;;;;;;;;;;
14107;TRIBUNAL REGIONAL ELEITORAL DO DIST. FEDERAL;070025;TRIBUNAL REGIONAL ELEITORAL DO D. FEDERAL;02122057020GP0053;20GP;JULGAMENTO DE CAUSAS E GESTAO ADMINISTRATIVA NA JUSTICA ELEI;0001;JULGAMENTO DE CAUSAS E GESTAO ADMINISTRATIVA;084782;AOSA MATLIM;MATERIAL DE LIMPEZA E PRODUTOS HIGIENIZACAO;0127;CUSTAS E EMOLUMENTOS - PODER JUDICIARIO;1;ORCAMENTO FISCAL;3;DESPESAS CORRENTES;3;OUTRAS DESPESAS CORRENTES;30;MATERIAL DE CONSUMO;339030;MATERIAL DE CONSUMO;33903021;MATERIAL DE COPA E COZINHA;1;ORDINARIO;12;PREGAO;-8;26/02/2018;FEV/2018;2018;070025000012018NE000131;00009381420186078100;2018NECT - AQUISICAO DE MATERIAIS DE CONSUMO(MATERIAIS DE LIMPEZA/HIGIENIZAO EOUTROS), CONF.ARP Nº 7/2018 - PREGAO PRESENCIAL Nº 25/2017. O TERMO DE REFERENCIA DA CONTRATACAO INTEGRA A NE.;13597348000150;COMERCIAL ARAUJO DISTRIBUICAO DE PRODUTOS E EQUIPAMENTO;;;;;;;;720,00;;;;;;;;;;;;
14107;TRIBUNAL REGIONAL ELEITORAL DO DIST. FEDERAL;070025;TRIBUNAL REGIONAL ELEITORAL DO D. FEDERAL;02122057020GP0053;20GP;JULGAMENTO DE CAUSAS E GESTAO ADMINISTRATIVA NA JUSTICA ELEI;0001;JULGAMENTO DE CAUSAS E GESTAO ADMINISTRATIVA;084782;AOSA MATLIM;MATERIAL DE LIMPEZA E PRODUTOS HIGIENIZACAO;0127;CUSTAS E EMOLUMENTOS - PODER JUDICIARIO;1;ORCAMENTO FISCAL;3;DESPESAS CORRENTES;3;OUTRAS DESPESAS CORRENTES;30;MATERIAL DE CONSUMO;339030;MATERIAL DE CONSUMO;33903021;MATERIAL DE COPA E COZINHA;1;ORDINARIO;12;PREGAO;-8;26/02/2018;FEV/2018;2018;070025000012018NE000131;00009381420186078100;PGTO NF 3916, 3917, 3919, 3921. MATERIAL DE LIMPEZA. OPTANTE PELO SIMPLES. PA 938-14.2018;13597348000150;COMERCIAL ARAUJO DISTRIBUICAO DE PRODUTOS E EQUIPAMENTO;;;;;;;;0,00;720,00;720,00;;;;;;;;;720,00;720,00
14107;TRIBUNAL REGIONAL ELEITORAL DO DIST. FEDERAL;070025;TRIBUNAL REGIONAL ELEITORAL DO D. FEDERAL;02122057020GP0053;20GP;JULGAMENTO DE CAUSAS E GESTAO ADMINISTRATIVA NA JUSTICA ELEI;0001;JULGAMENTO DE CAUSAS E GESTAO ADMINISTRATIVA;084782;AOSA MATLIM;MATERIAL DE LIMPEZA E PRODUTOS HIGIENIZACAO;0127;CUSTAS E EMOLUMENTOS - PODER JUDICIARIO;1;ORCAMENTO FISCAL;3;DESPESAS CORRENTES;3;OUTRAS DESPESAS CORRENTES;30;MATERIAL DE CONSUMO;339030;MATERIAL DE CONSUMO;33903021;MATERIAL DE COPA E COZINHA;1;ORDINARIO;12;PREGAO;-8;26/02/2018;FEV/2018;2018;070025000012018NE000132;00009538020186078100;2018NECT - AQUISICAO DE MATERIAIS DE CONSUMO(MATERIAIS DE LIMPEZA/HIGIENIZAO EOUTROS), CONF.ARP Nº 7/2018 - PREGAO PRESENCIAL Nº 25/2017. O TERMO DE REFERENCIA DA CONTRATACAO INTEGRA A NE.;16812837000175;ALFAMAX COMERCIO DE PRODUTOS PARA LIMPEZA E ESCRITORIO;;;;;;;;1.647,20;;;;;;;;;;;;
14107;TRIBUNAL REGIONAL ELEITORAL DO DIST. FEDERAL;070025;TRIBUNAL REGIONAL ELEITORAL DO D. FEDERAL;02122057020GP0053;20GP;JULGAMENTO DE CAUSAS E GESTAO ADMINISTRATIVA NA JUSTICA ELEI;0001;JULGAMENTO DE CAUSAS E GESTAO ADMINISTRATIVA;084782;AOSA MATLIM;MATERIAL DE LIMPEZA E PRODUTOS HIGIENIZACAO;0127;CUSTAS E EMOLUMENTOS - PODER JUDICIARIO;1;ORCAMENTO FISCAL;3;DESPESAS CORRENTES;3;OUTRAS DESPESAS CORRENTES;30;MATERIAL DE CONSUMO;339030;MATERIAL DE CONSUMO;33903022;MATERIAL DE LIMPEZA E PROD. DE HIGIENIZACAO;1;ORDINARIO;12;PREGAO;-8;26/02/2018;FEV/2018;2018;070025000012018NE000131;00009381420186078100;2018NECT - AQUISICAO DE MATERIAIS DE CONSUMO(MATERIAIS DE LIMPEZA/HIGIENIZAO EOUTROS), CONF.ARP Nº 7/2018 - PREGAO PRESENCIAL Nº 25/2017. O TERMO DE REFERENCIA DA CONTRATACAO INTEGRA A NE.;13597348000150;COMERCIAL ARAUJO DISTRIBUICAO DE PRODUTOS E EQUIPAMENTO;;;;;;;;38.428,80;;;;;;;;;;;;
14107;TRIBUNAL REGIONAL ELEITORAL DO DIST. FEDERAL;070025;TRIBUNAL REGIONAL ELEITORAL DO D. FEDERAL;02122057020GP0053;20GP;JULGAMENTO DE CAUSAS E GESTAO ADMINISTRATIVA NA JUSTICA ELEI;0001;JULGAMENTO DE CAUSAS E GESTAO ADMINISTRATIVA;084782;AOSA MATLIM;MATERIAL DE LIMPEZA E PRODUTOS HIGIENIZACAO;0127;CUSTAS E EMOLUMENTOS - PODER JUDICIARIO;1;ORCAMENTO FISCAL;3;DESPESAS CORRENTES;3;OUTRAS DESPESAS CORRENTES;30;MATERIAL DE CONSUMO;339030;MATERIAL DE CONSUMO;33903022;MATERIAL DE LIMPEZA E PROD. DE HIGIENIZACAO;1;ORDINARIO;12;PREGAO;-8;26/02/2018;FEV/2018;2018;070025000012018NE000131;00009381420186078100;PGTO NF 3916, 3917, 3919, 3921. MATERIAL DE LIMPEZA. OPTANTE PELO SIMPLES. PA 938-14.2018;13597348000150;COMERCIAL ARAUJO DISTRIBUICAO DE PRODUTOS E EQUIPAMENTO;;;;;;;;0,00;38.428,80;38.428,80;;;;;;;;;38.428,80;38.428,80
14107;TRIBUNAL REGIONAL ELEITORAL DO DIST. FEDERAL;070025;TRIBUNAL REGIONAL ELEITORAL DO D. FEDERAL;02122057020GP0053;20GP;JULGAMENTO DE CAUSAS E GESTAO ADMINISTRATIVA NA JUSTICA ELEI;0001;JULGAMENTO DE CAUSAS E GESTAO ADMINISTRATIVA;084782;AOSA MATLIM;MATERIAL DE LIMPEZA E PRODUTOS HIGIENIZACAO;0127;CUSTAS E EMOLUMENTOS - PODER JUDICIARIO;1;ORCAMENTO FISCAL;3;DESPESAS CORRENTES;3;OUTRAS DESPESAS CORRENTES;30;MATERIAL DE CONSUMO;339030;MATERIAL DE CONSUMO;33903022;MATERIAL DE LIMPEZA E PROD. DE HIGIENIZACAO;1;ORDINARIO;12;PREGAO;-8;26/02/2018;FEV/2018;2018;070025000012018NE000132;00009538020186078100;2018NECT - AQUISICAO DE MATERIAIS DE CONSUMO(MATERIAIS DE LIMPEZA/HIGIENIZAO EOUTROS), CONF.ARP Nº 7/2018 - PREGAO PRESENCIAL Nº 25/2017. O TERMO DE REFERENCIA DA CONTRATACAO INTEGRA A NE.;16812837000175;ALFAMAX COMERCIO DE PRODUTOS PARA LIMPEZA E ESCRITORIO;;;;;;;;13.467,60;;;;;;;;;;;;
14107;TRIBUNAL REGIONAL ELEITORAL DO DIST. FEDERAL;070025;TRIBUNAL REGIONAL ELEITORAL DO D. FEDERAL;02122057020GP0053;20GP;JULGAMENTO DE CAUSAS E GESTAO ADMINISTRATIVA NA JUSTICA ELEI;0001;JULGAMENTO DE CAUSAS E GESTAO ADMINISTRATIVA;084782;AOSA MATLIM;MATERIAL DE LIMPEZA E PRODUTOS HIGIENIZACAO;0127;CUSTAS E EMOLUMENTOS - PODER JUDICIARIO;1;ORCAMENTO FISCAL;3;DESPESAS CORRENTES;3;OUTRAS DESPESAS CORRENTES;30;MATERIAL DE CONSUMO;339030;MATERIAL DE CONSUMO;33903028;MATERIAL DE PROTECAO E SEGURANCA;1;ORDINARIO;12;PREGAO;-8;26/02/2018;FEV/2018;2018;070025000012018NE000131;00009381420186078100;2018NECT - AQUISICAO DE MATERIAIS DE CONSUMO(MATERIAIS DE LIMPEZA/HIGIENIZAO EOUTROS), CONF.ARP Nº 7/2018 - PREGAO PRESENCIAL Nº 25/2017. O TERMO DE REFERENCIA DA CONTRATACAO INTEGRA A NE.;13597348000150;COMERCIAL ARAUJO DISTRIBUICAO DE PRODUTOS E EQUIPAMENTO;;;;;;;;1.321,20;;;;;;;;;;;;
14107;TRIBUNAL REGIONAL ELEITORAL DO DIST. FEDERAL;070025;TRIBUNAL REGIONAL ELEITORAL DO D. FEDERAL;02122057020GP0053;20GP;JULGAMENTO DE CAUSAS E GESTAO ADMINISTRATIVA NA JUSTICA ELEI;0001;JULGAMENTO DE CAUSAS E GESTAO ADMINISTRATIVA;084782;AOSA MATLIM;MATERIAL DE LIMPEZA E PRODUTOS HIGIENIZACAO;0127;CUSTAS E EMOLUMENTOS - PODER JUDICIARIO;1;ORCAMENTO FISCAL;3;DESPESAS CORRENTES;3;OUTRAS DESPESAS CORRENTES;30;MATERIAL DE CONSUMO;339030;MATERIAL DE CONSUMO;33903028;MATERIAL DE PROTECAO E SEGURANCA;1;ORDINARIO;12;PREGAO;-8;26/02/2018;FEV/2018;2018;070025000012018NE000131;00009381420186078100;PGTO NF 3916, 3917, 3919, 3921. MATERIAL DE LIMPEZA. OPTANTE PELO SIMPLES. PA 938-14.2018;13597348000150;COMERCIAL ARAUJO DISTRIBUICAO DE PRODUTOS E EQUIPAMENTO;;;;;;;;0,00;1.321,20;1.321,20;;;;;;;;;1.321,20;1.321,20
14107;TRIBUNAL REGIONAL ELEITORAL DO DIST. FEDERAL;070025;TRIBUNAL REGIONAL ELEITORAL DO D. FEDERAL;02122057020GP0053;20GP;JULGAMENTO DE CAUSAS E GESTAO ADMINISTRATIVA NA JUSTICA ELEI;0001;JULGAMENTO DE CAUSAS E GESTAO ADMINISTRATIVA;084782;AOSA MATMOD;MATERIAL DE CONSUMO MEDICO E ODONTOLOGICO;0100;RECURSOS ORDINARIOS;1;ORCAMENTO FISCAL;3;DESPESAS CORRENTES;3;OUTRAS DESPESAS CORRENTES;30;MATERIAL DE CONSUMO;339030;MATERIAL DE CONSUMO;339030-9;NAO SE APLICA;-9;NAO SE APLICA;-9;NAO SE APLICA;-9;NAO SE APLICA;NAO SE APLICA;-9;-9;-9;17CT0012 - FORNECIMENTO PARCELADO DE MEDICAMENTOS CONSTANTES DOS PERIODICOS,  DE ACORDO COM O CONTRATO Nº 12/2017.;-9;NAO SE APLICA;;;;;(2.845,04);;;;;;;;;;;;;;;
14107;TRIBUNAL REGIONAL ELEITORAL DO DIST. FEDERAL;070025;TRIBUNAL REGIONAL ELEITORAL DO D. FEDERAL;02122057020GP0053;20GP;JULGAMENTO DE CAUSAS E GESTAO ADMINISTRATIVA NA JUSTICA ELEI;0001;JULGAMENTO DE CAUSAS E GESTAO ADMINISTRATIVA;084782;AOSA MATMOD;MATERIAL DE CONSUMO MEDICO E ODONTOLOGICO;0100;RECURSOS ORDINARIOS;1;ORCAMENTO FISCAL;3;DESPESAS CORRENTES;3;OUTRAS DESPESAS CORRENTES;30;MATERIAL DE CONSUMO;339030;MATERIAL DE CONSUMO;339030-9;NAO SE APLICA;-9;NAO SE APLICA;-9;NAO SE APLICA;-9;NAO SE APLICA;NAO SE APLICA;-9;-9;-9;ALTERACAO DE FONTE.;-9;NAO SE APLICA;(37.648,35);(37.648,35);;;(37.648,35);;;;;;;;;;;;;;;
14107;TRIBUNAL REGIONAL ELEITORAL DO DIST. FEDERAL;070025;TRIBUNAL REGIONAL ELEITORAL DO D. FEDERAL;02122057020GP0053;20GP;JULGAMENTO DE CAUSAS E GESTAO ADMINISTRATIVA NA JUSTICA ELEI;0001;JULGAMENTO DE CAUSAS E GESTAO ADMINISTRATIVA;084782;AOSA MATMOD;MATERIAL DE CONSUMO MEDICO E ODONTOLOGICO;0100;RECURSOS ORDINARIOS;1;ORCAMENTO FISCAL;3;DESPESAS CORRENTES;3;OUTRAS DESPESAS CORRENTES;30;MATERIAL DE CONSUMO;339030;MATERIAL DE CONSUMO;339030-9;NAO SE APLICA;-9;NAO SE APLICA;-9;NAO SE APLICA;-9;NAO SE APLICA;NAO SE APLICA;-9;-9;-9;ALTERACAO PARA EMISSAO DE NE - FORNECIMENTO PARCELADO DE MEDICAMENTOS CONSTAN TES NOS PERIODICOS. (PA 0002546-81.2017.6.07.8100);-9;NAO SE APLICA;2.845,04;2.845,04;;;2.845,04;;;;;;;;;;;;;;;
14107;TRIBUNAL REGIONAL ELEITORAL DO DIST. FEDERAL;070025;TRIBUNAL REGIONAL ELEITORAL DO D. FEDERAL;02122057020GP0053;20GP;JULGAMENTO DE CAUSAS E GESTAO ADMINISTRATIVA NA JUSTICA ELEI;0001;JULGAMENTO DE CAUSAS E GESTAO ADMINISTRATIVA;084782;AOSA MATMOD;MATERIAL DE CONSUMO MEDICO E ODONTOLOGICO;0100;RECURSOS ORDINARIOS;1;ORCAMENTO FISCAL;3;DESPESAS CORRENTES;3;OUTRAS DESPESAS CORRENTES;30;MATERIAL DE CONSUMO;339030;MATERIAL DE CONSUMO;339030-9;NAO SE APLICA;-9;NAO SE APLICA;-9;NAO SE APLICA;-9;NAO SE APLICA;NAO SE APLICA;-9;-9;-9;ALTERACAO PARA EMISSAO DE PE - FORNECIMENTO E APLICACAO (ATO VACINAL) DE ATE  500 DOSES DA VACINA CONTRA O VIRUS INFLUENZA. (PA 0000450-59.2018.6.07.8100);-9;NAO SE APLICA;37.648,35;37.648,35;;;37.648,35;;;;;;;;;;;;;;;
14107;TRIBUNAL REGIONAL ELEITORAL DO DIST. FEDERAL;070025;TRIBUNAL REGIONAL ELEITORAL DO D. FEDERAL;02122057020GP0053;20GP;JULGAMENTO DE CAUSAS E GESTAO ADMINISTRATIVA NA JUSTICA ELEI;0001;JULGAMENTO DE CAUSAS E GESTAO ADMINISTRATIVA;084782;AOSA MATMOD;MATERIAL DE CONSUMO MEDICO E ODONTOLOGICO;0100;RECURSOS ORDINARIOS;1;ORCAMENTO FISCAL;3;DESPESAS CORRENTES;3;OUTRAS DESPESAS CORRENTES;30;MATERIAL DE CONSUMO;339030;MATERIAL DE CONSUMO;339030-9;NAO SE APLICA;-9;NAO SE APLICA;-9;NAO SE APLICA;-9;NAO SE APLICA;NAO SE APLICA;-9;-9;-9;ANULACAO DE PE PARA EMISSAO DE NE - FORNECIMENTO E APLICACAO (ATO VACINAL) DE 500 DOSES  DE VACINA CONTRA O VIRUS INFLUENZA. (PA 0000450-59.2018.6.07.8100);-9;NAO SE APLICA;;;;;37.648,35;(37.648,35);(37.648,35);;;;;;;;;;;;;
14107;TRIBUNAL REGIONAL ELEITORAL DO DIST. FEDERAL;070025;TRIBUNAL REGIONAL ELEITORAL DO D. FEDERAL;02122057020GP0053;20GP;JULGAMENTO DE CAUSAS E GESTAO ADMINISTRATIVA NA JUSTICA ELEI;0001;JULGAMENTO DE CAUSAS E GESTAO ADMINISTRATIVA;084782;AOSA MATMOD;MATERIAL DE CONSUMO MEDICO E ODONTOLOGICO;0100;RECURSOS ORDINARIOS;1;ORCAMENTO FISCAL;3;DESPESAS CORRENTES;3;OUTRAS DESPESAS CORRENTES;30;MATERIAL DE CONSUMO;339030;MATERIAL DE CONSUMO;339030-9;NAO SE APLICA;-9;NAO SE APLICA;-9;NAO SE APLICA;-9;NAO SE APLICA;NAO SE APLICA;-9;-9;-9;FORNECIMENTO E APLICACAO (ATO VACINAL) DE ATE 500 (QUINHENTAS) DOSES DA VACINACONTRA O VIRUS INFLUENZA, CONFORME DESCRICAO CONSTANTE NO TERMO DE REFERENCIA.(PA 0000450-59.2018.6.07.8100);-9;NAO SE APLICA;;;;;(37.648,35);37.648,35;37.648,35;;;;;;;;;;;;;
14107;TRIBUNAL REGIONAL ELEITORAL DO DIST. FEDERAL;070025;TRIBUNAL REGIONAL ELEITORAL DO D. FEDERAL;02122057020GP0053;20GP;JULGAMENTO DE CAUSAS E GESTAO ADMINISTRATIVA NA JUSTICA ELEI;0001;JULGAMENTO DE CAUSAS E GESTAO ADMINISTRATIVA;084782;AOSA MATMOD;MATERIAL DE CONSUMO MEDICO E ODONTOLOGICO;0100;RECURSOS ORDINARIOS;1;ORCAMENTO FISCAL;3;DESPESAS CORRENTES;3;OUTRAS DESPESAS CORRENTES;30;MATERIAL DE CONSUMO;339030;MATERIAL DE CONSUMO;33903009;MATERIAL FARMACOLOGICO;3;ESTIMATIVO;06;DISPENSA DE LICITACAO;02;16/01/2018;JAN/2018;2018;070025000012018NE000060;00025468120176078100;17CT0012 - FORNECIMENTO PARCELADO DE MEDICAMENTOS CONSTANTES DOS PERIODICOS,  DE ACORDO COM O CONTRATO Nº 12/2017.;13544130000137;DROGARIA LIBERAL E PEREIRA LTDA - ME;;;;;;;;2.845,04;;;;;;;;;;;;
14107;TRIBUNAL REGIONAL ELEITORAL DO DIST. FEDERAL;070025;TRIBUNAL REGIONAL ELEITORAL DO D. FEDERAL;02122057020GP0053;20GP;JULGAMENTO DE CAUSAS E GESTAO ADMINISTRATIVA NA JUSTICA ELEI;0001;JULGAMENTO DE CAUSAS E GESTAO ADMINISTRATIVA;084782;AOSA MATMOD;MATERIAL DE CONSUMO MEDICO E ODONTOLOGICO;0100;RECURSOS ORDINARIOS;1;ORCAMENTO FISCAL;3;DESPESAS CORRENTES;3;OUTRAS DESPESAS CORRENTES;30;MATERIAL DE CONSUMO;339030;MATERIAL DE CONSUMO;33903009;MATERIAL FARMACOLOGICO;3;ESTIMATIVO;06;DISPENSA DE LICITACAO;02;16/01/2018;JAN/2018;2018;070025000012018NE000060;00025468120176078100;CANCELA;13544130000137;DROGARIA LIBERAL E PEREIRA LTDA - ME;;;;;;;;0,00;(2.075,24);(2.075,24);;;;;;;;;(2.075,24);(2.075,24)
14107;TRIBUNAL REGIONAL ELEITORAL DO DIST. FEDERAL;070025;TRIBUNAL REGIONAL ELEITORAL DO D. FEDERAL;02122057020GP0053;20GP;JULGAMENTO DE CAUSAS E GESTAO ADMINISTRATIVA NA JUSTICA ELEI;0001;JULGAMENTO DE CAUSAS E GESTAO ADMINISTRATIVA;084782;AOSA MATMOD;MATERIAL DE CONSUMO MEDICO E ODONTOLOGICO;0100;RECURSOS ORDINARIOS;1;ORCAMENTO FISCAL;3;DESPESAS CORRENTES;3;OUTRAS DESPESAS CORRENTES;30;MATERIAL DE CONSUMO;339030;MATERIAL DE CONSUMO;33903009;MATERIAL FARMACOLOGICO;3;ESTIMATIVO;06;DISPENSA DE LICITACAO;02;16/01/2018;JAN/2018;2018;070025000012018NE000060;00025468120176078100;PAGTO NF 437. AQUISICAO DE MATERIAL DE CONSUMO FARMACOLOGICO. OPTANTE PELO SIMPLES NACIONAL. PA 2546-81.2017;13544130000137;DROGARIA LIBERAL E PEREIRA LTDA - ME;;;;;;;;0,00;4.150,06;4.150,06;;;;;;;;;4.150,06;4.150,06
14107;TRIBUNAL REGIONAL ELEITORAL DO DIST. FEDERAL;070025;TRIBUNAL REGIONAL ELEITORAL DO D. FEDERAL;02122057020GP0053;20GP;JULGAMENTO DE CAUSAS E GESTAO ADMINISTRATIVA NA JUSTICA ELEI;0001;JULGAMENTO DE CAUSAS E GESTAO ADMINISTRATIVA;084782;AOSA MATMOD;MATERIAL DE CONSUMO MEDICO E ODONTOLOGICO;0127;CUSTAS E EMOLUMENTOS - PODER JUDICIARIO;1;ORCAMENTO FISCAL;3;DESPESAS CORRENTES;3;OUTRAS DESPESAS CORRENTES;30;MATERIAL DE CONSUMO;339030;MATERIAL DE CONSUMO;339030-9;NAO SE APLICA;-9;NAO SE APLICA;-9;NAO SE APLICA;-9;NAO SE APLICA;NAO SE APLICA;-9;-9;-9;2018NECT - FORNECIMENTO E APLICACAO (ATO VACINAL) DE  ATE 500 DOSES  DE VACINACONTRA O VIRUS INFLUENZA, COMO DESCRITO NO TR (ANEXO I AO EDITAL), QUE INTEGRAESTA NE, INDEPENDENTEMENTE DE TRANSCRICAO. PE TRE-DF Nº 06/2018. ANULACAO.;-9;NAO SE APLICA;;;;;27.875,00;;;;;;;;;;;;;;;
14107;TRIBUNAL REGIONAL ELEITORAL DO DIST. FEDERAL;070025;TRIBUNAL REGIONAL ELEITORAL DO D. FEDERAL;02122057020GP0053;20GP;JULGAMENTO DE CAUSAS E GESTAO ADMINISTRATIVA NA JUSTICA ELEI;0001;JULGAMENTO DE CAUSAS E GESTAO ADMINISTRATIVA;084782;AOSA MATMOD;MATERIAL DE CONSUMO MEDICO E ODONTOLOGICO;0127;CUSTAS E EMOLUMENTOS - PODER JUDICIARIO;1;ORCAMENTO FISCAL;3;DESPESAS CORRENTES;3;OUTRAS DESPESAS CORRENTES;30;MATERIAL DE CONSUMO;339030;MATERIAL DE CONSUMO;339030-9;NAO SE APLICA;-9;NAO SE APLICA;-9;NAO SE APLICA;-9;NAO SE APLICA;NAO SE APLICA;-9;-9;-9;2018NECT - FORNECIMENTO E APLICACAO (ATO VACINAL) DE  ATE 500 DOSES  DE VACINACONTRA O VIRUS INFLUENZA, COMO DESCRITO NO TR (ANEXO I AO EDITAL), QUE INTEGRAESTA NE, INDEPENDENTEMENTE DE TRANSCRICAO. PREGAO ELETRONICO TRE-DF Nº 06/2018;-9;NAO SE APLICA;;;;;(27.875,00);;;;;;;;;;;;;;;
14107;TRIBUNAL REGIONAL ELEITORAL DO DIST. FEDERAL;070025;TRIBUNAL REGIONAL ELEITORAL DO D. FEDERAL;02122057020GP0053;20GP;JULGAMENTO DE CAUSAS E GESTAO ADMINISTRATIVA NA JUSTICA ELEI;0001;JULGAMENTO DE CAUSAS E GESTAO ADMINISTRATIVA;084782;AOSA MATMOD;MATERIAL DE CONSUMO MEDICO E ODONTOLOGICO;0127;CUSTAS E EMOLUMENTOS - PODER JUDICIARIO;1;ORCAMENTO FISCAL;3;DESPESAS CORRENTES;3;OUTRAS DESPESAS CORRENTES;30;MATERIAL DE CONSUMO;339030;MATERIAL DE CONSUMO;339030-9;NAO SE APLICA;-9;NAO SE APLICA;-9;NAO SE APLICA;-9;NAO SE APLICA;NAO SE APLICA;-9;-9;-9;2018NECT - FORNECIMENTO E APLICACAO (ATO VACINAL) DE  ATE 500 DOSES  DE VACINACONTRA O VIRUS INFLUENZA, COMO DESCRITO NO TR (ANEXO I AO EDITAL), QUE INTEGRAESTA NE, INDEPENDENTEMENTE DE TRANSCRICAO. PREGAO ELETRONICO TRE-DF Nº06/2018.;-9;NAO SE APLICA;;;;;(27.875,00);;;;;;;;;;;;;;;
14107;TRIBUNAL REGIONAL ELEITORAL DO DIST. FEDERAL;070025;TRIBUNAL REGIONAL ELEITORAL DO D. FEDERAL;02122057020GP0053;20GP;JULGAMENTO DE CAUSAS E GESTAO ADMINISTRATIVA NA JUSTICA ELEI;0001;JULGAMENTO DE CAUSAS E GESTAO ADMINISTRATIVA;084782;AOSA MATMOD;MATERIAL DE CONSUMO MEDICO E ODONTOLOGICO;0127;CUSTAS E EMOLUMENTOS - PODER JUDICIARIO;1;ORCAMENTO FISCAL;3;DESPESAS CORRENTES;3;OUTRAS DESPESAS CORRENTES;30;MATERIAL DE CONSUMO;339030;MATERIAL DE CONSUMO;339030-9;NAO SE APLICA;-9;NAO SE APLICA;-9;NAO SE APLICA;-9;NAO SE APLICA;NAO SE APLICA;-9;-9;-9;ALTERACAO PARA EMISSAO DE NE - FORNECIMENTO E APLICACAO (ATO VACINAL) DE  ATE 500 DOSES  DE VACINA CONTRA O VIRUS INFLUENZA. (PA 0000450-59.2018.6.07.8100);-9;NAO SE APLICA;27.875,00;27.875,00;;;27.875,00;;;;;;;;;;;;;;;
14107;TRIBUNAL REGIONAL ELEITORAL DO DIST. FEDERAL;070025;TRIBUNAL REGIONAL ELEITORAL DO D. FEDERAL;02122057020GP0053;20GP;JULGAMENTO DE CAUSAS E GESTAO ADMINISTRATIVA NA JUSTICA ELEI;0001;JULGAMENTO DE CAUSAS E GESTAO ADMINISTRATIVA;084782;AOSA MATMOD;MATERIAL DE CONSUMO MEDICO E ODONTOLOGICO;0127;CUSTAS E EMOLUMENTOS - PODER JUDICIARIO;1;ORCAMENTO FISCAL;3;DESPESAS CORRENTES;3;OUTRAS DESPESAS CORRENTES;30;MATERIAL DE CONSUMO;339030;MATERIAL DE CONSUMO;339030-9;NAO SE APLICA;-9;NAO SE APLICA;-9;NAO SE APLICA;-9;NAO SE APLICA;NAO SE APLICA;-9;-9;-9;ALTERACAO PARA EMISSAO DE PE - FORNECIMENTO E APLICACAO DE 125 DOSES DA VACINACONTRA O VIRUS INFLUENZA. (PA 0000450-59.2018.6.07.8100);-9;NAO SE APLICA;6.968,75;6.968,75;;;6.968,75;;;;;;;;;;;;;;;
14107;TRIBUNAL REGIONAL ELEITORAL DO DIST. FEDERAL;070025;TRIBUNAL REGIONAL ELEITORAL DO D. FEDERAL;02122057020GP0053;20GP;JULGAMENTO DE CAUSAS E GESTAO ADMINISTRATIVA NA JUSTICA ELEI;0001;JULGAMENTO DE CAUSAS E GESTAO ADMINISTRATIVA;084782;AOSA MATMOD;MATERIAL DE CONSUMO MEDICO E ODONTOLOGICO;0127;CUSTAS E EMOLUMENTOS - PODER JUDICIARIO;1;ORCAMENTO FISCAL;3;DESPESAS CORRENTES;3;OUTRAS DESPESAS CORRENTES;30;MATERIAL DE CONSUMO;339030;MATERIAL DE CONSUMO;339030-9;NAO SE APLICA;-9;NAO SE APLICA;-9;NAO SE APLICA;-9;NAO SE APLICA;NAO SE APLICA;-9;-9;-9;FORNECIMENTO E APLICACAO (ATO VACINAL) DE 125 DOSES DA VACINA CONTRA O VIRUS  INFLUENZA. AUMENTO DE 25% DO QUANTITATIVO INICIALMENTE PREVISTO.;-9;NAO SE APLICA;;;;;(6.968,75);6.968,75;6.968,75;;;;;;;;;;;;;
14107;TRIBUNAL REGIONAL ELEITORAL DO DIST. FEDERAL;070025;TRIBUNAL REGIONAL ELEITORAL DO D. FEDERAL;02122057020GP0053;20GP;JULGAMENTO DE CAUSAS E GESTAO ADMINISTRATIVA NA JUSTICA ELEI;0001;JULGAMENTO DE CAUSAS E GESTAO ADMINISTRATIVA;084782;AOSA MATMOD;MATERIAL DE CONSUMO MEDICO E ODONTOLOGICO;0127;CUSTAS E EMOLUMENTOS - PODER JUDICIARIO;1;ORCAMENTO FISCAL;3;DESPESAS CORRENTES;3;OUTRAS DESPESAS CORRENTES;30;MATERIAL DE CONSUMO;339030;MATERIAL DE CONSUMO;33903009;MATERIAL FARMACOLOGICO;3;ESTIMATIVO;12;PREGAO;-8;26/04/2018;ABR/2018;2018;070025000012018NE000218;00004505920186078100;2018NECT - FORNECIMENTO E APLICACAO (ATO VACINAL) DE  ATE 500 DOSES  DE VACINACONTRA O VIRUS INFLUENZA, COMO DESCRITO NO TR (ANEXO I AO EDITAL), QUE INTEGRAESTA NE, INDEPENDENTEMENTE DE TRANSCRICAO. PE TRE-DF Nº 06/2018. ANULACAO.;03599839000186;CLINICA DE VACINAS SANTA CLARA LTDA - ME;;;;;;;;(27.875,00);;;;;;;;;;;;
14107;TRIBUNAL REGIONAL ELEITORAL DO DIST. FEDERAL;070025;TRIBUNAL REGIONAL ELEITORAL DO D. FEDERAL;02122057020GP0053;20GP;JULGAMENTO DE CAUSAS E GESTAO ADMINISTRATIVA NA JUSTICA ELEI;0001;JULGAMENTO DE CAUSAS E GESTAO ADMINISTRATIVA;084782;AOSA MATMOD;MATERIAL DE CONSUMO MEDICO E ODONTOLOGICO;0127;CUSTAS E EMOLUMENTOS - PODER JUDICIARIO;1;ORCAMENTO FISCAL;3;DESPESAS CORRENTES;3;OUTRAS DESPESAS CORRENTES;30;MATERIAL DE CONSUMO;339030;MATERIAL DE CONSUMO;33903009;MATERIAL FARMACOLOGICO;3;ESTIMATIVO;12;PREGAO;-8;26/04/2018;ABR/2018;2018;070025000012018NE000218;00004505920186078100;2018NECT - FORNECIMENTO E APLICACAO (ATO VACINAL) DE  ATE 500 DOSES  DE VACINACONTRA O VIRUS INFLUENZA, COMO DESCRITO NO TR (ANEXO I AO EDITAL), QUE INTEGRAESTA NE, INDEPENDENTEMENTE DE TRANSCRICAO. PREGAO ELETRONICO TRE-DF Nº 06/2018;03599839000186;CLINICA DE VACINAS SANTA CLARA LTDA - ME;;;;;;;;27.875,00;;;;;;;;;;;;
14107;TRIBUNAL REGIONAL ELEITORAL DO DIST. FEDERAL;070025;TRIBUNAL REGIONAL ELEITORAL DO D. FEDERAL;02122057020GP0053;20GP;JULGAMENTO DE CAUSAS E GESTAO ADMINISTRATIVA NA JUSTICA ELEI;0001;JULGAMENTO DE CAUSAS E GESTAO ADMINISTRATIVA;084782;AOSA MATMOD;MATERIAL DE CONSUMO MEDICO E ODONTOLOGICO;0127;CUSTAS E EMOLUMENTOS - PODER JUDICIARIO;1;ORCAMENTO FISCAL;3;DESPESAS CORRENTES;3;OUTRAS DESPESAS CORRENTES;30;MATERIAL DE CONSUMO;339030;MATERIAL DE CONSUMO;33903009;MATERIAL FARMACOLOGICO;3;ESTIMATIVO;12;PREGAO;-8;26/04/2018;ABR/2018;2018;070025000012018NE000220;00004505920186078100;2018NECT - FORNECIMENTO E APLICACAO (ATO VACINAL) DE  ATE 500 DOSES  DE VACINACONTRA O VIRUS INFLUENZA, COMO DESCRITO NO TR (ANEXO I AO EDITAL), QUE INTEGRAESTA NE, INDEPENDENTEMENTE DE TRANSCRICAO. PREGAO ELETRONICO TRE-DF Nº06/2018.;03599839000186;CLINICA DE VACINAS SANTA CLARA LTDA - ME;;;;;;;;27.875,00;;;;;;;;;;;;
14107;TRIBUNAL REGIONAL ELEITORAL DO DIST. FEDERAL;070025;TRIBUNAL REGIONAL ELEITORAL DO D. FEDERAL;02122057020GP0053;20GP;JULGAMENTO DE CAUSAS E GESTAO ADMINISTRATIVA NA JUSTICA ELEI;0001;JULGAMENTO DE CAUSAS E GESTAO ADMINISTRATIVA;084782;AOSA MATMOV;MATERIAL PARA MANUT.DE BENS MOVEIS;0100;RECURSOS ORDINARIOS;1;ORCAMENTO FISCAL;3;DESPESAS CORRENTES;3;OUTRAS DESPESAS CORRENTES;30;MATERIAL DE CONSUMO;339030;MATERIAL DE CONSUMO;339030-9;NAO SE APLICA;-9;NAO SE APLICA;-9;NAO SE APLICA;-9;NAO SE APLICA;NAO SE APLICA;-9;-9;-9;18CT0011 - SERVICO DE MONITORAMENTO REMOTO DE SISTEMA DE ALARME ELETRONICO.   CONTRATO Nº 11/2018. FORNECIMENTO DE PECAS.;-9;NAO SE APLICA;;;;;(1.000,00);;;;;;;;;;;;;;;
14107;TRIBUNAL REGIONAL ELEITORAL DO DIST. FEDERAL;070025;TRIBUNAL REGIONAL ELEITORAL DO D. FEDERAL;02122057020GP0053;20GP;JULGAMENTO DE CAUSAS E GESTAO ADMINISTRATIVA NA JUSTICA ELEI;0001;JULGAMENTO DE CAUSAS E GESTAO ADMINISTRATIVA;084782;AOSA MATMOV;MATERIAL PARA MANUT.DE BENS MOVEIS;0100;RECURSOS ORDINARIOS;1;ORCAMENTO FISCAL;3;DESPESAS CORRENTES;3;OUTRAS DESPESAS CORRENTES;30;MATERIAL DE CONSUMO;339030;MATERIAL DE CONSUMO;339030-9;NAO SE APLICA;-9;NAO SE APLICA;-9;NAO SE APLICA;-9;NAO SE APLICA;NAO SE APLICA;-9;-9;-9;ALTERACAO PARA EMISSAO DE PE - SERVICOS DE MONITORAMENTO E MANUTENCAO CORRETI-VA DE SISTEMA DE ALARME ELETRONICO PREDIAL.                                   PAE 0004538-77.2017.6.07.8100;-9;NAO SE APLICA;6.836,76;6.836,76;;;6.836,76;;;;;;;;;;;;;;;
14107;TRIBUNAL REGIONAL ELEITORAL DO DIST. FEDERAL;070025;TRIBUNAL REGIONAL ELEITORAL DO D. FEDERAL;02122057020GP0053;20GP;JULGAMENTO DE CAUSAS E GESTAO ADMINISTRATIVA NA JUSTICA ELEI;0001;JULGAMENTO DE CAUSAS E GESTAO ADMINISTRATIVA;084782;AOSA MATMOV;MATERIAL PARA MANUT.DE BENS MOVEIS;0100;RECURSOS ORDINARIOS;1;ORCAMENTO FISCAL;3;DESPESAS CORRENTES;3;OUTRAS DESPESAS CORRENTES;30;MATERIAL DE CONSUMO;339030;MATERIAL DE CONSUMO;339030-9;NAO SE APLICA;-9;NAO SE APLICA;-9;NAO SE APLICA;-9;NAO SE APLICA;NAO SE APLICA;-9;-9;-9;ANULACAO DE PE PARA EMISSAO DE NE -MONITORAMENTO E MANUTENCAO CORRETIVA DE SISSISTEMA DE ALARME ELETRONICO PREDIAL. (PA 0004538-77.2017);-9;NAO SE APLICA;;;;;6.836,76;(6.836,76);(6.836,76);;;;;;;;;;;;;
14107;TRIBUNAL REGIONAL ELEITORAL DO DIST. FEDERAL;070025;TRIBUNAL REGIONAL ELEITORAL DO D. FEDERAL;02122057020GP0053;20GP;JULGAMENTO DE CAUSAS E GESTAO ADMINISTRATIVA NA JUSTICA ELEI;0001;JULGAMENTO DE CAUSAS E GESTAO ADMINISTRATIVA;084782;AOSA MATMOV;MATERIAL PARA MANUT.DE BENS MOVEIS;0100;RECURSOS ORDINARIOS;1;ORCAMENTO FISCAL;3;DESPESAS CORRENTES;3;OUTRAS DESPESAS CORRENTES;30;MATERIAL DE CONSUMO;339030;MATERIAL DE CONSUMO;339030-9;NAO SE APLICA;-9;NAO SE APLICA;-9;NAO SE APLICA;-9;NAO SE APLICA;NAO SE APLICA;-9;-9;-9;RETORNO AO DISPONIVEL;-9;NAO SE APLICA;(5.836,76);(5.836,76);;;(5.836,76);;;;;;;;;;;;;;;
14107;TRIBUNAL REGIONAL ELEITORAL DO DIST. FEDERAL;070025;TRIBUNAL REGIONAL ELEITORAL DO D. FEDERAL;02122057020GP0053;20GP;JULGAMENTO DE CAUSAS E GESTAO ADMINISTRATIVA NA JUSTICA ELEI;0001;JULGAMENTO DE CAUSAS E GESTAO ADMINISTRATIVA;084782;AOSA MATMOV;MATERIAL PARA MANUT.DE BENS MOVEIS;0100;RECURSOS ORDINARIOS;1;ORCAMENTO FISCAL;3;DESPESAS CORRENTES;3;OUTRAS DESPESAS CORRENTES;30;MATERIAL DE CONSUMO;339030;MATERIAL DE CONSUMO;339030-9;NAO SE APLICA;-9;NAO SE APLICA;-9;NAO SE APLICA;-9;NAO SE APLICA;NAO SE APLICA;-9;-9;-9;SERVICOS DE MONITORAMENTO E MANUTENCAO CORRETIVA DE SISTEMA DE ALARME ELETRONICO PREDIAL - MATERIAL.                                                        PAE 0004538-77.2017.6.07.8100;-9;NAO SE APLICA;;;;;(6.836,76);6.836,76;6.836,76;;;;;;;;;;;;;
14107;TRIBUNAL REGIONAL ELEITORAL DO DIST. FEDERAL;070025;TRIBUNAL REGIONAL ELEITORAL DO D. FEDERAL;02122057020GP0053;20GP;JULGAMENTO DE CAUSAS E GESTAO ADMINISTRATIVA NA JUSTICA ELEI;0001;JULGAMENTO DE CAUSAS E GESTAO ADMINISTRATIVA;084782;AOSA MATMOV;MATERIAL PARA MANUT.DE BENS MOVEIS;0100;RECURSOS ORDINARIOS;1;ORCAMENTO FISCAL;3;DESPESAS CORRENTES;3;OUTRAS DESPESAS CORRENTES;30;MATERIAL DE CONSUMO;339030;MATERIAL DE CONSUMO;33903025;MATERIAL P/ MANUTENCAO DE BENS MOVEIS;3;ESTIMATIVO;12;PREGAO;-8;25/01/2017;JAN/2017;2017;070025000012017NE000068;00062711520166078100;NAO SE APLICA;02713790000188;STAR SEGURANCA ELETRONICA LTDA - EPP;;;;;;;;;;;;;1.606,51;;;;;1.606,51;;
14107;TRIBUNAL REGIONAL ELEITORAL DO DIST. FEDERAL;070025;TRIBUNAL REGIONAL ELEITORAL DO D. FEDERAL;02122057020GP0053;20GP;JULGAMENTO DE CAUSAS E GESTAO ADMINISTRATIVA NA JUSTICA ELEI;0001;JULGAMENTO DE CAUSAS E GESTAO ADMINISTRATIVA;084782;AOSA MATMOV;MATERIAL PARA MANUT.DE BENS MOVEIS;0100;RECURSOS ORDINARIOS;1;ORCAMENTO FISCAL;3;DESPESAS CORRENTES;3;OUTRAS DESPESAS CORRENTES;30;MATERIAL DE CONSUMO;339030;MATERIAL DE CONSUMO;33903025;MATERIAL P/ MANUTENCAO DE BENS MOVEIS;3;ESTIMATIVO;12;PREGAO;-8;22/03/2018;MAR/2018;2018;070025000012018NE000182;00045387720176078100;18CT0011 - SERVICO DE MONITORAMENTO REMOTO DE SISTEMA DE ALARME ELETRONICO.   CONTRATO Nº 11/2018. FORNECIMENTO DE PECAS.;08438690000177;PROMOVE SEGURANCA ELETRONICA LTDA - EPP;;;;;;;;1.000,00;;;;;;;;;;;;
14107;TRIBUNAL REGIONAL ELEITORAL DO DIST. FEDERAL;070025;TRIBUNAL REGIONAL ELEITORAL DO D. FEDERAL;02122057020GP0053;20GP;JULGAMENTO DE CAUSAS E GESTAO ADMINISTRATIVA NA JUSTICA ELEI;0001;JULGAMENTO DE CAUSAS E GESTAO ADMINISTRATIVA;084782;AOSA PASMEM;PASSAGENS PARA MEMBROS;0100;RECURSOS ORDINARIOS;1;ORCAMENTO FISCAL;3;DESPESAS CORRENTES;3;OUTRAS DESPESAS CORRENTES;33;PASSAGENS E DESPESAS COM LOCOMOCAO;339033;PASSAGENS E DESPESAS COM LOCOMOCAO;339033-9;NAO SE APLICA;-9;NAO SE APLICA;-9;NAO SE APLICA;-9;NAO SE APLICA;NAO SE APLICA;-9;-9;-9;13CT0003 - PRESTACAO DE SERVICOS DE AGENCIAMENTO DE VIAGENS. CONTRATO Nº 03/13TERMO ADITIVO Nº 05 - MEMBROS.;-9;NAO SE APLICA;;;;;(2.268,12);;;;;;;;;;;;;;;
14107;TRIBUNAL REGIONAL ELEITORAL DO DIST. FEDERAL;070025;TRIBUNAL REGIONAL ELEITORAL DO D. FEDERAL;02122057020GP0053;20GP;JULGAMENTO DE CAUSAS E GESTAO ADMINISTRATIVA NA JUSTICA ELEI;0001;JULGAMENTO DE CAUSAS E GESTAO ADMINISTRATIVA;084782;AOSA PASMEM;PASSAGENS PARA MEMBROS;0100;RECURSOS ORDINARIOS;1;ORCAMENTO FISCAL;3;DESPESAS CORRENTES;3;OUTRAS DESPESAS CORRENTES;33;PASSAGENS E DESPESAS COM LOCOMOCAO;339033;PASSAGENS E DESPESAS COM LOCOMOCAO;339033-9;NAO SE APLICA;-9;NAO SE APLICA;-9;NAO SE APLICA;-9;NAO SE APLICA;NAO SE APLICA;-9;-9;-9;13CT0003 - PRESTACAO DE SERVICOS DE AGENCIAMENTO DE VIAGENS. CONTRATO Nº 03/13TERMO ADITIVO Nº 05 - MEMBROS. REFORCO.;-9;NAO SE APLICA;;;;;(18,68);;;;;;;;;;;;;;;
14107;TRIBUNAL REGIONAL ELEITORAL DO DIST. FEDERAL;070025;TRIBUNAL REGIONAL ELEITORAL DO D. FEDERAL;02122057020GP0053;20GP;JULGAMENTO DE CAUSAS E GESTAO ADMINISTRATIVA NA JUSTICA ELEI;0001;JULGAMENTO DE CAUSAS E GESTAO ADMINISTRATIVA;084782;AOSA PASMEM;PASSAGENS PARA MEMBROS;0100;RECURSOS ORDINARIOS;1;ORCAMENTO FISCAL;3;DESPESAS CORRENTES;3;OUTRAS DESPESAS CORRENTES;33;PASSAGENS E DESPESAS COM LOCOMOCAO;339033;PASSAGENS E DESPESAS COM LOCOMOCAO;339033-9;NAO SE APLICA;-9;NAO SE APLICA;-9;NAO SE APLICA;-9;NAO SE APLICA;NAO SE APLICA;-9;-9;-9;18CT0002 - CONTRATO DE PRESTACAO DE SERVICOS DE AGENCIAMENTO DE VIAGENS,COMPREENDENDO OS SERVICOS DE EMISSAO, REMARCACAO E CANCELAMENTO DE PASSAGENS  AEREASNACIONAIS E INTERNACIONAIS - MEMBROS. ANULACAO.;-9;NAO SE APLICA;;;;;20.000,00;;;;;;;;;;;;;;;
14107;TRIBUNAL REGIONAL ELEITORAL DO DIST. FEDERAL;070025;TRIBUNAL REGIONAL ELEITORAL DO D. FEDERAL;02122057020GP0053;20GP;JULGAMENTO DE CAUSAS E GESTAO ADMINISTRATIVA NA JUSTICA ELEI;0001;JULGAMENTO DE CAUSAS E GESTAO ADMINISTRATIVA;084782;AOSA PASMEM;PASSAGENS PARA MEMBROS;0100;RECURSOS ORDINARIOS;1;ORCAMENTO FISCAL;3;DESPESAS CORRENTES;3;OUTRAS DESPESAS CORRENTES;33;PASSAGENS E DESPESAS COM LOCOMOCAO;339033;PASSAGENS E DESPESAS COM LOCOMOCAO;339033-9;NAO SE APLICA;-9;NAO SE APLICA;-9;NAO SE APLICA;-9;NAO SE APLICA;NAO SE APLICA;-9;-9;-9;18CT0002 - CONTRATO DE PRESTACAO DE SERVICOS DE AGENCIAMENTO DE VIAGENS,COMPREENDENDO OS SERVICOS DE EMISSAO, REMARCACAO E CANCELAMENTO DE PASSAGENS  AEREASNACIONAIS E INTERNACIONAIS - MEMBROS. PE Nº18/2017, ARP Nº31/2017.;-9;NAO SE APLICA;;;;;(20.000,00);;;;;;;;;;;;;;;
14107;TRIBUNAL REGIONAL ELEITORAL DO DIST. FEDERAL;070025;TRIBUNAL REGIONAL ELEITORAL DO D. FEDERAL;02122057020GP0053;20GP;JULGAMENTO DE CAUSAS E GESTAO ADMINISTRATIVA NA JUSTICA ELEI;0001;JULGAMENTO DE CAUSAS E GESTAO ADMINISTRATIVA;084782;AOSA PASMEM;PASSAGENS PARA MEMBROS;0100;RECURSOS ORDINARIOS;1;ORCAMENTO FISCAL;3;DESPESAS CORRENTES;3;OUTRAS DESPESAS CORRENTES;33;PASSAGENS E DESPESAS COM LOCOMOCAO;339033;PASSAGENS E DESPESAS COM LOCOMOCAO;339033-9;NAO SE APLICA;-9;NAO SE APLICA;-9;NAO SE APLICA;-9;NAO SE APLICA;NAO SE APLICA;-9;-9;-9;18CT0002 - SERVICOS DE AGENCIAMENTO DE VIAGENS. ADESAO A ARP Nº 31/2017 - PRE GAO ELETRONICO Nº 18/2017 DAS CENTRAIS ELETRICAS DE RONDONIA.                 CONTRATO Nº 02/2018. MEMBROS.;-9;NAO SE APLICA;;;;;(20.000,00);;;;;;;;;;;;;;;
14107;TRIBUNAL REGIONAL ELEITORAL DO DIST. FEDERAL;070025;TRIBUNAL REGIONAL ELEITORAL DO D. FEDERAL;02122057020GP0053;20GP;JULGAMENTO DE CAUSAS E GESTAO ADMINISTRATIVA NA JUSTICA ELEI;0001;JULGAMENTO DE CAUSAS E GESTAO ADMINISTRATIVA;084782;AOSA PASMEM;PASSAGENS PARA MEMBROS;0100;RECURSOS ORDINARIOS;1;ORCAMENTO FISCAL;3;DESPESAS CORRENTES;3;OUTRAS DESPESAS CORRENTES;33;PASSAGENS E DESPESAS COM LOCOMOCAO;339033;PASSAGENS E DESPESAS COM LOCOMOCAO;339033-9;NAO SE APLICA;-9;NAO SE APLICA;-9;NAO SE APLICA;-9;NAO SE APLICA;NAO SE APLICA;-9;-9;-9;ALTERACAO PARA EMISSAO DE NE. PASSAGENS PARA SERVIDORES E MEMBROS.            PAE 0002361-77.2016.6.07.8100;-9;NAO SE APLICA;2.268,12;2.268,12;;;2.268,12;;;;;;;;;;;;;;;
14107;TRIBUNAL REGIONAL ELEITORAL DO DIST. FEDERAL;070025;TRIBUNAL REGIONAL ELEITORAL DO D. FEDERAL;02122057020GP0053;20GP;JULGAMENTO DE CAUSAS E GESTAO ADMINISTRATIVA NA JUSTICA ELEI;0001;JULGAMENTO DE CAUSAS E GESTAO ADMINISTRATIVA;084782;AOSA PASMEM;PASSAGENS PARA MEMBROS;0100;RECURSOS ORDINARIOS;1;ORCAMENTO FISCAL;3;DESPESAS CORRENTES;3;OUTRAS DESPESAS CORRENTES;33;PASSAGENS E DESPESAS COM LOCOMOCAO;339033;PASSAGENS E DESPESAS COM LOCOMOCAO;339033-9;NAO SE APLICA;-9;NAO SE APLICA;-9;NAO SE APLICA;-9;NAO SE APLICA;NAO SE APLICA;-9;-9;-9;ALTERACAO PARA EMISSAO DE PRE-EMPENHO - SERVICOS DE AGENCIAMENTO DE VIAGENS   (PA 0004389-81.2017.6.07.8100);-9;NAO SE APLICA;20.000,00;20.000,00;;;20.000,00;;;;;;;;;;;;;;;
14107;TRIBUNAL REGIONAL ELEITORAL DO DIST. FEDERAL;070025;TRIBUNAL REGIONAL ELEITORAL DO D. FEDERAL;02122057020GP0053;20GP;JULGAMENTO DE CAUSAS E GESTAO ADMINISTRATIVA NA JUSTICA ELEI;0001;JULGAMENTO DE CAUSAS E GESTAO ADMINISTRATIVA;084782;AOSA PASMEM;PASSAGENS PARA MEMBROS;0100;RECURSOS ORDINARIOS;1;ORCAMENTO FISCAL;3;DESPESAS CORRENTES;3;OUTRAS DESPESAS CORRENTES;33;PASSAGENS E DESPESAS COM LOCOMOCAO;339033;PASSAGENS E DESPESAS COM LOCOMOCAO;339033-9;NAO SE APLICA;-9;NAO SE APLICA;-9;NAO SE APLICA;-9;NAO SE APLICA;NAO SE APLICA;-9;-9;-9;ALTERACAO PARA REFORCO DE NE. PASSAGENS PARA SERVIDORES E MEMBROS.            PAE 0002361-77.2016.6.07.8100;-9;NAO SE APLICA;18,68;18,68;;;18,68;;;;;;;;;;;;;;;
14107;TRIBUNAL REGIONAL ELEITORAL DO DIST. FEDERAL;070025;TRIBUNAL REGIONAL ELEITORAL DO D. FEDERAL;02122057020GP0053;20GP;JULGAMENTO DE CAUSAS E GESTAO ADMINISTRATIVA NA JUSTICA ELEI;0001;JULGAMENTO DE CAUSAS E GESTAO ADMINISTRATIVA;084782;AOSA PASMEM;PASSAGENS PARA MEMBROS;0100;RECURSOS ORDINARIOS;1;ORCAMENTO FISCAL;3;DESPESAS CORRENTES;3;OUTRAS DESPESAS CORRENTES;33;PASSAGENS E DESPESAS COM LOCOMOCAO;339033;PASSAGENS E DESPESAS COM LOCOMOCAO;339033-9;NAO SE APLICA;-9;NAO SE APLICA;-9;NAO SE APLICA;-9;NAO SE APLICA;NAO SE APLICA;-9;-9;-9;ANULACAO DE PE PARA EMISSAO DE NE - PRESTACAO DE SERVICOS DE AGENCIAMENTO DE  VIAGENS - MEMBROS. (PA 0004389-81.2017.6.07.8100);-9;NAO SE APLICA;;;;;20.000,00;(20.000,00);(20.000,00);;;;;;;;;;;;;
14107;TRIBUNAL REGIONAL ELEITORAL DO DIST. FEDERAL;070025;TRIBUNAL REGIONAL ELEITORAL DO D. FEDERAL;02122057020GP0053;20GP;JULGAMENTO DE CAUSAS E GESTAO ADMINISTRATIVA NA JUSTICA ELEI;0001;JULGAMENTO DE CAUSAS E GESTAO ADMINISTRATIVA;084782;AOSA PASMEM;PASSAGENS PARA MEMBROS;0100;RECURSOS ORDINARIOS;1;ORCAMENTO FISCAL;3;DESPESAS CORRENTES;3;OUTRAS DESPESAS CORRENTES;33;PASSAGENS E DESPESAS COM LOCOMOCAO;339033;PASSAGENS E DESPESAS COM LOCOMOCAO;339033-9;NAO SE APLICA;-9;NAO SE APLICA;-9;NAO SE APLICA;-9;NAO SE APLICA;NAO SE APLICA;-9;-9;-9;SERVICOS DE AGENCIAMENTO DE VIAGENS - PASSAGENS PARA MEMBROS.                 (PA 0004389-81.2017.6.07.8100);-9;NAO SE APLICA;;;;;(20.000,00);20.000,00;20.000,00;;;;;;;;;;;;;
14107;TRIBUNAL REGIONAL ELEITORAL DO DIST. FEDERAL;070025;TRIBUNAL REGIONAL ELEITORAL DO D. FEDERAL;02122057020GP0053;20GP;JULGAMENTO DE CAUSAS E GESTAO ADMINISTRATIVA NA JUSTICA ELEI;0001;JULGAMENTO DE CAUSAS E GESTAO ADMINISTRATIVA;084782;AOSA PASMEM;PASSAGENS PARA MEMBROS;0100;RECURSOS ORDINARIOS;1;ORCAMENTO FISCAL;3;DESPESAS CORRENTES;3;OUTRAS DESPESAS CORRENTES;33;PASSAGENS E DESPESAS COM LOCOMOCAO;339033;PASSAGENS E DESPESAS COM LOCOMOCAO;33903301;PASSAGENS PARA O PAIS;3;ESTIMATIVO;12;PREGAO;-8;23/02/2018;FEV/2018;2018;070025000012018NE000123;00043898120176078100;18CT0002 - CONTRATO DE PRESTACAO DE SERVICOS DE AGENCIAMENTO DE VIAGENS,COMPREENDENDO OS SERVICOS DE EMISSAO, REMARCACAO E CANCELAMENTO DE PASSAGENS  AEREASNACIONAIS E INTERNACIONAIS - MEMBROS. ANULACAO.;05917540000158;DECOLANDO TURISMO E REPRESENTACOES LTDA - ME;;;;;;;;(20.000,00);;;;;;;;;;;;
14107;TRIBUNAL REGIONAL ELEITORAL DO DIST. FEDERAL;070025;TRIBUNAL REGIONAL ELEITORAL DO D. FEDERAL;02122057020GP0053;20GP;JULGAMENTO DE CAUSAS E GESTAO ADMINISTRATIVA NA JUSTICA ELEI;0001;JULGAMENTO DE CAUSAS E GESTAO ADMINISTRATIVA;084782;AOSA PASMEM;PASSAGENS PARA MEMBROS;0100;RECURSOS ORDINARIOS;1;ORCAMENTO FISCAL;3;DESPESAS CORRENTES;3;OUTRAS DESPESAS CORRENTES;33;PASSAGENS E DESPESAS COM LOCOMOCAO;339033;PASSAGENS E DESPESAS COM LOCOMOCAO;33903301;PASSAGENS PARA O PAIS;3;ESTIMATIVO;12;PREGAO;-8;23/02/2018;FEV/2018;2018;070025000012018NE000123;00043898120176078100;18CT0002 - CONTRATO DE PRESTACAO DE SERVICOS DE AGENCIAMENTO DE VIAGENS,COMPREENDENDO OS SERVICOS DE EMISSAO, REMARCACAO E CANCELAMENTO DE PASSAGENS  AEREASNACIONAIS E INTERNACIONAIS - MEMBROS. PE Nº18/2017, ARP Nº31/2017.;05917540000158;DECOLANDO TURISMO E REPRESENTACOES LTDA - ME;;;;;;;;20.000,00;;;;;;;;;;;;
14107;TRIBUNAL REGIONAL ELEITORAL DO DIST. FEDERAL;070025;TRIBUNAL REGIONAL ELEITORAL DO D. FEDERAL;02122057020GP0053;20GP;JULGAMENTO DE CAUSAS E GESTAO ADMINISTRATIVA NA JUSTICA ELEI;0001;JULGAMENTO DE CAUSAS E GESTAO ADMINISTRATIVA;084782;AOSA PASMEM;PASSAGENS PARA MEMBROS;0100;RECURSOS ORDINARIOS;1;ORCAMENTO FISCAL;3;DESPESAS CORRENTES;3;OUTRAS DESPESAS CORRENTES;33;PASSAGENS E DESPESAS COM LOCOMOCAO;339033;PASSAGENS E DESPESAS COM LOCOMOCAO;33903301;PASSAGENS PARA O PAIS;3;ESTIMATIVO;12;PREGAO;-8;23/02/2018;FEV/2018;2018;070025000012018NE000129;00043898120176078100;18CT0002 - SERVICOS DE AGENCIAMENTO DE VIAGENS. ADESAO A ARP Nº 31/2017 - PRE GAO ELETRONICO Nº 18/2017 DAS CENTRAIS ELETRICAS DE RONDONIA.                 CONTRATO Nº 02/2018. MEMBROS.;05917540000158;DECOLANDO TURISMO E REPRESENTACOES LTDA - ME;;;;;;;;20.000,00;;;;;;;;;;;;
14107;TRIBUNAL REGIONAL ELEITORAL DO DIST. FEDERAL;070025;TRIBUNAL REGIONAL ELEITORAL DO D. FEDERAL;02122057020GP0053;20GP;JULGAMENTO DE CAUSAS E GESTAO ADMINISTRATIVA NA JUSTICA ELEI;0001;JULGAMENTO DE CAUSAS E GESTAO ADMINISTRATIVA;084782;AOSA PASMEM;PASSAGENS PARA MEMBROS;0100;RECURSOS ORDINARIOS;1;ORCAMENTO FISCAL;3;DESPESAS CORRENTES;3;OUTRAS DESPESAS CORRENTES;33;PASSAGENS E DESPESAS COM LOCOMOCAO;339033;PASSAGENS E DESPESAS COM LOCOMOCAO;33903301;PASSAGENS PARA O PAIS;3;ESTIMATIVO;12;PREGAO;-8;23/02/2018;FEV/2018;2018;070025000012018NE000129;00043898120176078100;PGTO NF 43.498. PASSAGENS AEREAS. RETENCAO IMP. FEDERAIS 7,05 (R$ 136,57). PA 1531-43.2018;05917540000158;DECOLANDO TURISMO E REPRESENTACOES LTDA - ME;;;;;;;;0,00;645,71;645,71;;;;;;;;;645,71;645,71
14107;TRIBUNAL REGIONAL ELEITORAL DO DIST. FEDERAL;070025;TRIBUNAL REGIONAL ELEITORAL DO D. FEDERAL;02122057020GP0053;20GP;JULGAMENTO DE CAUSAS E GESTAO ADMINISTRATIVA NA JUSTICA ELEI;0001;JULGAMENTO DE CAUSAS E GESTAO ADMINISTRATIVA;084782;AOSA PASMEM;PASSAGENS PARA MEMBROS;0100;RECURSOS ORDINARIOS;1;ORCAMENTO FISCAL;3;DESPESAS CORRENTES;3;OUTRAS DESPESAS CORRENTES;33;PASSAGENS E DESPESAS COM LOCOMOCAO;339033;PASSAGENS E DESPESAS COM LOCOMOCAO;33903301;PASSAGENS PARA O PAIS;3;ESTIMATIVO;12;PREGAO;-8;23/02/2018;FEV/2018;2018;070025000012018NE000129;00043898120176078100;PGTO NF 44.565. PASSAGENS AEREAS. RETENCAO IMP. FEDERAIS 7,05 (R$ 732,66). PA 1531-43.2018;05917540000158;DECOLANDO TURISMO E REPRESENTACOES LTDA - ME;;;;;;;;0,00;1.724,31;1.724,31;;;;;;;;;1.724,31;1.724,31
14107;TRIBUNAL REGIONAL ELEITORAL DO DIST. FEDERAL;070025;TRIBUNAL REGIONAL ELEITORAL DO D. FEDERAL;02122057020GP0053;20GP;JULGAMENTO DE CAUSAS E GESTAO ADMINISTRATIVA NA JUSTICA ELEI;0001;JULGAMENTO DE CAUSAS E GESTAO ADMINISTRATIVA;084782;AOSA PASMEM;PASSAGENS PARA MEMBROS;0100;RECURSOS ORDINARIOS;1;ORCAMENTO FISCAL;3;DESPESAS CORRENTES;3;OUTRAS DESPESAS CORRENTES;33;PASSAGENS E DESPESAS COM LOCOMOCAO;339033;PASSAGENS E DESPESAS COM LOCOMOCAO;33903301;PASSAGENS PARA O PAIS;3;ESTIMATIVO;12;PREGAO;-8;27/02/2018;FEV/2018;2018;070025000012018NE000135;00023617720166078100;13CT0003 - PRESTACAO DE SERVICOS DE AGENCIAMENTO DE VIAGENS. CONTRATO Nº 03/13TERMO ADITIVO Nº 05 - MEMBROS.;05120923000109;AEROTUR SERVICOS DE VIAGENS LTDA - EPP;;;;;;;;2.268,12;;;;;;;;;;;;
14107;TRIBUNAL REGIONAL ELEITORAL DO DIST. FEDERAL;070025;TRIBUNAL REGIONAL ELEITORAL DO D. FEDERAL;02122057020GP0053;20GP;JULGAMENTO DE CAUSAS E GESTAO ADMINISTRATIVA NA JUSTICA ELEI;0001;JULGAMENTO DE CAUSAS E GESTAO ADMINISTRATIVA;084782;AOSA PASMEM;PASSAGENS PARA MEMBROS;0100;RECURSOS ORDINARIOS;1;ORCAMENTO FISCAL;3;DESPESAS CORRENTES;3;OUTRAS DESPESAS CORRENTES;33;PASSAGENS E DESPESAS COM LOCOMOCAO;339033;PASSAGENS E DESPESAS COM LOCOMOCAO;33903301;PASSAGENS PARA O PAIS;3;ESTIMATIVO;12;PREGAO;-8;27/02/2018;FEV/2018;2018;070025000012018NE000135;00023617720166078100;13CT0003 - PRESTACAO DE SERVICOS DE AGENCIAMENTO DE VIAGENS. CONTRATO Nº 03/13TERMO ADITIVO Nº 05 - MEMBROS. REFORCO.;05120923000109;AEROTUR SERVICOS DE VIAGENS LTDA - EPP;;;;;;;;18,68;;;;;;;;;;;;
14107;TRIBUNAL REGIONAL ELEITORAL DO DIST. FEDERAL;070025;TRIBUNAL REGIONAL ELEITORAL DO D. FEDERAL;02122057020GP0053;20GP;JULGAMENTO DE CAUSAS E GESTAO ADMINISTRATIVA NA JUSTICA ELEI;0001;JULGAMENTO DE CAUSAS E GESTAO ADMINISTRATIVA;084782;AOSA PASMEM;PASSAGENS PARA MEMBROS;0100;RECURSOS ORDINARIOS;1;ORCAMENTO FISCAL;3;DESPESAS CORRENTES;3;OUTRAS DESPESAS CORRENTES;33;PASSAGENS E DESPESAS COM LOCOMOCAO;339033;PASSAGENS E DESPESAS COM LOCOMOCAO;33903301;PASSAGENS PARA O PAIS;3;ESTIMATIVO;12;PREGAO;-8;27/02/2018;FEV/2018;2018;070025000012018NE000135;00023617720166078100;PGTO FATURA 316502/18. SERVICO DE AGENCIAMENTO DE VIAGENS. RETENCAO IMP. FED. 7,05 TARIFA (R$ 499,18), 7,05 TAXA EMBARQUE (R$ 24,02) E 9,45 RAV (R$ 7,06). PA 2360-92.2016.;05120923000109;AEROTUR SERVICOS DE VIAGENS LTDA - EPP;;;;;;;;0,00;2.286,80;2.286,80;;;;;;;;;2.286,80;2.286,80
14107;TRIBUNAL REGIONAL ELEITORAL DO DIST. FEDERAL;070025;TRIBUNAL REGIONAL ELEITORAL DO D. FEDERAL;02122057020GP0053;20GP;JULGAMENTO DE CAUSAS E GESTAO ADMINISTRATIVA NA JUSTICA ELEI;0001;JULGAMENTO DE CAUSAS E GESTAO ADMINISTRATIVA;084782;AOSA PASMEM;PASSAGENS PARA MEMBROS;0100;RECURSOS ORDINARIOS;1;ORCAMENTO FISCAL;3;DESPESAS CORRENTES;3;OUTRAS DESPESAS CORRENTES;92;DESPESAS DE EXERCICIOS ANTERIORES;339092;DESPESAS DE EXERCICIOS ANTERIORES;339092-9;NAO SE APLICA;-9;NAO SE APLICA;-9;NAO SE APLICA;-9;NAO SE APLICA;NAO SE APLICA;-9;-9;-9;13CT0003 - PRESTACAO DE SERVICOS DE AGENCIAMENTO DE VIAGENS. CONTRATO Nº 03/13TERMO ADITIVO Nº 05 - MEMBROS. EXERCICIOS ANTERIORES.;-9;NAO SE APLICA;;;;;(1.423,13);;;;;;;;;;;;;;;
14107;TRIBUNAL REGIONAL ELEITORAL DO DIST. FEDERAL;070025;TRIBUNAL REGIONAL ELEITORAL DO D. FEDERAL;02122057020GP0053;20GP;JULGAMENTO DE CAUSAS E GESTAO ADMINISTRATIVA NA JUSTICA ELEI;0001;JULGAMENTO DE CAUSAS E GESTAO ADMINISTRATIVA;084782;AOSA PASMEM;PASSAGENS PARA MEMBROS;0100;RECURSOS ORDINARIOS;1;ORCAMENTO FISCAL;3;DESPESAS CORRENTES;3;OUTRAS DESPESAS CORRENTES;92;DESPESAS DE EXERCICIOS ANTERIORES;339092;DESPESAS DE EXERCICIOS ANTERIORES;339092-9;NAO SE APLICA;-9;NAO SE APLICA;-9;NAO SE APLICA;-9;NAO SE APLICA;NAO SE APLICA;-9;-9;-9;ALTERACAO PARA EMISSAO DE NE (EXERCICIO ANTERIOR). SERVICOS DE AGENCIAMENTO DEVIAGENS DE MEMBROS E SERVIDORES. PAE 0002361-77.2016.6.07.8100;-9;NAO SE APLICA;1.423,13;1.423,13;;;1.423,13;;;;;;;;;;;;;;;
14107;TRIBUNAL REGIONAL ELEITORAL DO DIST. FEDERAL;070025;TRIBUNAL REGIONAL ELEITORAL DO D. FEDERAL;02122057020GP0053;20GP;JULGAMENTO DE CAUSAS E GESTAO ADMINISTRATIVA NA JUSTICA ELEI;0001;JULGAMENTO DE CAUSAS E GESTAO ADMINISTRATIVA;084782;AOSA PASMEM;PASSAGENS PARA MEMBROS;0100;RECURSOS ORDINARIOS;1;ORCAMENTO FISCAL;3;DESPESAS CORRENTES;3;OUTRAS DESPESAS CORRENTES;92;DESPESAS DE EXERCICIOS ANTERIORES;339092;DESPESAS DE EXERCICIOS ANTERIORES;33909233;PASSAGENS E DESPESAS COM LOCOMOCAO;1;ORDINARIO;12;PREGAO;-8;31/01/2018;JAN/2018;2018;070025000012018NE000084;00023617720166078100;13CT0003 - PRESTACAO DE SERVICOS DE AGENCIAMENTO DE VIAGENS. CONTRATO Nº 03/13TERMO ADITIVO Nº 05 - MEMBROS. EXERCICIOS ANTERIORES.;05120923000109;AEROTUR SERVICOS DE VIAGENS LTDA - EPP;;;;;;;;1.423,13;;;;;;;;;;;;
14107;TRIBUNAL REGIONAL ELEITORAL DO DIST. FEDERAL;070025;TRIBUNAL REGIONAL ELEITORAL DO D. FEDERAL;02122057020GP0053;20GP;JULGAMENTO DE CAUSAS E GESTAO ADMINISTRATIVA NA JUSTICA ELEI;0001;JULGAMENTO DE CAUSAS E GESTAO ADMINISTRATIVA;084782;AOSA PASMEM;PASSAGENS PARA MEMBROS;0100;RECURSOS ORDINARIOS;1;ORCAMENTO FISCAL;3;DESPESAS CORRENTES;3;OUTRAS DESPESAS CORRENTES;92;DESPESAS DE EXERCICIOS ANTERIORES;339092;DESPESAS DE EXERCICIOS ANTERIORES;33909233;PASSAGENS E DESPESAS COM LOCOMOCAO;1;ORDINARIO;12;PREGAO;-8;31/01/2018;JAN/2018;2018;070025000012018NE000084;00023617720166078100;PGTO FATURA 31393418. SERVICO DE AGENCIAMENTO DE VIAGENS. RETENCAO IMP. FED. 7,05 TARIFA (R$ 191,18), 7,05 TAXA EMBARQUE (R$ 8,16) E 9,45 RAV (R$ 1,77). PA 2360-92.2016.;05120923000109;AEROTUR SERVICOS DE VIAGENS LTDA - EPP;;;;;;;;0,00;1.423,13;1.423,13;;;;;;;;;1.423,13;1.423,13
14107;TRIBUNAL REGIONAL ELEITORAL DO DIST. FEDERAL;070025;TRIBUNAL REGIONAL ELEITORAL DO D. FEDERAL;02122057020GP0053;20GP;JULGAMENTO DE CAUSAS E GESTAO ADMINISTRATIVA NA JUSTICA ELEI;0001;JULGAMENTO DE CAUSAS E GESTAO ADMINISTRATIVA;084782;AOSA PASSAG;PASSAGENS PARA SERVIDORES;0100;RECURSOS ORDINARIOS;1;ORCAMENTO FISCAL;3;DESPESAS CORRENTES;3;OUTRAS DESPESAS CORRENTES;33;PASSAGENS E DESPESAS COM LOCOMOCAO;339033;PASSAGENS E DESPESAS COM LOCOMOCAO;339033-9;NAO SE APLICA;-9;NAO SE APLICA;-9;NAO SE APLICA;-9;NAO SE APLICA;NAO SE APLICA;-9;-9;-9;13CT0003 - PRESTACAO DE SERVICOS DE AGENCIAMENTO DE VIAGENS. CONTRATO Nº 03/13TERMO ADITIVO Nº 05 - SERVIDORES.;-9;NAO SE APLICA;;;;;(2.088,30);;;;;;;;;;;;;;;
14107;TRIBUNAL REGIONAL ELEITORAL DO DIST. FEDERAL;070025;TRIBUNAL REGIONAL ELEITORAL DO D. FEDERAL;02122057020GP0053;20GP;JULGAMENTO DE CAUSAS E GESTAO ADMINISTRATIVA NA JUSTICA ELEI;0001;JULGAMENTO DE CAUSAS E GESTAO ADMINISTRATIVA;084782;AOSA PASSAG;PASSAGENS PARA SERVIDORES;0100;RECURSOS ORDINARIOS;1;ORCAMENTO FISCAL;3;DESPESAS CORRENTES;3;OUTRAS DESPESAS CORRENTES;33;PASSAGENS E DESPESAS COM LOCOMOCAO;339033;PASSAGENS E DESPESAS COM LOCOMOCAO;339033-9;NAO SE APLICA;-9;NAO SE APLICA;-9;NAO SE APLICA;-9;NAO SE APLICA;NAO SE APLICA;-9;-9;-9;13CT0003 - PRESTACAO DE SERVICOS DE AGENCIAMENTO DE VIAGENS. CONTRATO Nº 03/13TERMO ADITIVO Nº 05 - SERVIDORES. REFORCO.;-9;NAO SE APLICA;;;;;(18,68);;;;;;;;;;;;;;;
14107;TRIBUNAL REGIONAL ELEITORAL DO DIST. FEDERAL;070025;TRIBUNAL REGIONAL ELEITORAL DO D. FEDERAL;02122057020GP0053;20GP;JULGAMENTO DE CAUSAS E GESTAO ADMINISTRATIVA NA JUSTICA ELEI;0001;JULGAMENTO DE CAUSAS E GESTAO ADMINISTRATIVA;084782;AOSA PASSAG;PASSAGENS PARA SERVIDORES;0100;RECURSOS ORDINARIOS;1;ORCAMENTO FISCAL;3;DESPESAS CORRENTES;3;OUTRAS DESPESAS CORRENTES;33;PASSAGENS E DESPESAS COM LOCOMOCAO;339033;PASSAGENS E DESPESAS COM LOCOMOCAO;339033-9;NAO SE APLICA;-9;NAO SE APLICA;-9;NAO SE APLICA;-9;NAO SE APLICA;NAO SE APLICA;-9;-9;-9;13CT0012 - PRESTACAO DE SERVICOS DE TRANSPORTE DE SERVIDORES, CONFORME CONTRA TO Nº 12/2013. PREGAO ELETRONICO TREDF Nº 18/2013. TERMO ADITIVO Nº 05.;-9;NAO SE APLICA;;;;;(409.547,63);;;;;;;;;;;;;;;
14107;TRIBUNAL REGIONAL ELEITORAL DO DIST. FEDERAL;070025;TRIBUNAL REGIONAL ELEITORAL DO D. FEDERAL;02122057020GP0053;20GP;JULGAMENTO DE CAUSAS E GESTAO ADMINISTRATIVA NA JUSTICA ELEI;0001;JULGAMENTO DE CAUSAS E GESTAO ADMINISTRATIVA;084782;AOSA PASSAG;PASSAGENS PARA SERVIDORES;0100;RECURSOS ORDINARIOS;1;ORCAMENTO FISCAL;3;DESPESAS CORRENTES;3;OUTRAS DESPESAS CORRENTES;33;PASSAGENS E DESPESAS COM LOCOMOCAO;339033;PASSAGENS E DESPESAS COM LOCOMOCAO;339033-9;NAO SE APLICA;-9;NAO SE APLICA;-9;NAO SE APLICA;-9;NAO SE APLICA;NAO SE APLICA;-9;-9;-9;18CT0002 - CONTRATO DE PRESTACAO DE SERVICOS DE AGENCIAMENTO DE VIAGENS,COMPREENDENDO OS SERVICOS DE EMISSAO, REMARCACAO E CANCELAMENTO DE PASSAGENS  AEREASNACIONAIS E INTERNACIONAIS - SERVIDORES. ANULCAO.;-9;NAO SE APLICA;;;;;30.000,00;;;;;;;;;;;;;;;
14107;TRIBUNAL REGIONAL ELEITORAL DO DIST. FEDERAL;070025;TRIBUNAL REGIONAL ELEITORAL DO D. FEDERAL;02122057020GP0053;20GP;JULGAMENTO DE CAUSAS E GESTAO ADMINISTRATIVA NA JUSTICA ELEI;0001;JULGAMENTO DE CAUSAS E GESTAO ADMINISTRATIVA;084782;AOSA PASSAG;PASSAGENS PARA SERVIDORES;0100;RECURSOS ORDINARIOS;1;ORCAMENTO FISCAL;3;DESPESAS CORRENTES;3;OUTRAS DESPESAS CORRENTES;33;PASSAGENS E DESPESAS COM LOCOMOCAO;339033;PASSAGENS E DESPESAS COM LOCOMOCAO;339033-9;NAO SE APLICA;-9;NAO SE APLICA;-9;NAO SE APLICA;-9;NAO SE APLICA;NAO SE APLICA;-9;-9;-9;18CT0002 - CONTRATO DE PRESTACAO DE SERVICOS DE AGENCIAMENTO DE VIAGENS,COMPREENDENDO OS SERVICOS DE EMISSAO, REMARCACAO E CANCELAMENTO DE PASSAGENS  AEREASNACIONAIS E INTERNACIONAIS - SERVIDORES. PE Nº18/2017, ARP Nº31/2017.;-9;NAO SE APLICA;;;;;(30.000,00);;;;;;;;;;;;;;;
14107;TRIBUNAL REGIONAL ELEITORAL DO DIST. FEDERAL;070025;TRIBUNAL REGIONAL ELEITORAL DO D. FEDERAL;02122057020GP0053;20GP;JULGAMENTO DE CAUSAS E GESTAO ADMINISTRATIVA NA JUSTICA ELEI;0001;JULGAMENTO DE CAUSAS E GESTAO ADMINISTRATIVA;084782;AOSA PASSAG;PASSAGENS PARA SERVIDORES;0100;RECURSOS ORDINARIOS;1;ORCAMENTO FISCAL;3;DESPESAS CORRENTES;3;OUTRAS DESPESAS CORRENTES;33;PASSAGENS E DESPESAS COM LOCOMOCAO;339033;PASSAGENS E DESPESAS COM LOCOMOCAO;339033-9;NAO SE APLICA;-9;NAO SE APLICA;-9;NAO SE APLICA;-9;NAO SE APLICA;NAO SE APLICA;-9;-9;-9;18CT0002 - SERVICOS DE AGENCIAMENTO DE VIAGENS. ADESAO A ARP Nº 31/2017 - PRE GAO ELETRONICO Nº 18/2017 DAS CENTRAIS ELETRICAS DE RONDONIA.                 CONTRATO Nº 02/2018. SERVIDORES.;-9;NAO SE APLICA;;;;;(30.000,00);;;;;;;;;;;;;;;
14107;TRIBUNAL REGIONAL ELEITORAL DO DIST. FEDERAL;070025;TRIBUNAL REGIONAL ELEITORAL DO D. FEDERAL;02122057020GP0053;20GP;JULGAMENTO DE CAUSAS E GESTAO ADMINISTRATIVA NA JUSTICA ELEI;0001;JULGAMENTO DE CAUSAS E GESTAO ADMINISTRATIVA;084782;AOSA PASSAG;PASSAGENS PARA SERVIDORES;0100;RECURSOS ORDINARIOS;1;ORCAMENTO FISCAL;3;DESPESAS CORRENTES;3;OUTRAS DESPESAS CORRENTES;33;PASSAGENS E DESPESAS COM LOCOMOCAO;339033;PASSAGENS E DESPESAS COM LOCOMOCAO;339033-9;NAO SE APLICA;-9;NAO SE APLICA;-9;NAO SE APLICA;-9;NAO SE APLICA;NAO SE APLICA;-9;-9;-9;ALTERACAO PARA EMISSAO DE NE - PRESTACAO DE SERVICOS DE TRANSPORTE DE SERVIDO RES. (PA 0002035-20.2016.6.07.8100);-9;NAO SE APLICA;409.547,63;409.547,63;;;409.547,63;;;;;;;;;;;;;;;
14107;TRIBUNAL REGIONAL ELEITORAL DO DIST. FEDERAL;070025;TRIBUNAL REGIONAL ELEITORAL DO D. FEDERAL;02122057020GP0053;20GP;JULGAMENTO DE CAUSAS E GESTAO ADMINISTRATIVA NA JUSTICA ELEI;0001;JULGAMENTO DE CAUSAS E GESTAO ADMINISTRATIVA;084782;AOSA PASSAG;PASSAGENS PARA SERVIDORES;0100;RECURSOS ORDINARIOS;1;ORCAMENTO FISCAL;3;DESPESAS CORRENTES;3;OUTRAS DESPESAS CORRENTES;33;PASSAGENS E DESPESAS COM LOCOMOCAO;339033;PASSAGENS E DESPESAS COM LOCOMOCAO;339033-9;NAO SE APLICA;-9;NAO SE APLICA;-9;NAO SE APLICA;-9;NAO SE APLICA;NAO SE APLICA;-9;-9;-9;ALTERACAO PARA EMISSAO DE NE. PASSAGENS PARA SERVIDORES E MEMBROS.            PAE 0002361-77.2016.6.07.8100;-9;NAO SE APLICA;2.088,30;2.088,30;;;2.088,30;;;;;;;;;;;;;;;
14107;TRIBUNAL REGIONAL ELEITORAL DO DIST. FEDERAL;070025;TRIBUNAL REGIONAL ELEITORAL DO D. FEDERAL;02122057020GP0053;20GP;JULGAMENTO DE CAUSAS E GESTAO ADMINISTRATIVA NA JUSTICA ELEI;0001;JULGAMENTO DE CAUSAS E GESTAO ADMINISTRATIVA;084782;AOSA PASSAG;PASSAGENS PARA SERVIDORES;0100;RECURSOS ORDINARIOS;1;ORCAMENTO FISCAL;3;DESPESAS CORRENTES;3;OUTRAS DESPESAS CORRENTES;33;PASSAGENS E DESPESAS COM LOCOMOCAO;339033;PASSAGENS E DESPESAS COM LOCOMOCAO;339033-9;NAO SE APLICA;-9;NAO SE APLICA;-9;NAO SE APLICA;-9;NAO SE APLICA;NAO SE APLICA;-9;-9;-9;ALTERACAO PARA EMISSAO DE PE - PRESTACAO DE SERVICOS DE TRANSPORTE DE SERVIDO RES. (PA 0002035-20.2016.6.07.8100);-9;NAO SE APLICA;338.864,29;338.864,29;;;338.864,29;;;;;;;;;;;;;;;
14107;TRIBUNAL REGIONAL ELEITORAL DO DIST. FEDERAL;070025;TRIBUNAL REGIONAL ELEITORAL DO D. FEDERAL;02122057020GP0053;20GP;JULGAMENTO DE CAUSAS E GESTAO ADMINISTRATIVA NA JUSTICA ELEI;0001;JULGAMENTO DE CAUSAS E GESTAO ADMINISTRATIVA;084782;AOSA PASSAG;PASSAGENS PARA SERVIDORES;0100;RECURSOS ORDINARIOS;1;ORCAMENTO FISCAL;3;DESPESAS CORRENTES;3;OUTRAS DESPESAS CORRENTES;33;PASSAGENS E DESPESAS COM LOCOMOCAO;339033;PASSAGENS E DESPESAS COM LOCOMOCAO;339033-9;NAO SE APLICA;-9;NAO SE APLICA;-9;NAO SE APLICA;-9;NAO SE APLICA;NAO SE APLICA;-9;-9;-9;ALTERACAO PARA EMISSAO DE PRE-EMPENHO - SERVICOS DE AGENCIAMENTO DE VIAGENS   (PA 0004389-81.2017.6.07.8100);-9;NAO SE APLICA;30.000,00;30.000,00;;;30.000,00;;;;;;;;;;;;;;;
14107;TRIBUNAL REGIONAL ELEITORAL DO DIST. FEDERAL;070025;TRIBUNAL REGIONAL ELEITORAL DO D. FEDERAL;02122057020GP0053;20GP;JULGAMENTO DE CAUSAS E GESTAO ADMINISTRATIVA NA JUSTICA ELEI;0001;JULGAMENTO DE CAUSAS E GESTAO ADMINISTRATIVA;084782;AOSA PASSAG;PASSAGENS PARA SERVIDORES;0100;RECURSOS ORDINARIOS;1;ORCAMENTO FISCAL;3;DESPESAS CORRENTES;3;OUTRAS DESPESAS CORRENTES;33;PASSAGENS E DESPESAS COM LOCOMOCAO;339033;PASSAGENS E DESPESAS COM LOCOMOCAO;339033-9;NAO SE APLICA;-9;NAO SE APLICA;-9;NAO SE APLICA;-9;NAO SE APLICA;NAO SE APLICA;-9;-9;-9;ALTERACAO PARA EMISSAO DE PRE-EMPENHO.                                        PRESTACAO DE SERVICOS DE TRANSPORTES.                                         PAE 0004813-26.2017.6.07.8100;-9;NAO SE APLICA;248.600,41;248.600,41;;;248.600,41;;;;;;;;;;;;;;;
14107;TRIBUNAL REGIONAL ELEITORAL DO DIST. FEDERAL;070025;TRIBUNAL REGIONAL ELEITORAL DO D. FEDERAL;02122057020GP0053;20GP;JULGAMENTO DE CAUSAS E GESTAO ADMINISTRATIVA NA JUSTICA ELEI;0001;JULGAMENTO DE CAUSAS E GESTAO ADMINISTRATIVA;084782;AOSA PASSAG;PASSAGENS PARA SERVIDORES;0100;RECURSOS ORDINARIOS;1;ORCAMENTO FISCAL;3;DESPESAS CORRENTES;3;OUTRAS DESPESAS CORRENTES;33;PASSAGENS E DESPESAS COM LOCOMOCAO;339033;PASSAGENS E DESPESAS COM LOCOMOCAO;339033-9;NAO SE APLICA;-9;NAO SE APLICA;-9;NAO SE APLICA;-9;NAO SE APLICA;NAO SE APLICA;-9;-9;-9;ALTERACAO PARA EMISSAO DE PRE-EMPENHO. REFORCO.                               PRESTACAO DE SERVICOS DE TRANSPORTES TERRESTRES.                              PAE 0004813-26.2017.6.07.8100;-9;NAO SE APLICA;60.399,59;60.399,59;;;60.399,59;;;;;;;;;;;;;;;
14107;TRIBUNAL REGIONAL ELEITORAL DO DIST. FEDERAL;070025;TRIBUNAL REGIONAL ELEITORAL DO D. FEDERAL;02122057020GP0053;20GP;JULGAMENTO DE CAUSAS E GESTAO ADMINISTRATIVA NA JUSTICA ELEI;0001;JULGAMENTO DE CAUSAS E GESTAO ADMINISTRATIVA;084782;AOSA PASSAG;PASSAGENS PARA SERVIDORES;0100;RECURSOS ORDINARIOS;1;ORCAMENTO FISCAL;3;DESPESAS CORRENTES;3;OUTRAS DESPESAS CORRENTES;33;PASSAGENS E DESPESAS COM LOCOMOCAO;339033;PASSAGENS E DESPESAS COM LOCOMOCAO;339033-9;NAO SE APLICA;-9;NAO SE APLICA;-9;NAO SE APLICA;-9;NAO SE APLICA;NAO SE APLICA;-9;-9;-9;ALTERACAO PARA REFORCO DE NE. PASSAGENS PARA SERVIDORES E MEMBROS.            PAE 0002361-77.2016.6.07.8100;-9;NAO SE APLICA;18,68;18,68;;;18,68;;;;;;;;;;;;;;;
14107;TRIBUNAL REGIONAL ELEITORAL DO DIST. FEDERAL;070025;TRIBUNAL REGIONAL ELEITORAL DO D. FEDERAL;02122057020GP0053;20GP;JULGAMENTO DE CAUSAS E GESTAO ADMINISTRATIVA NA JUSTICA ELEI;0001;JULGAMENTO DE CAUSAS E GESTAO ADMINISTRATIVA;084782;AOSA PASSAG;PASSAGENS PARA SERVIDORES;0100;RECURSOS ORDINARIOS;1;ORCAMENTO FISCAL;3;DESPESAS CORRENTES;3;OUTRAS DESPESAS CORRENTES;33;PASSAGENS E DESPESAS COM LOCOMOCAO;339033;PASSAGENS E DESPESAS COM LOCOMOCAO;339033-9;NAO SE APLICA;-9;NAO SE APLICA;-9;NAO SE APLICA;-9;NAO SE APLICA;NAO SE APLICA;-9;-9;-9;ANULACAO DE PE PARA EMISSAO DE NE - PRESTACAO DE SERVICOS DE AGENCIAMENTO DE  VIAGENS - SERVIDORES. (PA 0004389-81.2017.6.07.8100);-9;NAO SE APLICA;;;;;30.000,00;(30.000,00);(30.000,00);;;;;;;;;;;;;
14107;TRIBUNAL REGIONAL ELEITORAL DO DIST. FEDERAL;070025;TRIBUNAL REGIONAL ELEITORAL DO D. FEDERAL;02122057020GP0053;20GP;JULGAMENTO DE CAUSAS E GESTAO ADMINISTRATIVA NA JUSTICA ELEI;0001;JULGAMENTO DE CAUSAS E GESTAO ADMINISTRATIVA;084782;AOSA PASSAG;PASSAGENS PARA SERVIDORES;0100;RECURSOS ORDINARIOS;1;ORCAMENTO FISCAL;3;DESPESAS CORRENTES;3;OUTRAS DESPESAS CORRENTES;33;PASSAGENS E DESPESAS COM LOCOMOCAO;339033;PASSAGENS E DESPESAS COM LOCOMOCAO;339033-9;NAO SE APLICA;-9;NAO SE APLICA;-9;NAO SE APLICA;-9;NAO SE APLICA;NAO SE APLICA;-9;-9;-9;ANULACAO DO PE - TRANSPORTE DE SERVIDORES.;-9;NAO SE APLICA;;;;;338.864,29;(338.864,29);(338.864,29);;;;;;;;;;;;;
14107;TRIBUNAL REGIONAL ELEITORAL DO DIST. FEDERAL;070025;TRIBUNAL REGIONAL ELEITORAL DO D. FEDERAL;02122057020GP0053;20GP;JULGAMENTO DE CAUSAS E GESTAO ADMINISTRATIVA NA JUSTICA ELEI;0001;JULGAMENTO DE CAUSAS E GESTAO ADMINISTRATIVA;084782;AOSA PASSAG;PASSAGENS PARA SERVIDORES;0100;RECURSOS ORDINARIOS;1;ORCAMENTO FISCAL;3;DESPESAS CORRENTES;3;OUTRAS DESPESAS CORRENTES;33;PASSAGENS E DESPESAS COM LOCOMOCAO;339033;PASSAGENS E DESPESAS COM LOCOMOCAO;339033-9;NAO SE APLICA;-9;NAO SE APLICA;-9;NAO SE APLICA;-9;NAO SE APLICA;NAO SE APLICA;-9;-9;-9;ANULACAO DO PE Nº 13/2018 - TRANSPORTE DE SERVIDORES.;-9;NAO SE APLICA;(338.864,29);(338.864,29);;;(338.864,29);;;;;;;;;;;;;;;
14107;TRIBUNAL REGIONAL ELEITORAL DO DIST. FEDERAL;070025;TRIBUNAL REGIONAL ELEITORAL DO D. FEDERAL;02122057020GP0053;20GP;JULGAMENTO DE CAUSAS E GESTAO ADMINISTRATIVA NA JUSTICA ELEI;0001;JULGAMENTO DE CAUSAS E GESTAO ADMINISTRATIVA;084782;AOSA PASSAG;PASSAGENS PARA SERVIDORES;0100;RECURSOS ORDINARIOS;1;ORCAMENTO FISCAL;3;DESPESAS CORRENTES;3;OUTRAS DESPESAS CORRENTES;33;PASSAGENS E DESPESAS COM LOCOMOCAO;339033;PASSAGENS E DESPESAS COM LOCOMOCAO;339033-9;NAO SE APLICA;-9;NAO SE APLICA;-9;NAO SE APLICA;-9;NAO SE APLICA;NAO SE APLICA;-9;-9;-9;PRETSCAO DE SERVICOS DE TRANSPORTE DE SERVIDORES, CONFORME CONTRATO Nº12/2013.(PA 0002035-20.2016.6.07.8100);-9;NAO SE APLICA;;;;;(338.864,29);338.864,29;338.864,29;;;;;;;;;;;;;
14107;TRIBUNAL REGIONAL ELEITORAL DO DIST. FEDERAL;070025;TRIBUNAL REGIONAL ELEITORAL DO D. FEDERAL;02122057020GP0053;20GP;JULGAMENTO DE CAUSAS E GESTAO ADMINISTRATIVA NA JUSTICA ELEI;0001;JULGAMENTO DE CAUSAS E GESTAO ADMINISTRATIVA;084782;AOSA PASSAG;PASSAGENS PARA SERVIDORES;0100;RECURSOS ORDINARIOS;1;ORCAMENTO FISCAL;3;DESPESAS CORRENTES;3;OUTRAS DESPESAS CORRENTES;33;PASSAGENS E DESPESAS COM LOCOMOCAO;339033;PASSAGENS E DESPESAS COM LOCOMOCAO;339033-9;NAO SE APLICA;-9;NAO SE APLICA;-9;NAO SE APLICA;-9;NAO SE APLICA;NAO SE APLICA;-9;-9;-9;RESERVA. PRESTACAO DE SERVICO DE TRANSPORTE DE SERVIDORES.                    PAE 0004813-26.2017.6.07.8100;-9;NAO SE APLICA;;;;;(248.600,41);248.600,41;248.600,41;;;;;;;;;;;;;
14107;TRIBUNAL REGIONAL ELEITORAL DO DIST. FEDERAL;070025;TRIBUNAL REGIONAL ELEITORAL DO D. FEDERAL;02122057020GP0053;20GP;JULGAMENTO DE CAUSAS E GESTAO ADMINISTRATIVA NA JUSTICA ELEI;0001;JULGAMENTO DE CAUSAS E GESTAO ADMINISTRATIVA;084782;AOSA PASSAG;PASSAGENS PARA SERVIDORES;0100;RECURSOS ORDINARIOS;1;ORCAMENTO FISCAL;3;DESPESAS CORRENTES;3;OUTRAS DESPESAS CORRENTES;33;PASSAGENS E DESPESAS COM LOCOMOCAO;339033;PASSAGENS E DESPESAS COM LOCOMOCAO;339033-9;NAO SE APLICA;-9;NAO SE APLICA;-9;NAO SE APLICA;-9;NAO SE APLICA;NAO SE APLICA;-9;-9;-9;RESERVA. PRESTACAO DE SERVICO DE TRANSPORTES TERRESTRES.                      PAE 0004813-26.2017.6.07.8100                                                 REFORCO.;-9;NAO SE APLICA;;;;;(60.399,59);60.399,59;60.399,59;;;;;;;;;;;;;
14107;TRIBUNAL REGIONAL ELEITORAL DO DIST. FEDERAL;070025;TRIBUNAL REGIONAL ELEITORAL DO D. FEDERAL;02122057020GP0053;20GP;JULGAMENTO DE CAUSAS E GESTAO ADMINISTRATIVA NA JUSTICA ELEI;0001;JULGAMENTO DE CAUSAS E GESTAO ADMINISTRATIVA;084782;AOSA PASSAG;PASSAGENS PARA SERVIDORES;0100;RECURSOS ORDINARIOS;1;ORCAMENTO FISCAL;3;DESPESAS CORRENTES;3;OUTRAS DESPESAS CORRENTES;33;PASSAGENS E DESPESAS COM LOCOMOCAO;339033;PASSAGENS E DESPESAS COM LOCOMOCAO;339033-9;NAO SE APLICA;-9;NAO SE APLICA;-9;NAO SE APLICA;-9;NAO SE APLICA;NAO SE APLICA;-9;-9;-9;SERVICOS DE AGENCIAMENTO DE VIAGENS - PASSAGENS PARA SERVIDORES.              (PA 0004389-81.2017.6.07.8100);-9;NAO SE APLICA;;;;;(30.000,00);30.000,00;30.000,00;;;;;;;;;;;;;
14107;TRIBUNAL REGIONAL ELEITORAL DO DIST. FEDERAL;070025;TRIBUNAL REGIONAL ELEITORAL DO D. FEDERAL;02122057020GP0053;20GP;JULGAMENTO DE CAUSAS E GESTAO ADMINISTRATIVA NA JUSTICA ELEI;0001;JULGAMENTO DE CAUSAS E GESTAO ADMINISTRATIVA;084782;AOSA PASSAG;PASSAGENS PARA SERVIDORES;0100;RECURSOS ORDINARIOS;1;ORCAMENTO FISCAL;3;DESPESAS CORRENTES;3;OUTRAS DESPESAS CORRENTES;33;PASSAGENS E DESPESAS COM LOCOMOCAO;339033;PASSAGENS E DESPESAS COM LOCOMOCAO;33903301;PASSAGENS PARA O PAIS;3;ESTIMATIVO;12;PREGAO;-8;23/02/2018;FEV/2018;2018;070025000012018NE000124;00043898120176078100;18CT0002 - CONTRATO DE PRESTACAO DE SERVICOS DE AGENCIAMENTO DE VIAGENS,COMPREENDENDO OS SERVICOS DE EMISSAO, REMARCACAO E CANCELAMENTO DE PASSAGENS  AEREASNACIONAIS E INTERNACIONAIS - SERVIDORES. ANULCAO.;05917540000158;DECOLANDO TURISMO E REPRESENTACOES LTDA - ME;;;;;;;;(30.000,00);;;;;;;;;;;;
14107;TRIBUNAL REGIONAL ELEITORAL DO DIST. FEDERAL;070025;TRIBUNAL REGIONAL ELEITORAL DO D. FEDERAL;02122057020GP0053;20GP;JULGAMENTO DE CAUSAS E GESTAO ADMINISTRATIVA NA JUSTICA ELEI;0001;JULGAMENTO DE CAUSAS E GESTAO ADMINISTRATIVA;084782;AOSA PASSAG;PASSAGENS PARA SERVIDORES;0100;RECURSOS ORDINARIOS;1;ORCAMENTO FISCAL;3;DESPESAS CORRENTES;3;OUTRAS DESPESAS CORRENTES;33;PASSAGENS E DESPESAS COM LOCOMOCAO;339033;PASSAGENS E DESPESAS COM LOCOMOCAO;33903301;PASSAGENS PARA O PAIS;3;ESTIMATIVO;12;PREGAO;-8;23/02/2018;FEV/2018;2018;070025000012018NE000124;00043898120176078100;18CT0002 - CONTRATO DE PRESTACAO DE SERVICOS DE AGENCIAMENTO DE VIAGENS,COMPREENDENDO OS SERVICOS DE EMISSAO, REMARCACAO E CANCELAMENTO DE PASSAGENS  AEREASNACIONAIS E INTERNACIONAIS - SERVIDORES. PE Nº18/2017, ARP Nº31/2017.;05917540000158;DECOLANDO TURISMO E REPRESENTACOES LTDA - ME;;;;;;;;30.000,00;;;;;;;;;;;;
14107;TRIBUNAL REGIONAL ELEITORAL DO DIST. FEDERAL;070025;TRIBUNAL REGIONAL ELEITORAL DO D. FEDERAL;02122057020GP0053;20GP;JULGAMENTO DE CAUSAS E GESTAO ADMINISTRATIVA NA JUSTICA ELEI;0001;JULGAMENTO DE CAUSAS E GESTAO ADMINISTRATIVA;084782;AOSA PASSAG;PASSAGENS PARA SERVIDORES;0100;RECURSOS ORDINARIOS;1;ORCAMENTO FISCAL;3;DESPESAS CORRENTES;3;OUTRAS DESPESAS CORRENTES;33;PASSAGENS E DESPESAS COM LOCOMOCAO;339033;PASSAGENS E DESPESAS COM LOCOMOCAO;33903301;PASSAGENS PARA O PAIS;3;ESTIMATIVO;12;PREGAO;-8;23/02/2018;FEV/2018;2018;070025000012018NE000130;00043898120176078100;18CT0002 - SERVICOS DE AGENCIAMENTO DE VIAGENS. ADESAO A ARP Nº 31/2017 - PRE GAO ELETRONICO Nº 18/2017 DAS CENTRAIS ELETRICAS DE RONDONIA.                 CONTRATO Nº 02/2018. SERVIDORES.;05917540000158;DECOLANDO TURISMO E REPRESENTACOES LTDA - ME;;;;;;;;30.000,00;;;;;;;;;;;;
14107;TRIBUNAL REGIONAL ELEITORAL DO DIST. FEDERAL;070025;TRIBUNAL REGIONAL ELEITORAL DO D. FEDERAL;02122057020GP0053;20GP;JULGAMENTO DE CAUSAS E GESTAO ADMINISTRATIVA NA JUSTICA ELEI;0001;JULGAMENTO DE CAUSAS E GESTAO ADMINISTRATIVA;084782;AOSA PASSAG;PASSAGENS PARA SERVIDORES;0100;RECURSOS ORDINARIOS;1;ORCAMENTO FISCAL;3;DESPESAS CORRENTES;3;OUTRAS DESPESAS CORRENTES;33;PASSAGENS E DESPESAS COM LOCOMOCAO;339033;PASSAGENS E DESPESAS COM LOCOMOCAO;33903301;PASSAGENS PARA O PAIS;3;ESTIMATIVO;12;PREGAO;-8;23/02/2018;FEV/2018;2018;070025000012018NE000130;00043898120176078100;PGTO NF 43.498. PASSAGENS AEREAS. RETENCAO IMP. FEDERAIS 7,05 (R$ 136,57). PA 1531-43.2018;05917540000158;DECOLANDO TURISMO E REPRESENTACOES LTDA - ME;;;;;;;;0,00;1.291,42;1.291,42;;;;;;;;;1.291,42;1.291,42
14107;TRIBUNAL REGIONAL ELEITORAL DO DIST. FEDERAL;070025;TRIBUNAL REGIONAL ELEITORAL DO D. FEDERAL;02122057020GP0053;20GP;JULGAMENTO DE CAUSAS E GESTAO ADMINISTRATIVA NA JUSTICA ELEI;0001;JULGAMENTO DE CAUSAS E GESTAO ADMINISTRATIVA;084782;AOSA PASSAG;PASSAGENS PARA SERVIDORES;0100;RECURSOS ORDINARIOS;1;ORCAMENTO FISCAL;3;DESPESAS CORRENTES;3;OUTRAS DESPESAS CORRENTES;33;PASSAGENS E DESPESAS COM LOCOMOCAO;339033;PASSAGENS E DESPESAS COM LOCOMOCAO;33903301;PASSAGENS PARA O PAIS;3;ESTIMATIVO;12;PREGAO;-8;23/02/2018;FEV/2018;2018;070025000012018NE000130;00043898120176078100;PGTO NF 44.565. PASSAGENS AEREAS. RETENCAO IMP. FEDERAIS 7,05 (R$ 732,66). PA 1531-43.2018;05917540000158;DECOLANDO TURISMO E REPRESENTACOES LTDA - ME;;;;;;;;0,00;3.448,62;3.448,62;;;;;;;;;3.448,62;3.448,62
14107;TRIBUNAL REGIONAL ELEITORAL DO DIST. FEDERAL;070025;TRIBUNAL REGIONAL ELEITORAL DO D. FEDERAL;02122057020GP0053;20GP;JULGAMENTO DE CAUSAS E GESTAO ADMINISTRATIVA NA JUSTICA ELEI;0001;JULGAMENTO DE CAUSAS E GESTAO ADMINISTRATIVA;084782;AOSA PASSAG;PASSAGENS PARA SERVIDORES;0100;RECURSOS ORDINARIOS;1;ORCAMENTO FISCAL;3;DESPESAS CORRENTES;3;OUTRAS DESPESAS CORRENTES;33;PASSAGENS E DESPESAS COM LOCOMOCAO;339033;PASSAGENS E DESPESAS COM LOCOMOCAO;33903301;PASSAGENS PARA O PAIS;3;ESTIMATIVO;12;PREGAO;-8;27/02/2018;FEV/2018;2018;070025000012018NE000136;00023617720166078100;13CT0003 - PRESTACAO DE SERVICOS DE AGENCIAMENTO DE VIAGENS. CONTRATO Nº 03/13TERMO ADITIVO Nº 05 - SERVIDORES.;05120923000109;AEROTUR SERVICOS DE VIAGENS LTDA - EPP;;;;;;;;2.088,30;;;;;;;;;;;;
14107;TRIBUNAL REGIONAL ELEITORAL DO DIST. FEDERAL;070025;TRIBUNAL REGIONAL ELEITORAL DO D. FEDERAL;02122057020GP0053;20GP;JULGAMENTO DE CAUSAS E GESTAO ADMINISTRATIVA NA JUSTICA ELEI;0001;JULGAMENTO DE CAUSAS E GESTAO ADMINISTRATIVA;084782;AOSA PASSAG;PASSAGENS PARA SERVIDORES;0100;RECURSOS ORDINARIOS;1;ORCAMENTO FISCAL;3;DESPESAS CORRENTES;3;OUTRAS DESPESAS CORRENTES;33;PASSAGENS E DESPESAS COM LOCOMOCAO;339033;PASSAGENS E DESPESAS COM LOCOMOCAO;33903301;PASSAGENS PARA O PAIS;3;ESTIMATIVO;12;PREGAO;-8;27/02/2018;FEV/2018;2018;070025000012018NE000136;00023617720166078100;13CT0003 - PRESTACAO DE SERVICOS DE AGENCIAMENTO DE VIAGENS. CONTRATO Nº 03/13TERMO ADITIVO Nº 05 - SERVIDORES. REFORCO.;05120923000109;AEROTUR SERVICOS DE VIAGENS LTDA - EPP;;;;;;;;18,68;;;;;;;;;;;;
14107;TRIBUNAL REGIONAL ELEITORAL DO DIST. FEDERAL;070025;TRIBUNAL REGIONAL ELEITORAL DO D. FEDERAL;02122057020GP0053;20GP;JULGAMENTO DE CAUSAS E GESTAO ADMINISTRATIVA NA JUSTICA ELEI;0001;JULGAMENTO DE CAUSAS E GESTAO ADMINISTRATIVA;084782;AOSA PASSAG;PASSAGENS PARA SERVIDORES;0100;RECURSOS ORDINARIOS;1;ORCAMENTO FISCAL;3;DESPESAS CORRENTES;3;OUTRAS DESPESAS CORRENTES;33;PASSAGENS E DESPESAS COM LOCOMOCAO;339033;PASSAGENS E DESPESAS COM LOCOMOCAO;33903301;PASSAGENS PARA O PAIS;3;ESTIMATIVO;12;PREGAO;-8;27/02/2018;FEV/2018;2018;070025000012018NE000136;00023617720166078100;PGTO FATURA 316502/18. SERVICO DE AGENCIAMENTO DE VIAGENS. RETENCAO IMP. FED. 7,05 TARIFA (R$ 499,18), 7,05 TAXA EMBARQUE (R$ 24,02) E 9,45 RAV (R$ 7,06). PA 2360-92.2016.;05120923000109;AEROTUR SERVICOS DE VIAGENS LTDA - EPP;;;;;;;;0,00;2.106,98;2.106,98;;;;;;;;;2.106,98;2.106,98
14107;TRIBUNAL REGIONAL ELEITORAL DO DIST. FEDERAL;070025;TRIBUNAL REGIONAL ELEITORAL DO D. FEDERAL;02122057020GP0053;20GP;JULGAMENTO DE CAUSAS E GESTAO ADMINISTRATIVA NA JUSTICA ELEI;0001;JULGAMENTO DE CAUSAS E GESTAO ADMINISTRATIVA;084782;AOSA PASSAG;PASSAGENS PARA SERVIDORES;0100;RECURSOS ORDINARIOS;1;ORCAMENTO FISCAL;3;DESPESAS CORRENTES;3;OUTRAS DESPESAS CORRENTES;33;PASSAGENS E DESPESAS COM LOCOMOCAO;339033;PASSAGENS E DESPESAS COM LOCOMOCAO;33903309;TRANSPORTE DE SERVIDORES;3;ESTIMATIVO;12;PREGAO;-8;15/02/2017;FEV/2017;2017;070025000012017NE000152;00020352020166078100;NAO SE APLICA;37990298000134;RADIO TAXI ALVORADA LTDA - ME;;;;;;;;;;;;;9.612,99;;;;;9.612,99;;
14107;TRIBUNAL REGIONAL ELEITORAL DO DIST. FEDERAL;070025;TRIBUNAL REGIONAL ELEITORAL DO D. FEDERAL;02122057020GP0053;20GP;JULGAMENTO DE CAUSAS E GESTAO ADMINISTRATIVA NA JUSTICA ELEI;0001;JULGAMENTO DE CAUSAS E GESTAO ADMINISTRATIVA;084782;AOSA PASSAG;PASSAGENS PARA SERVIDORES;0100;RECURSOS ORDINARIOS;1;ORCAMENTO FISCAL;3;DESPESAS CORRENTES;3;OUTRAS DESPESAS CORRENTES;33;PASSAGENS E DESPESAS COM LOCOMOCAO;339033;PASSAGENS E DESPESAS COM LOCOMOCAO;33903309;TRANSPORTE DE SERVIDORES;3;ESTIMATIVO;12;PREGAO;-8;15/02/2017;FEV/2017;2017;070025000012017NE000152;00020352020166078100;PAGTO NF 32. TRANSPORTE DE SERVIDORES E PEQUENOS VOLUMES, DEZEMBRO/2017 E JANEIRO/18. RETENCAO 5,00 ISS (R$ 3.183,56). OPTANTE SIMPLES NACIONAL. PA 3283-21.2016.6.07.8100.;37990298000134;RADIO TAXI ALVORADA LTDA - ME;;;;;;;;;;;;;;;;8.794,08;8.794,08;(8.794,08);8.794,08;8.794,08
14107;TRIBUNAL REGIONAL ELEITORAL DO DIST. FEDERAL;070025;TRIBUNAL REGIONAL ELEITORAL DO D. FEDERAL;02122057020GP0053;20GP;JULGAMENTO DE CAUSAS E GESTAO ADMINISTRATIVA NA JUSTICA ELEI;0001;JULGAMENTO DE CAUSAS E GESTAO ADMINISTRATIVA;084782;AOSA PASSAG;PASSAGENS PARA SERVIDORES;0100;RECURSOS ORDINARIOS;1;ORCAMENTO FISCAL;3;DESPESAS CORRENTES;3;OUTRAS DESPESAS CORRENTES;33;PASSAGENS E DESPESAS COM LOCOMOCAO;339033;PASSAGENS E DESPESAS COM LOCOMOCAO;33903309;TRANSPORTE DE SERVIDORES;3;ESTIMATIVO;12;PREGAO;-8;18/01/2018;JAN/2018;2018;070025000012018NE000065;00020352020166078100;13CT0012 - PRESTACAO DE SERVICOS DE TRANSPORTE DE SERVIDORES, CONFORME CONTRA TO Nº 12/2013. PREGAO ELETRONICO TREDF Nº 18/2013. TERMO ADITIVO Nº 05.;37990298000134;RADIO TAXI ALVORADA LTDA - ME;;;;;;;;409.547,63;;;;;;;;;;;;
14107;TRIBUNAL REGIONAL ELEITORAL DO DIST. FEDERAL;070025;TRIBUNAL REGIONAL ELEITORAL DO D. FEDERAL;02122057020GP0053;20GP;JULGAMENTO DE CAUSAS E GESTAO ADMINISTRATIVA NA JUSTICA ELEI;0001;JULGAMENTO DE CAUSAS E GESTAO ADMINISTRATIVA;084782;AOSA PASSAG;PASSAGENS PARA SERVIDORES;0100;RECURSOS ORDINARIOS;1;ORCAMENTO FISCAL;3;DESPESAS CORRENTES;3;OUTRAS DESPESAS CORRENTES;33;PASSAGENS E DESPESAS COM LOCOMOCAO;339033;PASSAGENS E DESPESAS COM LOCOMOCAO;33903309;TRANSPORTE DE SERVIDORES;3;ESTIMATIVO;12;PREGAO;-8;18/01/2018;JAN/2018;2018;070025000012018NE000065;00020352020166078100;PAGTO NF 32. TRANSPORTE DE SERVIDORES E PEQUENOS VOLUMES, DEZEMBRO/2017 E JANEIRO/18. RETENCAO 5,00 ISS (R$ 3.183,56). OPTANTE SIMPLES NACIONAL. PA 3283-21.2016.6.07.8100.;37990298000134;RADIO TAXI ALVORADA LTDA - ME;;;;;;;;0,00;54.877,21;54.877,21;;;;;;;;;54.877,21;54.877,21
14107;TRIBUNAL REGIONAL ELEITORAL DO DIST. FEDERAL;070025;TRIBUNAL REGIONAL ELEITORAL DO D. FEDERAL;02122057020GP0053;20GP;JULGAMENTO DE CAUSAS E GESTAO ADMINISTRATIVA NA JUSTICA ELEI;0001;JULGAMENTO DE CAUSAS E GESTAO ADMINISTRATIVA;084782;AOSA PASSAG;PASSAGENS PARA SERVIDORES;0100;RECURSOS ORDINARIOS;1;ORCAMENTO FISCAL;3;DESPESAS CORRENTES;3;OUTRAS DESPESAS CORRENTES;33;PASSAGENS E DESPESAS COM LOCOMOCAO;339033;PASSAGENS E DESPESAS COM LOCOMOCAO;33903309;TRANSPORTE DE SERVIDORES;3;ESTIMATIVO;12;PREGAO;-8;18/01/2018;JAN/2018;2018;070025000012018NE000065;00020352020166078100;PAGTO NF 33. TRANSPORTE DE SERVIDORES E PEQUENOS VOLUMES, FEVEREIRO/18. RETENCAO 5,00 ISS (R$ 2.827,61). OPTANTE SIMPLES NACIONAL. PA 3283-21.2016.6.07.8100.;37990298000134;RADIO TAXI ALVORADA LTDA - ME;;;;;;;;0,00;56.552,19;56.552,19;;;;;;;;;56.552,19;56.552,19
14107;TRIBUNAL REGIONAL ELEITORAL DO DIST. FEDERAL;070025;TRIBUNAL REGIONAL ELEITORAL DO D. FEDERAL;02122057020GP0053;20GP;JULGAMENTO DE CAUSAS E GESTAO ADMINISTRATIVA NA JUSTICA ELEI;0001;JULGAMENTO DE CAUSAS E GESTAO ADMINISTRATIVA;084782;AOSA PASSAG;PASSAGENS PARA SERVIDORES;0100;RECURSOS ORDINARIOS;1;ORCAMENTO FISCAL;3;DESPESAS CORRENTES;3;OUTRAS DESPESAS CORRENTES;33;PASSAGENS E DESPESAS COM LOCOMOCAO;339033;PASSAGENS E DESPESAS COM LOCOMOCAO;33903309;TRANSPORTE DE SERVIDORES;3;ESTIMATIVO;12;PREGAO;-8;18/01/2018;JAN/2018;2018;070025000012018NE000065;00020352020166078100;PAGTO NF 34. TRANSPORTE DE SERVIDORES E PEQUENOS VOLUMES, MARCO/18. RETENCAO 5,00 ISS (R$ 3.390,52). OPTANTE SIMPLES NACIONAL. PA 3283-21.2016.6.07.8100.;37990298000134;RADIO TAXI ALVORADA LTDA - ME;;;;;;;;0,00;67.810,48;67.810,48;;;;;;;;;67.810,48;67.810,48
14107;TRIBUNAL REGIONAL ELEITORAL DO DIST. FEDERAL;070025;TRIBUNAL REGIONAL ELEITORAL DO D. FEDERAL;02122057020GP0053;20GP;JULGAMENTO DE CAUSAS E GESTAO ADMINISTRATIVA NA JUSTICA ELEI;0001;JULGAMENTO DE CAUSAS E GESTAO ADMINISTRATIVA;084782;AOSA PASSAG;PASSAGENS PARA SERVIDORES;0100;RECURSOS ORDINARIOS;1;ORCAMENTO FISCAL;3;DESPESAS CORRENTES;3;OUTRAS DESPESAS CORRENTES;33;PASSAGENS E DESPESAS COM LOCOMOCAO;339033;PASSAGENS E DESPESAS COM LOCOMOCAO;33903309;TRANSPORTE DE SERVIDORES;3;ESTIMATIVO;12;PREGAO;-8;18/01/2018;JAN/2018;2018;070025000012018NE000065;00020352020166078100;PAGTO NF 35. TRANSPORTE DE SERVIDORES E PEQUENOS VOLUMES, ABRIL/18. RETENCAO 5,00 ISS (R$ 4.049,39). OPTANTE SIMPLES NACIONAL. PA 3283-21.2016.6.07.8100.;37990298000134;RADIO TAXI ALVORADA LTDA - ME;;;;;;;;0,00;80.987,86;80.987,86;;;;;;;;;80.987,86;80.987,86
14107;TRIBUNAL REGIONAL ELEITORAL DO DIST. FEDERAL;070025;TRIBUNAL REGIONAL ELEITORAL DO D. FEDERAL;02122057020GP0053;20GP;JULGAMENTO DE CAUSAS E GESTAO ADMINISTRATIVA NA JUSTICA ELEI;0001;JULGAMENTO DE CAUSAS E GESTAO ADMINISTRATIVA;084782;AOSA PASSAG;PASSAGENS PARA SERVIDORES;0100;RECURSOS ORDINARIOS;1;ORCAMENTO FISCAL;3;DESPESAS CORRENTES;3;OUTRAS DESPESAS CORRENTES;92;DESPESAS DE EXERCICIOS ANTERIORES;339092;DESPESAS DE EXERCICIOS ANTERIORES;339092-9;NAO SE APLICA;-9;NAO SE APLICA;-9;NAO SE APLICA;-9;NAO SE APLICA;NAO SE APLICA;-9;-9;-9;13CT0003 - PRESTACAO DE SERVICOS DE AGENCIAMENTO DE VIAGENS. CONTRATO Nº 03/13TERMO ADITIVO Nº 05 - SERVIDORES. EXERCICIOS ANTERIORES.;-9;NAO SE APLICA;;;;;(1.423,13);;;;;;;;;;;;;;;
14107;TRIBUNAL REGIONAL ELEITORAL DO DIST. FEDERAL;070025;TRIBUNAL REGIONAL ELEITORAL DO D. FEDERAL;02122057020GP0053;20GP;JULGAMENTO DE CAUSAS E GESTAO ADMINISTRATIVA NA JUSTICA ELEI;0001;JULGAMENTO DE CAUSAS E GESTAO ADMINISTRATIVA;084782;AOSA PASSAG;PASSAGENS PARA SERVIDORES;0100;RECURSOS ORDINARIOS;1;ORCAMENTO FISCAL;3;DESPESAS CORRENTES;3;OUTRAS DESPESAS CORRENTES;92;DESPESAS DE EXERCICIOS ANTERIORES;339092;DESPESAS DE EXERCICIOS ANTERIORES;339092-9;NAO SE APLICA;-9;NAO SE APLICA;-9;NAO SE APLICA;-9;NAO SE APLICA;NAO SE APLICA;-9;-9;-9;ALTERACAO PARA EMISSAO DE NE (EXERCICIO ANTERIOR). SERVICOS DE AGENCIAMENTO DEVIAGENS DE MEMBROS E SERVIDORES. PAE 0002361-77.2016.6.07.8100;-9;NAO SE APLICA;1.423,13;1.423,13;;;1.423,13;;;;;;;;;;;;;;;
14107;TRIBUNAL REGIONAL ELEITORAL DO DIST. FEDERAL;070025;TRIBUNAL REGIONAL ELEITORAL DO D. FEDERAL;02122057020GP0053;20GP;JULGAMENTO DE CAUSAS E GESTAO ADMINISTRATIVA NA JUSTICA ELEI;0001;JULGAMENTO DE CAUSAS E GESTAO ADMINISTRATIVA;084782;AOSA PASSAG;PASSAGENS PARA SERVIDORES;0100;RECURSOS ORDINARIOS;1;ORCAMENTO FISCAL;3;DESPESAS CORRENTES;3;OUTRAS DESPESAS CORRENTES;92;DESPESAS DE EXERCICIOS ANTERIORES;339092;DESPESAS DE EXERCICIOS ANTERIORES;33909233;PASSAGENS E DESPESAS COM LOCOMOCAO;1;ORDINARIO;12;PREGAO;-8;31/01/2018;JAN/2018;2018;070025000012018NE000085;00023617720166078100;13CT0003 - PRESTACAO DE SERVICOS DE AGENCIAMENTO DE VIAGENS. CONTRATO Nº 03/13TERMO ADITIVO Nº 05 - SERVIDORES. EXERCICIOS ANTERIORES.;05120923000109;AEROTUR SERVICOS DE VIAGENS LTDA - EPP;;;;;;;;1.423,13;;;;;;;;;;;;
14107;TRIBUNAL REGIONAL ELEITORAL DO DIST. FEDERAL;070025;TRIBUNAL REGIONAL ELEITORAL DO D. FEDERAL;02122057020GP0053;20GP;JULGAMENTO DE CAUSAS E GESTAO ADMINISTRATIVA NA JUSTICA ELEI;0001;JULGAMENTO DE CAUSAS E GESTAO ADMINISTRATIVA;084782;AOSA PASSAG;PASSAGENS PARA SERVIDORES;0100;RECURSOS ORDINARIOS;1;ORCAMENTO FISCAL;3;DESPESAS CORRENTES;3;OUTRAS DESPESAS CORRENTES;92;DESPESAS DE EXERCICIOS ANTERIORES;339092;DESPESAS DE EXERCICIOS ANTERIORES;33909233;PASSAGENS E DESPESAS COM LOCOMOCAO;1;ORDINARIO;12;PREGAO;-8;31/01/2018;JAN/2018;2018;070025000012018NE000085;00023617720166078100;PGTO FATURA 31393418. SERVICO DE AGENCIAMENTO DE VIAGENS. RETENCAO IMP. FED. 7,05 TARIFA (R$ 191,18), 7,05 TAXA EMBARQUE (R$ 8,16) E 9,45 RAV (R$ 1,77). PA 2360-92.2016.;05120923000109;AEROTUR SERVICOS DE VIAGENS LTDA - EPP;;;;;;;;0,00;1.423,13;1.423,13;;;;;;;;;1.423,13;1.423,13
14107;TRIBUNAL REGIONAL ELEITORAL DO DIST. FEDERAL;070025;TRIBUNAL REGIONAL ELEITORAL DO D. FEDERAL;02122057020GP0053;20GP;JULGAMENTO DE CAUSAS E GESTAO ADMINISTRATIVA NA JUSTICA ELEI;0001;JULGAMENTO DE CAUSAS E GESTAO ADMINISTRATIVA;084782;AOSA SEGURO;SEGUROS;0100;RECURSOS ORDINARIOS;1;ORCAMENTO FISCAL;3;DESPESAS CORRENTES;3;OUTRAS DESPESAS CORRENTES;39;OUTROS SERVICOS DE TERCEIROS PJ - OP.INT.ORC.;339039;OUTROS SERVICOS DE TERCEIROS - PESSOA JURIDICA;339039-9;NAO SE APLICA;-9;NAO SE APLICA;-9;NAO SE APLICA;-9;NAO SE APLICA;NAO SE APLICA;-9;-9;-9;ALTERACAO PARA EMISSAO DE PE. SERVICOS DE SEGURO DE IMOVEIS E BENS IMOVEIS.   PAE 0000628-76.2016.6.07.8100;-9;NAO SE APLICA;24.977,33;24.977,33;;;24.977,33;;;;;;;;;;;;;;;
14107;TRIBUNAL REGIONAL ELEITORAL DO DIST. FEDERAL;070025;TRIBUNAL REGIONAL ELEITORAL DO D. FEDERAL;02122057020GP0053;20GP;JULGAMENTO DE CAUSAS E GESTAO ADMINISTRATIVA NA JUSTICA ELEI;0001;JULGAMENTO DE CAUSAS E GESTAO ADMINISTRATIVA;084782;AOSA SEGURO;SEGUROS;0100;RECURSOS ORDINARIOS;1;ORCAMENTO FISCAL;3;DESPESAS CORRENTES;3;OUTRAS DESPESAS CORRENTES;39;OUTROS SERVICOS DE TERCEIROS PJ - OP.INT.ORC.;339039;OUTROS SERVICOS DE TERCEIROS - PESSOA JURIDICA;339039-9;NAO SE APLICA;-9;NAO SE APLICA;-9;NAO SE APLICA;-9;NAO SE APLICA;NAO SE APLICA;-9;-9;-9;SERVICOS DE SEGURO DE IMOVEIS E BENS IMOVEIS.                                 PAE 0000628-76.2016.6.07.8100                                                 DEVOLUCAO PARA ALTERACAO DA FONTE DA ND 111.;-9;NAO SE APLICA;(24.977,33);(24.977,33);;;(24.977,33);;;;;;;;;;;;;;;
14107;TRIBUNAL REGIONAL ELEITORAL DO DIST. FEDERAL;070025;TRIBUNAL REGIONAL ELEITORAL DO D. FEDERAL;02122057020GP0053;20GP;JULGAMENTO DE CAUSAS E GESTAO ADMINISTRATIVA NA JUSTICA ELEI;0001;JULGAMENTO DE CAUSAS E GESTAO ADMINISTRATIVA;084782;AOSA SEGURO;SEGUROS;0127;CUSTAS E EMOLUMENTOS - PODER JUDICIARIO;1;ORCAMENTO FISCAL;3;DESPESAS CORRENTES;3;OUTRAS DESPESAS CORRENTES;39;OUTROS SERVICOS DE TERCEIROS PJ - OP.INT.ORC.;339039;OUTROS SERVICOS DE TERCEIROS - PESSOA JURIDICA;339039-9;NAO SE APLICA;-9;NAO SE APLICA;-9;NAO SE APLICA;-9;NAO SE APLICA;NAO SE APLICA;-9;-9;-9;16CT0008 - PRESTACAO DE SERVICO DE SEGURO DE IMOVEIS E BENS MOVEIS.           PREGAO ELETRONICO Nº 02/2016. CONTRATO Nº 08/2016. TERMO ADITIVO N¤ 02.;-9;NAO SE APLICA;;;;;(24.977,33);;;;;;;;;;;;;;;
14107;TRIBUNAL REGIONAL ELEITORAL DO DIST. FEDERAL;070025;TRIBUNAL REGIONAL ELEITORAL DO D. FEDERAL;02122057020GP0053;20GP;JULGAMENTO DE CAUSAS E GESTAO ADMINISTRATIVA NA JUSTICA ELEI;0001;JULGAMENTO DE CAUSAS E GESTAO ADMINISTRATIVA;084782;AOSA SEGURO;SEGUROS;0127;CUSTAS E EMOLUMENTOS - PODER JUDICIARIO;1;ORCAMENTO FISCAL;3;DESPESAS CORRENTES;3;OUTRAS DESPESAS CORRENTES;39;OUTROS SERVICOS DE TERCEIROS PJ - OP.INT.ORC.;339039;OUTROS SERVICOS DE TERCEIROS - PESSOA JURIDICA;339039-9;NAO SE APLICA;-9;NAO SE APLICA;-9;NAO SE APLICA;-9;NAO SE APLICA;NAO SE APLICA;-9;-9;-9;ALTERACAO PARA EMISSAO DE PE. SERVICOS DE SEGURO DE IMOVEIS E BENS IMOVEIS.   PAE 0000628-76.2016.6.07.8100;-9;NAO SE APLICA;24.977,33;24.977,33;;;24.977,33;;;;;;;;;;;;;;;
14107;TRIBUNAL REGIONAL ELEITORAL DO DIST. FEDERAL;070025;TRIBUNAL REGIONAL ELEITORAL DO D. FEDERAL;02122057020GP0053;20GP;JULGAMENTO DE CAUSAS E GESTAO ADMINISTRATIVA NA JUSTICA ELEI;0001;JULGAMENTO DE CAUSAS E GESTAO ADMINISTRATIVA;084782;AOSA SEGURO;SEGUROS;0127;CUSTAS E EMOLUMENTOS - PODER JUDICIARIO;1;ORCAMENTO FISCAL;3;DESPESAS CORRENTES;3;OUTRAS DESPESAS CORRENTES;39;OUTROS SERVICOS DE TERCEIROS PJ - OP.INT.ORC.;339039;OUTROS SERVICOS DE TERCEIROS - PESSOA JURIDICA;339039-9;NAO SE APLICA;-9;NAO SE APLICA;-9;NAO SE APLICA;-9;NAO SE APLICA;NAO SE APLICA;-9;-9;-9;CONTRATACAO DE SERVICO DE SEGURO DE IMOVEIS E BENS IMOVEIS.                   PAE 0000628-76.2016.6.07.8100                                                 ANULACAO PARA EMISSAO DE EMPENHO;-9;NAO SE APLICA;;;;;24.977,33;(24.977,33);(24.977,33);;;;;;;;;;;;;
14107;TRIBUNAL REGIONAL ELEITORAL DO DIST. FEDERAL;070025;TRIBUNAL REGIONAL ELEITORAL DO D. FEDERAL;02122057020GP0053;20GP;JULGAMENTO DE CAUSAS E GESTAO ADMINISTRATIVA NA JUSTICA ELEI;0001;JULGAMENTO DE CAUSAS E GESTAO ADMINISTRATIVA;084782;AOSA SEGURO;SEGUROS;0127;CUSTAS E EMOLUMENTOS - PODER JUDICIARIO;1;ORCAMENTO FISCAL;3;DESPESAS CORRENTES;3;OUTRAS DESPESAS CORRENTES;39;OUTROS SERVICOS DE TERCEIROS PJ - OP.INT.ORC.;339039;OUTROS SERVICOS DE TERCEIROS - PESSOA JURIDICA;339039-9;NAO SE APLICA;-9;NAO SE APLICA;-9;NAO SE APLICA;-9;NAO SE APLICA;NAO SE APLICA;-9;-9;-9;RESERVA PARA CONTRATACAO DE SERVICO DE SEGURO DE IMOVEIS E BENS IMOVEIS.      PAE 0000628-76.2016.6.07.8100;-9;NAO SE APLICA;;;;;(24.977,33);24.977,33;24.977,33;;;;;;;;;;;;;
14107;TRIBUNAL REGIONAL ELEITORAL DO DIST. FEDERAL;070025;TRIBUNAL REGIONAL ELEITORAL DO D. FEDERAL;02122057020GP0053;20GP;JULGAMENTO DE CAUSAS E GESTAO ADMINISTRATIVA NA JUSTICA ELEI;0001;JULGAMENTO DE CAUSAS E GESTAO ADMINISTRATIVA;084782;AOSA SEGURO;SEGUROS;0127;CUSTAS E EMOLUMENTOS - PODER JUDICIARIO;1;ORCAMENTO FISCAL;3;DESPESAS CORRENTES;3;OUTRAS DESPESAS CORRENTES;39;OUTROS SERVICOS DE TERCEIROS PJ - OP.INT.ORC.;339039;OUTROS SERVICOS DE TERCEIROS - PESSOA JURIDICA;33903969;SEGUROS EM GERAL;1;ORDINARIO;12;PREGAO;-8;03/04/2018;ABR/2018;2018;070025000012018NE000196;00006287620166078100;16CT0008 - PRESTACAO DE SERVICO DE SEGURO DE IMOVEIS E BENS MOVEIS.           PREGAO ELETRONICO Nº 02/2016. CONTRATO Nº 08/2016. TERMO ADITIVO N¤ 02.;61074175000138;MAPFRE SEGUROS GERAIS S.A.;;;;;;;;24.977,33;;;;;;;;;;;;
14107;TRIBUNAL REGIONAL ELEITORAL DO DIST. FEDERAL;070025;TRIBUNAL REGIONAL ELEITORAL DO D. FEDERAL;02122057020GP0053;20GP;JULGAMENTO DE CAUSAS E GESTAO ADMINISTRATIVA NA JUSTICA ELEI;0001;JULGAMENTO DE CAUSAS E GESTAO ADMINISTRATIVA;084782;AOSA TELEFO;TELEFONIA;0100;RECURSOS ORDINARIOS;1;ORCAMENTO FISCAL;3;DESPESAS CORRENTES;3;OUTRAS DESPESAS CORRENTES;39;OUTROS SERVICOS DE TERCEIROS PJ - OP.INT.ORC.;339039;OUTROS SERVICOS DE TERCEIROS - PESSOA JURIDICA;33903958;SERVICOS DE TELECOMUNICACOES;3;ESTIMATIVO;12;PREGAO;-8;17/01/2017;JAN/2017;2017;070025000012017NE000051;00028891420166078100;NAO SE APLICA;40432544000147;CLARO S.A.;;;;;;;;;;;;;1.500,00;;;;;1.500,00;;
14107;TRIBUNAL REGIONAL ELEITORAL DO DIST. FEDERAL;070025;TRIBUNAL REGIONAL ELEITORAL DO D. FEDERAL;02122057020GP0053;20GP;JULGAMENTO DE CAUSAS E GESTAO ADMINISTRATIVA NA JUSTICA ELEI;0001;JULGAMENTO DE CAUSAS E GESTAO ADMINISTRATIVA;084782;AOSA TELEFO;TELEFONIA;0100;RECURSOS ORDINARIOS;1;ORCAMENTO FISCAL;3;DESPESAS CORRENTES;3;OUTRAS DESPESAS CORRENTES;39;OUTROS SERVICOS DE TERCEIROS PJ - OP.INT.ORC.;339039;OUTROS SERVICOS DE TERCEIROS - PESSOA JURIDICA;33903958;SERVICOS DE TELECOMUNICACOES;3;ESTIMATIVO;12;PREGAO;-8;17/01/2017;JAN/2017;2017;070025000012017NE000051;00028891420166078100;PAGTO FATURA 164999/062017 SERVICO DE TELEFONIA MOVEL, PERIODO DE 12/5/17 A 19/5/17 RETENCAO DE IMP. FED 9,45 (R$ 101,59). PA 2890-96.2016.;40432544000147;CLARO S.A.;;;;;;;;;;;;;;;;1.075,06;1.075,06;(1.075,06);1.075,06;1.075,06
14107;TRIBUNAL REGIONAL ELEITORAL DO DIST. FEDERAL;070025;TRIBUNAL REGIONAL ELEITORAL DO D. FEDERAL;02122057020GP0053;20GP;JULGAMENTO DE CAUSAS E GESTAO ADMINISTRATIVA NA JUSTICA ELEI;0001;JULGAMENTO DE CAUSAS E GESTAO ADMINISTRATIVA;084782;AOSA TELEFO;TELEFONIA;0100;RECURSOS ORDINARIOS;1;ORCAMENTO FISCAL;3;DESPESAS CORRENTES;3;OUTRAS DESPESAS CORRENTES;39;OUTROS SERVICOS DE TERCEIROS PJ - OP.INT.ORC.;339039;OUTROS SERVICOS DE TERCEIROS - PESSOA JURIDICA;33903958;SERVICOS DE TELECOMUNICACOES;3;ESTIMATIVO;12;PREGAO;-8;25/01/2017;JAN/2017;2017;070025000012017NE000062;00028805220166078100;NAO SE APLICA;02558157000162;TELEFONICA BRASIL S.A.;;;;;;;;;;;;;2.593,93;;;;;2.593,93;;
14107;TRIBUNAL REGIONAL ELEITORAL DO DIST. FEDERAL;070025;TRIBUNAL REGIONAL ELEITORAL DO D. FEDERAL;02122057020GP0053;20GP;JULGAMENTO DE CAUSAS E GESTAO ADMINISTRATIVA NA JUSTICA ELEI;0001;JULGAMENTO DE CAUSAS E GESTAO ADMINISTRATIVA;084782;AOSA TELEFO;TELEFONIA;0100;RECURSOS ORDINARIOS;1;ORCAMENTO FISCAL;3;DESPESAS CORRENTES;3;OUTRAS DESPESAS CORRENTES;39;OUTROS SERVICOS DE TERCEIROS PJ - OP.INT.ORC.;339039;OUTROS SERVICOS DE TERCEIROS - PESSOA JURIDICA;33903958;SERVICOS DE TELECOMUNICACOES;3;ESTIMATIVO;12;PREGAO;-8;06/04/2017;ABR/2017;2017;070025000012017NE000231;00091586920166078100;NAO SE APLICA;40432544000147;CLARO S.A.;;;;;;;;;;;;;4.203,64;;;;;4.203,64;;
14107;TRIBUNAL REGIONAL ELEITORAL DO DIST. FEDERAL;070025;TRIBUNAL REGIONAL ELEITORAL DO D. FEDERAL;02122057020GP0053;20GP;JULGAMENTO DE CAUSAS E GESTAO ADMINISTRATIVA NA JUSTICA ELEI;0001;JULGAMENTO DE CAUSAS E GESTAO ADMINISTRATIVA;084782;AOSA TELEFO;TELEFONIA;0100;RECURSOS ORDINARIOS;1;ORCAMENTO FISCAL;3;DESPESAS CORRENTES;3;OUTRAS DESPESAS CORRENTES;39;OUTROS SERVICOS DE TERCEIROS PJ - OP.INT.ORC.;339039;OUTROS SERVICOS DE TERCEIROS - PESSOA JURIDICA;33903958;SERVICOS DE TELECOMUNICACOES;3;ESTIMATIVO;12;PREGAO;-8;19/05/2017;MAI/2017;2017;070025000012017NE000280;00023329020176078100;NAO SE APLICA;40432544000147;CLARO S.A.;;;;;;;;;;;;;7.829,55;;;;;7.829,55;;
14107;TRIBUNAL REGIONAL ELEITORAL DO DIST. FEDERAL;070025;TRIBUNAL REGIONAL ELEITORAL DO D. FEDERAL;02122057020GP0053;20GP;JULGAMENTO DE CAUSAS E GESTAO ADMINISTRATIVA NA JUSTICA ELEI;0001;JULGAMENTO DE CAUSAS E GESTAO ADMINISTRATIVA;084782;AOSA TELEFO;TELEFONIA;0100;RECURSOS ORDINARIOS;1;ORCAMENTO FISCAL;3;DESPESAS CORRENTES;3;OUTRAS DESPESAS CORRENTES;39;OUTROS SERVICOS DE TERCEIROS PJ - OP.INT.ORC.;339039;OUTROS SERVICOS DE TERCEIROS - PESSOA JURIDICA;33903958;SERVICOS DE TELECOMUNICACOES;3;ESTIMATIVO;12;PREGAO;-8;19/05/2017;MAI/2017;2017;070025000012017NE000280;00023329020176078100;PGTO FATURAS 168238/072017, 178904/092017, 170950/102017, 194860/112017 E 206097/122017. PRESTACAO DE SERVICO DE TELEFONIA MOVEL. PERIODO 12/6 A 11/7/2017 E DE 12/8/17 A 11/12/17. RETENCAO IMP. FED. 9,45 (R$ 555,47). PA 2543-29.2017.;40432544000147;CLARO S.A.;;;;;;;;;;;;;;;;5.877,97;5.877,97;(5.877,97);5.877,97;5.877,97
14107;TRIBUNAL REGIONAL ELEITORAL DO DIST. FEDERAL;070025;TRIBUNAL REGIONAL ELEITORAL DO D. FEDERAL;02122057020GP0053;20GP;JULGAMENTO DE CAUSAS E GESTAO ADMINISTRATIVA NA JUSTICA ELEI;0001;JULGAMENTO DE CAUSAS E GESTAO ADMINISTRATIVA;084782;AOSI APOIO;APOIO ADMINSITRATIVO TECNICO E OPERACIONAL;0100;RECURSOS ORDINARIOS;1;ORCAMENTO FISCAL;3;DESPESAS CORRENTES;3;OUTRAS DESPESAS CORRENTES;35;SERVICOS DE CONSULTORIA;339035;SERVICOS DE CONSULTORIA;339035-9;NAO SE APLICA;-9;NAO SE APLICA;-9;NAO SE APLICA;-9;NAO SE APLICA;NAO SE APLICA;-9;-9;-9;17CT0006 - SERVICOS DE MENTORING NA EXECUCAO DE PROJETOS.CONFORME ADESAO A ATADE REGISTRO DE PRECOS DO PREGAO Nº 10/2016 DO ESTADO MAIOR DO EXERCITO.  TERMOADITIVO Nº 1 AO CONTRATO Nº 06/2017.;-9;NAO SE APLICA;;;;;(50.000,00);;;;;;;;;;;;;;;
14107;TRIBUNAL REGIONAL ELEITORAL DO DIST. FEDERAL;070025;TRIBUNAL REGIONAL ELEITORAL DO D. FEDERAL;02122057020GP0053;20GP;JULGAMENTO DE CAUSAS E GESTAO ADMINISTRATIVA NA JUSTICA ELEI;0001;JULGAMENTO DE CAUSAS E GESTAO ADMINISTRATIVA;084782;AOSI APOIO;APOIO ADMINSITRATIVO TECNICO E OPERACIONAL;0100;RECURSOS ORDINARIOS;1;ORCAMENTO FISCAL;3;DESPESAS CORRENTES;3;OUTRAS DESPESAS CORRENTES;35;SERVICOS DE CONSULTORIA;339035;SERVICOS DE CONSULTORIA;339035-9;NAO SE APLICA;-9;NAO SE APLICA;-9;NAO SE APLICA;-9;NAO SE APLICA;NAO SE APLICA;-9;-9;-9;ALTERACAO PARA EMISSAO DE PE - SERVICOS DE MENTORING NA EXECUCAO DE PROJETOS, GESTAO E ADMINISTRACAO DO AMBIENTE. (PA 0007188-34.2016.6.07.8100);-9;NAO SE APLICA;50.000,00;50.000,00;;;50.000,00;;;;;;;;;;;;;;;
14107;TRIBUNAL REGIONAL ELEITORAL DO DIST. FEDERAL;070025;TRIBUNAL REGIONAL ELEITORAL DO D. FEDERAL;02122057020GP0053;20GP;JULGAMENTO DE CAUSAS E GESTAO ADMINISTRATIVA NA JUSTICA ELEI;0001;JULGAMENTO DE CAUSAS E GESTAO ADMINISTRATIVA;084782;AOSI APOIO;APOIO ADMINSITRATIVO TECNICO E OPERACIONAL;0100;RECURSOS ORDINARIOS;1;ORCAMENTO FISCAL;3;DESPESAS CORRENTES;3;OUTRAS DESPESAS CORRENTES;35;SERVICOS DE CONSULTORIA;339035;SERVICOS DE CONSULTORIA;339035-9;NAO SE APLICA;-9;NAO SE APLICA;-9;NAO SE APLICA;-9;NAO SE APLICA;NAO SE APLICA;-9;-9;-9;ANULACAO DE PE PARA EMISSAO DE NE - SERVICOS DE MENTORING NA EXECUCAO DE PROJETOS. (PA 0007188-34.2016.6.07.8100);-9;NAO SE APLICA;;;;;50.000,00;(50.000,00);(50.000,00);;;;;;;;;;;;;
14107;TRIBUNAL REGIONAL ELEITORAL DO DIST. FEDERAL;070025;TRIBUNAL REGIONAL ELEITORAL DO D. FEDERAL;02122057020GP0053;20GP;JULGAMENTO DE CAUSAS E GESTAO ADMINISTRATIVA NA JUSTICA ELEI;0001;JULGAMENTO DE CAUSAS E GESTAO ADMINISTRATIVA;084782;AOSI APOIO;APOIO ADMINSITRATIVO TECNICO E OPERACIONAL;0100;RECURSOS ORDINARIOS;1;ORCAMENTO FISCAL;3;DESPESAS CORRENTES;3;OUTRAS DESPESAS CORRENTES;35;SERVICOS DE CONSULTORIA;339035;SERVICOS DE CONSULTORIA;339035-9;NAO SE APLICA;-9;NAO SE APLICA;-9;NAO SE APLICA;-9;NAO SE APLICA;NAO SE APLICA;-9;-9;-9;SERVICOS DE MENTORING NA EXECUCAO DE PROJETOS, GESTAO E ADMINISTRACAO DO AMBI ENTE. (PA 0007188-34.2016.6.07.8100);-9;NAO SE APLICA;;;;;(50.000,00);50.000,00;50.000,00;;;;;;;;;;;;;
14107;TRIBUNAL REGIONAL ELEITORAL DO DIST. FEDERAL;070025;TRIBUNAL REGIONAL ELEITORAL DO D. FEDERAL;02122057020GP0053;20GP;JULGAMENTO DE CAUSAS E GESTAO ADMINISTRATIVA NA JUSTICA ELEI;0001;JULGAMENTO DE CAUSAS E GESTAO ADMINISTRATIVA;084782;AOSI APOIO;APOIO ADMINSITRATIVO TECNICO E OPERACIONAL;0100;RECURSOS ORDINARIOS;1;ORCAMENTO FISCAL;3;DESPESAS CORRENTES;3;OUTRAS DESPESAS CORRENTES;35;SERVICOS DE CONSULTORIA;339035;SERVICOS DE CONSULTORIA;33903504;CONSULTORIA EM TECNOLOGIA DA INFORMACAO E COMUNICACAO;3;ESTIMATIVO;12;PREGAO;-8;20/03/2018;MAR/2018;2018;070025000012018NE000171;00071883420166078100;17CT0006 - SERVICOS DE MENTORING NA EXECUCAO DE PROJETOS.CONFORME ADESAO A ATADE REGISTRO DE PRECOS DO PREGAO Nº 10/2016 DO ESTADO MAIOR DO EXERCITO.  TERMOADITIVO Nº 1 AO CONTRATO Nº 06/2017.;06984836000154;INTELIGENCIA DE NEGOCIOS, SISTEMAS E INFORMATICA LTDA.;;;;;;;;50.000,00;;;;;;;;;;;;
14107;TRIBUNAL REGIONAL ELEITORAL DO DIST. FEDERAL;070025;TRIBUNAL REGIONAL ELEITORAL DO D. FEDERAL;02122057020GP0053;20GP;JULGAMENTO DE CAUSAS E GESTAO ADMINISTRATIVA NA JUSTICA ELEI;0001;JULGAMENTO DE CAUSAS E GESTAO ADMINISTRATIVA;084782;AOSI APOIO;APOIO ADMINSITRATIVO TECNICO E OPERACIONAL;0100;RECURSOS ORDINARIOS;1;ORCAMENTO FISCAL;3;DESPESAS CORRENTES;3;OUTRAS DESPESAS CORRENTES;35;SERVICOS DE CONSULTORIA;339035;SERVICOS DE CONSULTORIA;33903504;CONSULTORIA EM TECNOLOGIA DA INFORMACAO E COMUNICACAO;5;GLOBAL;12;PREGAO;-8;30/03/2017;MAR/2017;2017;070025000012017NE000221;00071883420166078100;NAO SE APLICA;06984836000154;INTELIGENCIA DE NEGOCIOS, SISTEMAS E INFORMATICA LTDA.;;;;;;;;;;;;;8.199,01;;;;;8.199,01;;
14107;TRIBUNAL REGIONAL ELEITORAL DO DIST. FEDERAL;070025;TRIBUNAL REGIONAL ELEITORAL DO D. FEDERAL;02122057020GP0053;20GP;JULGAMENTO DE CAUSAS E GESTAO ADMINISTRATIVA NA JUSTICA ELEI;0001;JULGAMENTO DE CAUSAS E GESTAO ADMINISTRATIVA;084782;AOSI APOIO;APOIO ADMINSITRATIVO TECNICO E OPERACIONAL;0100;RECURSOS ORDINARIOS;1;ORCAMENTO FISCAL;3;DESPESAS CORRENTES;3;OUTRAS DESPESAS CORRENTES;35;SERVICOS DE CONSULTORIA;339035;SERVICOS DE CONSULTORIA;33903504;CONSULTORIA EM TECNOLOGIA DA INFORMACAO E COMUNICACAO;5;GLOBAL;12;PREGAO;-8;30/03/2017;MAR/2017;2017;070025000012017NE000221;00071883420166078100;PAGTO NFS 10680 E 10705. SERVICOS SUPORTE E CONSULTORIA (MENTORING) DAS LICENCAS DE SOFTWARE. RETENCAO 9,45 IMP FED (R$ 762,14) E 5,00 ISS (R$ 293,75). PA 7188-34.2016;06984836000154;INTELIGENCIA DE NEGOCIOS, SISTEMAS E INFORMATICA LTDA.;;;;;;;;;;;;;;;;5.875,00;5.875,00;(5.875,00);5.875,00;5.875,00
14107;TRIBUNAL REGIONAL ELEITORAL DO DIST. FEDERAL;070025;TRIBUNAL REGIONAL ELEITORAL DO D. FEDERAL;02122057020GP0053;20GP;JULGAMENTO DE CAUSAS E GESTAO ADMINISTRATIVA NA JUSTICA ELEI;0001;JULGAMENTO DE CAUSAS E GESTAO ADMINISTRATIVA;084782;AOSI APOIO;APOIO ADMINSITRATIVO TECNICO E OPERACIONAL;0100;RECURSOS ORDINARIOS;1;ORCAMENTO FISCAL;3;DESPESAS CORRENTES;3;OUTRAS DESPESAS CORRENTES;40;SERVICOS DE TECNOLOGIA DA INFORMACAO E COMUNICACAO - PJ;339040;SERVICOS DE TECNOLOGIA DA INFORMACAO E COMUNICACAO - PJ;339040-9;NAO SE APLICA;-9;NAO SE APLICA;-9;NAO SE APLICA;-9;NAO SE APLICA;NAO SE APLICA;-9;-9;-9;15CT0006 - PRESTACAO DE SERVICOS DE INFORMATICA NA AREA DE SUSTENTACAO DE SIS-TEMAS DE INFORMACAO - PREGAO ELETRONICO TSE Nº 112/2014 - SRP.                TERMO ADITIVO Nº 4, APOSTILAMENTO Nº 2 AO CONTRATO N¤ 6/2015.;-9;NAO SE APLICA;;;;;(576.000,00);;;;;;;;;;;;;;;
14107;TRIBUNAL REGIONAL ELEITORAL DO DIST. FEDERAL;070025;TRIBUNAL REGIONAL ELEITORAL DO D. FEDERAL;02122057020GP0053;20GP;JULGAMENTO DE CAUSAS E GESTAO ADMINISTRATIVA NA JUSTICA ELEI;0001;JULGAMENTO DE CAUSAS E GESTAO ADMINISTRATIVA;084782;AOSI APOIO;APOIO ADMINSITRATIVO TECNICO E OPERACIONAL;0100;RECURSOS ORDINARIOS;1;ORCAMENTO FISCAL;3;DESPESAS CORRENTES;3;OUTRAS DESPESAS CORRENTES;40;SERVICOS DE TECNOLOGIA DA INFORMACAO E COMUNICACAO - PJ;339040;SERVICOS DE TECNOLOGIA DA INFORMACAO E COMUNICACAO - PJ;339040-9;NAO SE APLICA;-9;NAO SE APLICA;-9;NAO SE APLICA;-9;NAO SE APLICA;NAO SE APLICA;-9;-9;-9;ALTERACAO PARA EMISSAO DE NE. SERV. DE INFORMATICA NA AREA DE SUSTENTACAO DE  SISTEMAS DE INFORMACAO. PAE 0003933-68.2016.6.07.8100;-9;NAO SE APLICA;576.000,00;576.000,00;;;576.000,00;;;;;;;;;;;;;;;
14107;TRIBUNAL REGIONAL ELEITORAL DO DIST. FEDERAL;070025;TRIBUNAL REGIONAL ELEITORAL DO D. FEDERAL;02122057020GP0053;20GP;JULGAMENTO DE CAUSAS E GESTAO ADMINISTRATIVA NA JUSTICA ELEI;0001;JULGAMENTO DE CAUSAS E GESTAO ADMINISTRATIVA;084782;AOSI APOIO;APOIO ADMINSITRATIVO TECNICO E OPERACIONAL;0100;RECURSOS ORDINARIOS;1;ORCAMENTO FISCAL;3;DESPESAS CORRENTES;3;OUTRAS DESPESAS CORRENTES;40;SERVICOS DE TECNOLOGIA DA INFORMACAO E COMUNICACAO - PJ;339040;SERVICOS DE TECNOLOGIA DA INFORMACAO E COMUNICACAO - PJ;33904007;MANUTENCAO CORRETIVA/ADAPTATIVA E SUSTENTACAO SOFTWARES;3;ESTIMATIVO;12;PREGAO;-8;02/02/2018;FEV/2018;2018;070025000012018NE000089;00039336820166078100;15CT0006 - PRESTACAO DE SERVICOS DE INFORMATICA NA AREA DE SUSTENTACAO DE SIS-TEMAS DE INFORMACAO - PREGAO ELETRONICO TSE Nº 112/2014 - SRP.                TERMO ADITIVO Nº 4, APOSTILAMENTO Nº 2 AO CONTRATO N¤ 6/2015.;01644731000132;CTIS TECNOLOGIA S.A;;;;;;;;576.000,00;;;;;;;;;;;;
14107;TRIBUNAL REGIONAL ELEITORAL DO DIST. FEDERAL;070025;TRIBUNAL REGIONAL ELEITORAL DO D. FEDERAL;02122057020GP0053;20GP;JULGAMENTO DE CAUSAS E GESTAO ADMINISTRATIVA NA JUSTICA ELEI;0001;JULGAMENTO DE CAUSAS E GESTAO ADMINISTRATIVA;084782;AOSI APOIO;APOIO ADMINSITRATIVO TECNICO E OPERACIONAL;0100;RECURSOS ORDINARIOS;1;ORCAMENTO FISCAL;3;DESPESAS CORRENTES;3;OUTRAS DESPESAS CORRENTES;40;SERVICOS DE TECNOLOGIA DA INFORMACAO E COMUNICACAO - PJ;339040;SERVICOS DE TECNOLOGIA DA INFORMACAO E COMUNICACAO - PJ;33904007;MANUTENCAO CORRETIVA/ADAPTATIVA E SUSTENTACAO SOFTWARES;3;ESTIMATIVO;12;PREGAO;-8;02/02/2018;FEV/2018;2018;070025000012018NE000089;00039336820166078100;PAGTO NF 87634. SERVICOS DE INFORMATICA NA AREA DE SUSTENTACAO DE SISTEMAS DE INFORMACAO, NO PERIODO DE 26/12/17 A 8/1/18. RETENCAO IMP FED 9,45 (R$ 2.023,29),ISS 5,00 (R$ 1.070,52) E 3,50 DE INSS (R$ 749,37). PA 4008-10.2016.6.07.81;01644731000132;CTIS TECNOLOGIA S.A;;;;;;;;0,00;0,00;3.843,18;;;;;;;;;0,00;3.843,18
14107;TRIBUNAL REGIONAL ELEITORAL DO DIST. FEDERAL;070025;TRIBUNAL REGIONAL ELEITORAL DO D. FEDERAL;02122057020GP0053;20GP;JULGAMENTO DE CAUSAS E GESTAO ADMINISTRATIVA NA JUSTICA ELEI;0001;JULGAMENTO DE CAUSAS E GESTAO ADMINISTRATIVA;084782;AOSI APOIO;APOIO ADMINSITRATIVO TECNICO E OPERACIONAL;0100;RECURSOS ORDINARIOS;1;ORCAMENTO FISCAL;3;DESPESAS CORRENTES;3;OUTRAS DESPESAS CORRENTES;40;SERVICOS DE TECNOLOGIA DA INFORMACAO E COMUNICACAO - PJ;339040;SERVICOS DE TECNOLOGIA DA INFORMACAO E COMUNICACAO - PJ;33904007;MANUTENCAO CORRETIVA/ADAPTATIVA E SUSTENTACAO SOFTWARES;3;ESTIMATIVO;12;PREGAO;-8;02/02/2018;FEV/2018;2018;070025000012018NE000089;00039336820166078100;PAGTO NF 87634. SERVICOS DE INFORMATICA NA AREA DE SUSTENTACAO DE SISTEMAS DE INFORMACAO, NO PERIODO DE 26/12/17 A 8/1/18. RETENCAO IMP FED 9,45 (R$ 2.023,29),ISS 5,00 (R$ 1.070,52) E 3,50 DE INSS (R$ 749,37). PA 4008-10.2016.6.07.8100.;01644731000132;CTIS TECNOLOGIA S.A;;;;;;;;0,00;11.764,00;7.920,82;;;;;;;;;11.764,00;7.920,82
14107;TRIBUNAL REGIONAL ELEITORAL DO DIST. FEDERAL;070025;TRIBUNAL REGIONAL ELEITORAL DO D. FEDERAL;02122057020GP0053;20GP;JULGAMENTO DE CAUSAS E GESTAO ADMINISTRATIVA NA JUSTICA ELEI;0001;JULGAMENTO DE CAUSAS E GESTAO ADMINISTRATIVA;084782;AOSI APOIO;APOIO ADMINSITRATIVO TECNICO E OPERACIONAL;0100;RECURSOS ORDINARIOS;1;ORCAMENTO FISCAL;3;DESPESAS CORRENTES;3;OUTRAS DESPESAS CORRENTES;40;SERVICOS DE TECNOLOGIA DA INFORMACAO E COMUNICACAO - PJ;339040;SERVICOS DE TECNOLOGIA DA INFORMACAO E COMUNICACAO - PJ;33904007;MANUTENCAO CORRETIVA/ADAPTATIVA E SUSTENTACAO SOFTWARES;3;ESTIMATIVO;12;PREGAO;-8;02/02/2018;FEV/2018;2018;070025000012018NE000089;00039336820166078100;PAGTO NF 89564. SERVICOS DE INFORMATICA NA AREA DE SUSTENTACAO DE SISTEMAS DE INFORMACAO, NO PERIODO DE 9/1/18 A 8/2/2018. RETENCAO IMP FED 9,45 (R$ 4.491,26),ISS 5,00 (R$ 2.376,33) E 3,50 DE INSS (R$ 1.663,43). PA 4008-10.2016.6.07.8;01644731000132;CTIS TECNOLOGIA S.A;;;;;;;;0,00;0,00;8.531,02;;;;;;;;;0,00;8.531,02
14107;TRIBUNAL REGIONAL ELEITORAL DO DIST. FEDERAL;070025;TRIBUNAL REGIONAL ELEITORAL DO D. FEDERAL;02122057020GP0053;20GP;JULGAMENTO DE CAUSAS E GESTAO ADMINISTRATIVA NA JUSTICA ELEI;0001;JULGAMENTO DE CAUSAS E GESTAO ADMINISTRATIVA;084782;AOSI APOIO;APOIO ADMINSITRATIVO TECNICO E OPERACIONAL;0100;RECURSOS ORDINARIOS;1;ORCAMENTO FISCAL;3;DESPESAS CORRENTES;3;OUTRAS DESPESAS CORRENTES;40;SERVICOS DE TECNOLOGIA DA INFORMACAO E COMUNICACAO - PJ;339040;SERVICOS DE TECNOLOGIA DA INFORMACAO E COMUNICACAO - PJ;33904007;MANUTENCAO CORRETIVA/ADAPTATIVA E SUSTENTACAO SOFTWARES;3;ESTIMATIVO;12;PREGAO;-8;02/02/2018;FEV/2018;2018;070025000012018NE000089;00039336820166078100;PAGTO NF 89564. SERVICOS DE INFORMATICA NA AREA DE SUSTENTACAO DE SISTEMAS DE INFORMACAO, NO PERIODO DE 9/1/18 A 8/2/2018. RETENCAO IMP FED 9,45 (R$ 4.491,26),ISS 5,00 (R$ 2.376,33) E 3,50 DE INSS (R$ 1.663,43). PA 4008-10.2016.6.07.8100.;01644731000132;CTIS TECNOLOGIA S.A;;;;;;;;0,00;47.526,56;38.995,54;;;;;;;;;47.526,56;38.995,54
14107;TRIBUNAL REGIONAL ELEITORAL DO DIST. FEDERAL;070025;TRIBUNAL REGIONAL ELEITORAL DO D. FEDERAL;02122057020GP0053;20GP;JULGAMENTO DE CAUSAS E GESTAO ADMINISTRATIVA NA JUSTICA ELEI;0001;JULGAMENTO DE CAUSAS E GESTAO ADMINISTRATIVA;084782;AOSI APOIO;APOIO ADMINSITRATIVO TECNICO E OPERACIONAL;0100;RECURSOS ORDINARIOS;1;ORCAMENTO FISCAL;3;DESPESAS CORRENTES;3;OUTRAS DESPESAS CORRENTES;40;SERVICOS DE TECNOLOGIA DA INFORMACAO E COMUNICACAO - PJ;339040;SERVICOS DE TECNOLOGIA DA INFORMACAO E COMUNICACAO - PJ;33904007;MANUTENCAO CORRETIVA/ADAPTATIVA E SUSTENTACAO SOFTWARES;3;ESTIMATIVO;12;PREGAO;-8;02/02/2018;FEV/2018;2018;070025000012018NE000089;00039336820166078100;PAGTO NF 91857. SERVICOS DE INFORMATICA NA AREA DE SUSTENTACAO DE SISTEMAS DE INFORMACAO, NO PERIODO DE 9/2/18 A 8/3/2018. RETENCAO IMP FED 9,45 (R$ 4.313,39),ISS 5,00 (R$ 2.282,22) E 3,50 DE INSS (R$ 1.597,55). PA 4008-10.2016.6.07.8;01644731000132;CTIS TECNOLOGIA S.A;;;;;;;;0,00;0,00;8.193,16;;;;;;;;;0,00;8.193,16
14107;TRIBUNAL REGIONAL ELEITORAL DO DIST. FEDERAL;070025;TRIBUNAL REGIONAL ELEITORAL DO D. FEDERAL;02122057020GP0053;20GP;JULGAMENTO DE CAUSAS E GESTAO ADMINISTRATIVA NA JUSTICA ELEI;0001;JULGAMENTO DE CAUSAS E GESTAO ADMINISTRATIVA;084782;AOSI APOIO;APOIO ADMINSITRATIVO TECNICO E OPERACIONAL;0100;RECURSOS ORDINARIOS;1;ORCAMENTO FISCAL;3;DESPESAS CORRENTES;3;OUTRAS DESPESAS CORRENTES;40;SERVICOS DE TECNOLOGIA DA INFORMACAO E COMUNICACAO - PJ;339040;SERVICOS DE TECNOLOGIA DA INFORMACAO E COMUNICACAO - PJ;33904007;MANUTENCAO CORRETIVA/ADAPTATIVA E SUSTENTACAO SOFTWARES;3;ESTIMATIVO;12;PREGAO;-8;02/02/2018;FEV/2018;2018;070025000012018NE000089;00039336820166078100;PAGTO NF 91857. SERVICOS DE INFORMATICA NA AREA DE SUSTENTACAO DE SISTEMAS DE INFORMACAO, NO PERIODO DE 9/2/18 A 8/3/2018. RETENCAO IMP FED 9,45 (R$ 4.313,39),ISS 5,00 (R$ 2.282,22) E 3,50 DE INSS (R$ 1.597,55). PA 4008-10.2016.6.07.8100.;01644731000132;CTIS TECNOLOGIA S.A;;;;;;;;0,00;45.644,32;75.288,42;;;;;;;;;45.644,32;75.288,42
14107;TRIBUNAL REGIONAL ELEITORAL DO DIST. FEDERAL;070025;TRIBUNAL REGIONAL ELEITORAL DO D. FEDERAL;02122057020GP0053;20GP;JULGAMENTO DE CAUSAS E GESTAO ADMINISTRATIVA NA JUSTICA ELEI;0001;JULGAMENTO DE CAUSAS E GESTAO ADMINISTRATIVA;084782;AOSI APOIO;APOIO ADMINSITRATIVO TECNICO E OPERACIONAL;0100;RECURSOS ORDINARIOS;1;ORCAMENTO FISCAL;3;DESPESAS CORRENTES;3;OUTRAS DESPESAS CORRENTES;40;SERVICOS DE TECNOLOGIA DA INFORMACAO E COMUNICACAO - PJ;339040;SERVICOS DE TECNOLOGIA DA INFORMACAO E COMUNICACAO - PJ;33904007;MANUTENCAO CORRETIVA/ADAPTATIVA E SUSTENTACAO SOFTWARES;3;ESTIMATIVO;12;PREGAO;-8;02/02/2018;FEV/2018;2018;070025000012018NE000089;00039336820166078100;PAGTO NF 93.111. SERVICOS DE INFORMATICA NA AREA DE SUSTENTACAO DE SISTEMAS DE INFORMACAO, NO PERIODO DE 9/3/18 A 8/4/2018. RETENCAO IMP FED 9,45 (R$ 4.357,86),ISS 5,00 (R$ 2.305,74) E 3,50 DE INSS (R$ 1.614,02). PA 4008-10.2016.6.07.;01644731000132;CTIS TECNOLOGIA S.A;;;;;;;;0,00;0,00;8.277,62;;;;;;;;;0,00;8.277,62
14107;TRIBUNAL REGIONAL ELEITORAL DO DIST. FEDERAL;070025;TRIBUNAL REGIONAL ELEITORAL DO D. FEDERAL;02122057020GP0053;20GP;JULGAMENTO DE CAUSAS E GESTAO ADMINISTRATIVA NA JUSTICA ELEI;0001;JULGAMENTO DE CAUSAS E GESTAO ADMINISTRATIVA;084782;AOSI APOIO;APOIO ADMINSITRATIVO TECNICO E OPERACIONAL;0100;RECURSOS ORDINARIOS;1;ORCAMENTO FISCAL;3;DESPESAS CORRENTES;3;OUTRAS DESPESAS CORRENTES;40;SERVICOS DE TECNOLOGIA DA INFORMACAO E COMUNICACAO - PJ;339040;SERVICOS DE TECNOLOGIA DA INFORMACAO E COMUNICACAO - PJ;33904007;MANUTENCAO CORRETIVA/ADAPTATIVA E SUSTENTACAO SOFTWARES;3;ESTIMATIVO;12;PREGAO;-8;02/02/2018;FEV/2018;2018;070025000012018NE000089;00039336820166078100;PAGTO NF 93.111. SERVICOS DE INFORMATICA NA AREA DE SUSTENTACAO DE SISTEMAS DE INFORMACAO, NO PERIODO DE 9/3/18 A 8/4/2018. RETENCAO IMP FED 9,45 (R$ 4.357,86),ISS 5,00 (R$ 2.305,74) E 3,50 DE INSS (R$ 1.614,02). PA 4008-10.2016.6.07.8100.;01644731000132;CTIS TECNOLOGIA S.A;;;;;;;;0,00;46.114,88;;;;;;;;;;46.114,88;
14107;TRIBUNAL REGIONAL ELEITORAL DO DIST. FEDERAL;070025;TRIBUNAL REGIONAL ELEITORAL DO D. FEDERAL;02122057020GP0053;20GP;JULGAMENTO DE CAUSAS E GESTAO ADMINISTRATIVA NA JUSTICA ELEI;0001;JULGAMENTO DE CAUSAS E GESTAO ADMINISTRATIVA;084782;AOSI MANSOF;MANUTENCAO DE SOFTWARE;0100;RECURSOS ORDINARIOS;1;ORCAMENTO FISCAL;3;DESPESAS CORRENTES;3;OUTRAS DESPESAS CORRENTES;39;OUTROS SERVICOS DE TERCEIROS PJ - OP.INT.ORC.;339039;OUTROS SERVICOS DE TERCEIROS - PESSOA JURIDICA;33903908;MANUTENCAO DE SOFTWARE;5;GLOBAL;12;PREGAO;-8;30/03/2017;MAR/2017;2017;070025000012017NE000220;00071883420166078100;CODIGO ERRADO;06984836000154;INTELIGENCIA DE NEGOCIOS, SISTEMAS E INFORMATICA LTDA.;;;;;;;;;;;;;;;;0,00;(620,86);620,86;0,00;(620,86)
14107;TRIBUNAL REGIONAL ELEITORAL DO DIST. FEDERAL;070025;TRIBUNAL REGIONAL ELEITORAL DO D. FEDERAL;02122057020GP0053;20GP;JULGAMENTO DE CAUSAS E GESTAO ADMINISTRATIVA NA JUSTICA ELEI;0001;JULGAMENTO DE CAUSAS E GESTAO ADMINISTRATIVA;084782;AOSI MANSOF;MANUTENCAO DE SOFTWARE;0100;RECURSOS ORDINARIOS;1;ORCAMENTO FISCAL;3;DESPESAS CORRENTES;3;OUTRAS DESPESAS CORRENTES;39;OUTROS SERVICOS DE TERCEIROS PJ - OP.INT.ORC.;339039;OUTROS SERVICOS DE TERCEIROS - PESSOA JURIDICA;33903908;MANUTENCAO DE SOFTWARE;5;GLOBAL;12;PREGAO;-8;30/03/2017;MAR/2017;2017;070025000012017NE000220;00071883420166078100;NAO SE APLICA;06984836000154;INTELIGENCIA DE NEGOCIOS, SISTEMAS E INFORMATICA LTDA.;;;;;;;;;;;;;8.760,00;;;;;8.760,00;;
14107;TRIBUNAL REGIONAL ELEITORAL DO DIST. FEDERAL;070025;TRIBUNAL REGIONAL ELEITORAL DO D. FEDERAL;02122057020GP0053;20GP;JULGAMENTO DE CAUSAS E GESTAO ADMINISTRATIVA NA JUSTICA ELEI;0001;JULGAMENTO DE CAUSAS E GESTAO ADMINISTRATIVA;084782;AOSI MANSOF;MANUTENCAO DE SOFTWARE;0100;RECURSOS ORDINARIOS;1;ORCAMENTO FISCAL;3;DESPESAS CORRENTES;3;OUTRAS DESPESAS CORRENTES;39;OUTROS SERVICOS DE TERCEIROS PJ - OP.INT.ORC.;339039;OUTROS SERVICOS DE TERCEIROS - PESSOA JURIDICA;33903908;MANUTENCAO DE SOFTWARE;5;GLOBAL;12;PREGAO;-8;30/03/2017;MAR/2017;2017;070025000012017NE000220;00071883420166078100;PAGTO NFS 10.758, 70.867 E 10.987. SERVICOS SUPORTE TECNICO. RETENCAO 9,45 IMP FED (R$ 620,86) . PA 7188-34.2016;06984836000154;INTELIGENCIA DE NEGOCIOS, SISTEMAS E INFORMATICA LTDA.;;;;;;;;;;;;;;;;6.570,00;7.190,86;(7.190,86);6.570,00;7.190,86
14107;TRIBUNAL REGIONAL ELEITORAL DO DIST. FEDERAL;070025;TRIBUNAL REGIONAL ELEITORAL DO D. FEDERAL;02122057020GP0053;20GP;JULGAMENTO DE CAUSAS E GESTAO ADMINISTRATIVA NA JUSTICA ELEI;0001;JULGAMENTO DE CAUSAS E GESTAO ADMINISTRATIVA;084782;AOSI MANSOF;MANUTENCAO DE SOFTWARE;0100;RECURSOS ORDINARIOS;1;ORCAMENTO FISCAL;3;DESPESAS CORRENTES;3;OUTRAS DESPESAS CORRENTES;39;OUTROS SERVICOS DE TERCEIROS PJ - OP.INT.ORC.;339039;OUTROS SERVICOS DE TERCEIROS - PESSOA JURIDICA;33903908;MANUTENCAO DE SOFTWARE;5;GLOBAL;12;PREGAO;-8;30/03/2017;MAR/2017;2017;070025000012017NE000220;00071883420166078100;PAGTO NFS 10680 E 10705. SERVICOS SUPORTE E CONSULTORIA (MENTORING) DAS LICENCAS DE SOFTWARE. RETENCAO 9,45 IMP FED (R$ 762,14) E 5,00 ISS (R$ 293,75). PA 7188-34.2016;06984836000154;INTELIGENCIA DE NEGOCIOS, SISTEMAS E INFORMATICA LTDA.;;;;;;;;;;;;;;;;2.190,00;2.190,00;(2.190,00);2.190,00;2.190,00
14107;TRIBUNAL REGIONAL ELEITORAL DO DIST. FEDERAL;070025;TRIBUNAL REGIONAL ELEITORAL DO D. FEDERAL;02122057020GP0053;20GP;JULGAMENTO DE CAUSAS E GESTAO ADMINISTRATIVA NA JUSTICA ELEI;0001;JULGAMENTO DE CAUSAS E GESTAO ADMINISTRATIVA;084782;AOSI MANSOF;MANUTENCAO DE SOFTWARE;0100;RECURSOS ORDINARIOS;1;ORCAMENTO FISCAL;3;DESPESAS CORRENTES;3;OUTRAS DESPESAS CORRENTES;40;SERVICOS DE TECNOLOGIA DA INFORMACAO E COMUNICACAO - PJ;339040;SERVICOS DE TECNOLOGIA DA INFORMACAO E COMUNICACAO - PJ;339040-9;NAO SE APLICA;-9;NAO SE APLICA;-9;NAO SE APLICA;-9;NAO SE APLICA;NAO SE APLICA;-9;-9;-9;15CT0022 - PRESTACAO DE SERVICOS DE MANUTENCAO E ATUALIZACAO DO SISTEMA  ALEPH500. TERMO ADITIVO Nº 02 AO CONTRATO Nº 22/2015.;-9;NAO SE APLICA;;;;;(3.309,36);;;;;;;;;;;;;;;
14107;TRIBUNAL REGIONAL ELEITORAL DO DIST. FEDERAL;070025;TRIBUNAL REGIONAL ELEITORAL DO D. FEDERAL;02122057020GP0053;20GP;JULGAMENTO DE CAUSAS E GESTAO ADMINISTRATIVA NA JUSTICA ELEI;0001;JULGAMENTO DE CAUSAS E GESTAO ADMINISTRATIVA;084782;AOSI MANSOF;MANUTENCAO DE SOFTWARE;0100;RECURSOS ORDINARIOS;1;ORCAMENTO FISCAL;3;DESPESAS CORRENTES;3;OUTRAS DESPESAS CORRENTES;40;SERVICOS DE TECNOLOGIA DA INFORMACAO E COMUNICACAO - PJ;339040;SERVICOS DE TECNOLOGIA DA INFORMACAO E COMUNICACAO - PJ;339040-9;NAO SE APLICA;-9;NAO SE APLICA;-9;NAO SE APLICA;-9;NAO SE APLICA;NAO SE APLICA;-9;-9;-9;17CT0006 - SERVICO DE SUPORTE TECNICO E ATUALIZACAO DE SOFTWARE.  CONFORME ADESAO A ATA DE REGISTRO DE PRECOS DO PREGAO Nº 10/2016 DO ESTADO MAIOR DO EXERCITO. TERMO ADITIVO Nº 1 AO CONTRATO Nº 06/2017.;-9;NAO SE APLICA;;;;;(26.280,00);;;;;;;;;;;;;;;
14107;TRIBUNAL REGIONAL ELEITORAL DO DIST. FEDERAL;070025;TRIBUNAL REGIONAL ELEITORAL DO D. FEDERAL;02122057020GP0053;20GP;JULGAMENTO DE CAUSAS E GESTAO ADMINISTRATIVA NA JUSTICA ELEI;0001;JULGAMENTO DE CAUSAS E GESTAO ADMINISTRATIVA;084782;AOSI MANSOF;MANUTENCAO DE SOFTWARE;0100;RECURSOS ORDINARIOS;1;ORCAMENTO FISCAL;3;DESPESAS CORRENTES;3;OUTRAS DESPESAS CORRENTES;40;SERVICOS DE TECNOLOGIA DA INFORMACAO E COMUNICACAO - PJ;339040;SERVICOS DE TECNOLOGIA DA INFORMACAO E COMUNICACAO - PJ;339040-9;NAO SE APLICA;-9;NAO SE APLICA;-9;NAO SE APLICA;-9;NAO SE APLICA;NAO SE APLICA;-9;-9;-9;ALTERACAO PARA EMISSAO DE NE - SERVICOS DE MANUTENCAO E ATUALIZACAO DO SISTEMAALEPH 500 (PA 0001951-19.2016.6.07.8100);-9;NAO SE APLICA;3.309,36;3.309,36;;;3.309,36;;;;;;;;;;;;;;;
14107;TRIBUNAL REGIONAL ELEITORAL DO DIST. FEDERAL;070025;TRIBUNAL REGIONAL ELEITORAL DO D. FEDERAL;02122057020GP0053;20GP;JULGAMENTO DE CAUSAS E GESTAO ADMINISTRATIVA NA JUSTICA ELEI;0001;JULGAMENTO DE CAUSAS E GESTAO ADMINISTRATIVA;084782;AOSI MANSOF;MANUTENCAO DE SOFTWARE;0100;RECURSOS ORDINARIOS;1;ORCAMENTO FISCAL;3;DESPESAS CORRENTES;3;OUTRAS DESPESAS CORRENTES;40;SERVICOS DE TECNOLOGIA DA INFORMACAO E COMUNICACAO - PJ;339040;SERVICOS DE TECNOLOGIA DA INFORMACAO E COMUNICACAO - PJ;339040-9;NAO SE APLICA;-9;NAO SE APLICA;-9;NAO SE APLICA;-9;NAO SE APLICA;NAO SE APLICA;-9;-9;-9;ALTERACAO PARA EMISSAO DE PE - SERVICO DE SUPORTE TECNICO E ATUALIZACAO DE SOFTWARE. (PA 0007188-34.2016.6.07.8100);-9;NAO SE APLICA;26.280,00;26.280,00;;;26.280,00;;;;;;;;;;;;;;;
14107;TRIBUNAL REGIONAL ELEITORAL DO DIST. FEDERAL;070025;TRIBUNAL REGIONAL ELEITORAL DO D. FEDERAL;02122057020GP0053;20GP;JULGAMENTO DE CAUSAS E GESTAO ADMINISTRATIVA NA JUSTICA ELEI;0001;JULGAMENTO DE CAUSAS E GESTAO ADMINISTRATIVA;084782;AOSI MANSOF;MANUTENCAO DE SOFTWARE;0100;RECURSOS ORDINARIOS;1;ORCAMENTO FISCAL;3;DESPESAS CORRENTES;3;OUTRAS DESPESAS CORRENTES;40;SERVICOS DE TECNOLOGIA DA INFORMACAO E COMUNICACAO - PJ;339040;SERVICOS DE TECNOLOGIA DA INFORMACAO E COMUNICACAO - PJ;339040-9;NAO SE APLICA;-9;NAO SE APLICA;-9;NAO SE APLICA;-9;NAO SE APLICA;NAO SE APLICA;-9;-9;-9;ANULACAO DE PE PARA EMISSAO DE NE - SERVICO DE SUPORTE TECNICO E ATUALIZACAO  DE SOFTWARE. (PA 0007188-34.2016.6.07.8100);-9;NAO SE APLICA;;;;;26.280,00;(26.280,00);(26.280,00);;;;;;;;;;;;;
14107;TRIBUNAL REGIONAL ELEITORAL DO DIST. FEDERAL;070025;TRIBUNAL REGIONAL ELEITORAL DO D. FEDERAL;02122057020GP0053;20GP;JULGAMENTO DE CAUSAS E GESTAO ADMINISTRATIVA NA JUSTICA ELEI;0001;JULGAMENTO DE CAUSAS E GESTAO ADMINISTRATIVA;084782;AOSI MANSOF;MANUTENCAO DE SOFTWARE;0100;RECURSOS ORDINARIOS;1;ORCAMENTO FISCAL;3;DESPESAS CORRENTES;3;OUTRAS DESPESAS CORRENTES;40;SERVICOS DE TECNOLOGIA DA INFORMACAO E COMUNICACAO - PJ;339040;SERVICOS DE TECNOLOGIA DA INFORMACAO E COMUNICACAO - PJ;339040-9;NAO SE APLICA;-9;NAO SE APLICA;-9;NAO SE APLICA;-9;NAO SE APLICA;NAO SE APLICA;-9;-9;-9;SERVICO DE SUPORTE TECNICO E ATUALIZACAO DE SOFTWARE.                         (PA 0007188-34.2016.6.07.8100);-9;NAO SE APLICA;;;;;(26.280,00);26.280,00;26.280,00;;;;;;;;;;;;;
14107;TRIBUNAL REGIONAL ELEITORAL DO DIST. FEDERAL;070025;TRIBUNAL REGIONAL ELEITORAL DO D. FEDERAL;02122057020GP0053;20GP;JULGAMENTO DE CAUSAS E GESTAO ADMINISTRATIVA NA JUSTICA ELEI;0001;JULGAMENTO DE CAUSAS E GESTAO ADMINISTRATIVA;084782;AOSI MANSOF;MANUTENCAO DE SOFTWARE;0100;RECURSOS ORDINARIOS;1;ORCAMENTO FISCAL;3;DESPESAS CORRENTES;3;OUTRAS DESPESAS CORRENTES;40;SERVICOS DE TECNOLOGIA DA INFORMACAO E COMUNICACAO - PJ;339040;SERVICOS DE TECNOLOGIA DA INFORMACAO E COMUNICACAO - PJ;33904007;MANUTENCAO CORRETIVA/ADAPTATIVA E SUSTENTACAO SOFTWARES;5;GLOBAL;07;INEXIGIBILIDADE;CP;06/02/2018;FEV/2018;2018;070025000012018NE000094;00019511920166078100;15CT0022 - PRESTACAO DE SERVICOS DE MANUTENCAO E ATUALIZACAO DO SISTEMA  ALEPH500. TERMO ADITIVO Nº 02 AO CONTRATO Nº 22/2015.;07475870000166;EXLBR TECNOLOGIA SOLUCOES E SERVICOS EIRELI - EPP;;;;;;;;3.309,36;;;;;;;;;;;;
14107;TRIBUNAL REGIONAL ELEITORAL DO DIST. FEDERAL;070025;TRIBUNAL REGIONAL ELEITORAL DO D. FEDERAL;02122057020GP0053;20GP;JULGAMENTO DE CAUSAS E GESTAO ADMINISTRATIVA NA JUSTICA ELEI;0001;JULGAMENTO DE CAUSAS E GESTAO ADMINISTRATIVA;084782;AOSI MANSOF;MANUTENCAO DE SOFTWARE;0100;RECURSOS ORDINARIOS;1;ORCAMENTO FISCAL;3;DESPESAS CORRENTES;3;OUTRAS DESPESAS CORRENTES;40;SERVICOS DE TECNOLOGIA DA INFORMACAO E COMUNICACAO - PJ;339040;SERVICOS DE TECNOLOGIA DA INFORMACAO E COMUNICACAO - PJ;33904007;MANUTENCAO CORRETIVA/ADAPTATIVA E SUSTENTACAO SOFTWARES;5;GLOBAL;07;INEXIGIBILIDADE;CP;06/02/2018;FEV/2018;2018;070025000012018NE000094;00019511920166078100;PAGTO NF 4208. MANUTENCAO E ATUALIZACAO SISTEMA ALEPH 500, JANEIRO/2018. RETENCAO 9,45 (R$ 26,06). PA 8395-68.2016;07475870000166;EXLBR TECNOLOGIA SOLUCOES E SERVICOS EIRELI - EPP;;;;;;;;0,00;275,78;275,78;;;;;;;;;275,78;275,78
14107;TRIBUNAL REGIONAL ELEITORAL DO DIST. FEDERAL;070025;TRIBUNAL REGIONAL ELEITORAL DO D. FEDERAL;02122057020GP0053;20GP;JULGAMENTO DE CAUSAS E GESTAO ADMINISTRATIVA NA JUSTICA ELEI;0001;JULGAMENTO DE CAUSAS E GESTAO ADMINISTRATIVA;084782;AOSI MANSOF;MANUTENCAO DE SOFTWARE;0100;RECURSOS ORDINARIOS;1;ORCAMENTO FISCAL;3;DESPESAS CORRENTES;3;OUTRAS DESPESAS CORRENTES;40;SERVICOS DE TECNOLOGIA DA INFORMACAO E COMUNICACAO - PJ;339040;SERVICOS DE TECNOLOGIA DA INFORMACAO E COMUNICACAO - PJ;33904007;MANUTENCAO CORRETIVA/ADAPTATIVA E SUSTENTACAO SOFTWARES;5;GLOBAL;07;INEXIGIBILIDADE;CP;06/02/2018;FEV/2018;2018;070025000012018NE000094;00019511920166078100;PAGTO NF 4246. MANUTENCAO E ATUALIZACAO SISTEMA ALEPH 500, FEVEREIRO/2018. RETENCAO 9,45 (R$ 26,06). PA 8395-68.2016;07475870000166;EXLBR TECNOLOGIA SOLUCOES E SERVICOS EIRELI - EPP;;;;;;;;0,00;275,78;275,78;;;;;;;;;275,78;275,78
14107;TRIBUNAL REGIONAL ELEITORAL DO DIST. FEDERAL;070025;TRIBUNAL REGIONAL ELEITORAL DO D. FEDERAL;02122057020GP0053;20GP;JULGAMENTO DE CAUSAS E GESTAO ADMINISTRATIVA NA JUSTICA ELEI;0001;JULGAMENTO DE CAUSAS E GESTAO ADMINISTRATIVA;084782;AOSI MANSOF;MANUTENCAO DE SOFTWARE;0100;RECURSOS ORDINARIOS;1;ORCAMENTO FISCAL;3;DESPESAS CORRENTES;3;OUTRAS DESPESAS CORRENTES;40;SERVICOS DE TECNOLOGIA DA INFORMACAO E COMUNICACAO - PJ;339040;SERVICOS DE TECNOLOGIA DA INFORMACAO E COMUNICACAO - PJ;33904007;MANUTENCAO CORRETIVA/ADAPTATIVA E SUSTENTACAO SOFTWARES;5;GLOBAL;07;INEXIGIBILIDADE;CP;06/02/2018;FEV/2018;2018;070025000012018NE000094;00019511920166078100;PAGTO NF 4278. MANUTENCAO E ATUALIZACAO SISTEMA ALEPH 500, MARCO/2018. RETENCAO 9,45 (R$ 26,06). PA 8395-68.2016;07475870000166;EXLBR TECNOLOGIA SOLUCOES E SERVICOS EIRELI - EPP;;;;;;;;0,00;275,78;275,78;;;;;;;;;275,78;275,78
14107;TRIBUNAL REGIONAL ELEITORAL DO DIST. FEDERAL;070025;TRIBUNAL REGIONAL ELEITORAL DO D. FEDERAL;02122057020GP0053;20GP;JULGAMENTO DE CAUSAS E GESTAO ADMINISTRATIVA NA JUSTICA ELEI;0001;JULGAMENTO DE CAUSAS E GESTAO ADMINISTRATIVA;084782;AOSI MANSOF;MANUTENCAO DE SOFTWARE;0100;RECURSOS ORDINARIOS;1;ORCAMENTO FISCAL;3;DESPESAS CORRENTES;3;OUTRAS DESPESAS CORRENTES;40;SERVICOS DE TECNOLOGIA DA INFORMACAO E COMUNICACAO - PJ;339040;SERVICOS DE TECNOLOGIA DA INFORMACAO E COMUNICACAO - PJ;33904007;MANUTENCAO CORRETIVA/ADAPTATIVA E SUSTENTACAO SOFTWARES;5;GLOBAL;07;INEXIGIBILIDADE;CP;06/02/2018;FEV/2018;2018;070025000012018NE000094;00019511920166078100;PAGTO NF 4314. MANUTENCAO E ATUALIZACAO SISTEMA ALEPH 500, MARCOABRIL/2018. RETENCAO 9,45 (R$ 26,06). PA 8395-68.2016;07475870000166;EXLBR TECNOLOGIA SOLUCOES E SERVICOS EIRELI - EPP;;;;;;;;0,00;275,78;275,78;;;;;;;;;275,78;275,78
14107;TRIBUNAL REGIONAL ELEITORAL DO DIST. FEDERAL;070025;TRIBUNAL REGIONAL ELEITORAL DO D. FEDERAL;02122057020GP0053;20GP;JULGAMENTO DE CAUSAS E GESTAO ADMINISTRATIVA NA JUSTICA ELEI;0001;JULGAMENTO DE CAUSAS E GESTAO ADMINISTRATIVA;084782;AOSI MANSOF;MANUTENCAO DE SOFTWARE;0100;RECURSOS ORDINARIOS;1;ORCAMENTO FISCAL;3;DESPESAS CORRENTES;3;OUTRAS DESPESAS CORRENTES;40;SERVICOS DE TECNOLOGIA DA INFORMACAO E COMUNICACAO - PJ;339040;SERVICOS DE TECNOLOGIA DA INFORMACAO E COMUNICACAO - PJ;33904007;MANUTENCAO CORRETIVA/ADAPTATIVA E SUSTENTACAO SOFTWARES;5;GLOBAL;12;PREGAO;-8;20/03/2018;MAR/2018;2018;070025000012018NE000170;00071883420166078100;17CT0006 - SERVICO DE SUPORTE TECNICO E ATUALIZACAO DE SOFTWARE.  CONFORME ADESAO A ATA DE REGISTRO DE PRECOS DO PREGAO Nº 10/2016 DO ESTADO MAIOR DO EXERCITO. TERMO ADITIVO Nº 1 AO CONTRATO Nº 06/2017.;06984836000154;INTELIGENCIA DE NEGOCIOS, SISTEMAS E INFORMATICA LTDA.;;;;;;;;26.280,00;;;;;;;;;;;;
14107;TRIBUNAL REGIONAL ELEITORAL DO DIST. FEDERAL;070025;TRIBUNAL REGIONAL ELEITORAL DO D. FEDERAL;02122057020GP0053;20GP;JULGAMENTO DE CAUSAS E GESTAO ADMINISTRATIVA NA JUSTICA ELEI;0001;JULGAMENTO DE CAUSAS E GESTAO ADMINISTRATIVA;084782;AOSI MATDAD;MATERIAL DE PROCESSAMENTO DE DADOS;0127;CUSTAS E EMOLUMENTOS - PODER JUDICIARIO;1;ORCAMENTO FISCAL;3;DESPESAS CORRENTES;3;OUTRAS DESPESAS CORRENTES;30;MATERIAL DE CONSUMO;339030;MATERIAL DE CONSUMO;339030-9;NAO SE APLICA;-9;NAO SE APLICA;-9;NAO SE APLICA;-9;NAO SE APLICA;NAO SE APLICA;-9;-9;-9;2018NECT - AQUISICAO DE MATERIAIS DE CONSUMO (CARTUCHO DE TONER), CONF. ARP Nº7/2017 - PREGAO PRESENCIAL Nº 9/2017. O TERMO DE REFERENCIA DA  CONTRATACAO INTEGRA A NE, INDEPENDENTE DE TRANSCRICAO.;-9;NAO SE APLICA;;;;;(1.256,04);;;;;;;;;;;;;;;
14107;TRIBUNAL REGIONAL ELEITORAL DO DIST. FEDERAL;070025;TRIBUNAL REGIONAL ELEITORAL DO D. FEDERAL;02122057020GP0053;20GP;JULGAMENTO DE CAUSAS E GESTAO ADMINISTRATIVA NA JUSTICA ELEI;0001;JULGAMENTO DE CAUSAS E GESTAO ADMINISTRATIVA;084782;AOSI MATDAD;MATERIAL DE PROCESSAMENTO DE DADOS;0127;CUSTAS E EMOLUMENTOS - PODER JUDICIARIO;1;ORCAMENTO FISCAL;3;DESPESAS CORRENTES;3;OUTRAS DESPESAS CORRENTES;30;MATERIAL DE CONSUMO;339030;MATERIAL DE CONSUMO;339030-9;NAO SE APLICA;-9;NAO SE APLICA;-9;NAO SE APLICA;-9;NAO SE APLICA;NAO SE APLICA;-9;-9;-9;2018NECT - AQUISICAO DE MATERIAIS DE CONSUMO (CARTUCHO DE TONER), CONF. ARP Nº7/2017 - PREGAO PRESENCIAL Nº9/2017. O TERMO DE REFERENCIA DA CONTRATACAO INTEGRA A NE, INDEPENDENTE DE TRANSCRICAO.;-9;NAO SE APLICA;;;;;(8.900,00);;;;;;;;;;;;;;;
14107;TRIBUNAL REGIONAL ELEITORAL DO DIST. FEDERAL;070025;TRIBUNAL REGIONAL ELEITORAL DO D. FEDERAL;02122057020GP0053;20GP;JULGAMENTO DE CAUSAS E GESTAO ADMINISTRATIVA NA JUSTICA ELEI;0001;JULGAMENTO DE CAUSAS E GESTAO ADMINISTRATIVA;084782;AOSI MATDAD;MATERIAL DE PROCESSAMENTO DE DADOS;0127;CUSTAS E EMOLUMENTOS - PODER JUDICIARIO;1;ORCAMENTO FISCAL;3;DESPESAS CORRENTES;3;OUTRAS DESPESAS CORRENTES;30;MATERIAL DE CONSUMO;339030;MATERIAL DE CONSUMO;339030-9;NAO SE APLICA;-9;NAO SE APLICA;-9;NAO SE APLICA;-9;NAO SE APLICA;NAO SE APLICA;-9;-9;-9;2018NECT - AQUISICAO DE MATERIAIS DE CONSUMO (CARTUCHOS, CILINDRO P/ BROTHER EKIT FUSOR), CONF. ARP Nº 7/2017 - PREGAO PRESENCIAL Nº 9/2017. O TERMO DE REFERENCIA DA CONTRATACAO INTEGRA A NE, INDEPENDENTE DE TRANSCRICAO.;-9;NAO SE APLICA;;;;;(22.979,00);;;;;;;;;;;;;;;
14107;TRIBUNAL REGIONAL ELEITORAL DO DIST. FEDERAL;070025;TRIBUNAL REGIONAL ELEITORAL DO D. FEDERAL;02122057020GP0053;20GP;JULGAMENTO DE CAUSAS E GESTAO ADMINISTRATIVA NA JUSTICA ELEI;0001;JULGAMENTO DE CAUSAS E GESTAO ADMINISTRATIVA;084782;AOSI MATDAD;MATERIAL DE PROCESSAMENTO DE DADOS;0127;CUSTAS E EMOLUMENTOS - PODER JUDICIARIO;1;ORCAMENTO FISCAL;3;DESPESAS CORRENTES;3;OUTRAS DESPESAS CORRENTES;30;MATERIAL DE CONSUMO;339030;MATERIAL DE CONSUMO;339030-9;NAO SE APLICA;-9;NAO SE APLICA;-9;NAO SE APLICA;-9;NAO SE APLICA;NAO SE APLICA;-9;-9;-9;2018NECT - AQUISICAO DE MATERIAIS DE CONSUMO (CARTUCHOS), CONF. ARP Nº7/2017 -PREGAO PRESENCIAL Nº9/2017. O TERMO DE REFERENCIA DA CONTRATACAO INTEGRA A NE,INDEPENDENTE DE TRANSCRICAO.;-9;NAO SE APLICA;;;;;(2.091,40);;;;;;;;;;;;;;;
14107;TRIBUNAL REGIONAL ELEITORAL DO DIST. FEDERAL;070025;TRIBUNAL REGIONAL ELEITORAL DO D. FEDERAL;02122057020GP0053;20GP;JULGAMENTO DE CAUSAS E GESTAO ADMINISTRATIVA NA JUSTICA ELEI;0001;JULGAMENTO DE CAUSAS E GESTAO ADMINISTRATIVA;084782;AOSI MATDAD;MATERIAL DE PROCESSAMENTO DE DADOS;0127;CUSTAS E EMOLUMENTOS - PODER JUDICIARIO;1;ORCAMENTO FISCAL;3;DESPESAS CORRENTES;3;OUTRAS DESPESAS CORRENTES;30;MATERIAL DE CONSUMO;339030;MATERIAL DE CONSUMO;339030-9;NAO SE APLICA;-9;NAO SE APLICA;-9;NAO SE APLICA;-9;NAO SE APLICA;NAO SE APLICA;-9;-9;-9;2018NECT - AQUISICAO DE MATERIAIS DE CONSUMO(CARTUCHO E UNIDADE FOTOCONDUTOR),CONF.ARP Nº 7/2017 - PREGAO PRESENCIAL Nº 9/2017. O TERMO DE REFERENCIA DA CONTRATACAO INTEGRA A NE, INDEPENDENTE DE TRANSCRICAO.;-9;NAO SE APLICA;;;;;(3.252,00);;;;;;;;;;;;;;;
14107;TRIBUNAL REGIONAL ELEITORAL DO DIST. FEDERAL;070025;TRIBUNAL REGIONAL ELEITORAL DO D. FEDERAL;02122057020GP0053;20GP;JULGAMENTO DE CAUSAS E GESTAO ADMINISTRATIVA NA JUSTICA ELEI;0001;JULGAMENTO DE CAUSAS E GESTAO ADMINISTRATIVA;084782;AOSI MATDAD;MATERIAL DE PROCESSAMENTO DE DADOS;0127;CUSTAS E EMOLUMENTOS - PODER JUDICIARIO;1;ORCAMENTO FISCAL;3;DESPESAS CORRENTES;3;OUTRAS DESPESAS CORRENTES;30;MATERIAL DE CONSUMO;339030;MATERIAL DE CONSUMO;339030-9;NAO SE APLICA;-9;NAO SE APLICA;-9;NAO SE APLICA;-9;NAO SE APLICA;NAO SE APLICA;-9;-9;-9;2018NECT - AQUISICAO DE MATERIAL DE PROCESSAMENTO DE DADOS (CARTUCHO DE TONER)DE ACORDO COM A ARP Nº07/17 - PREGAO PRESENCIAL Nº09/17. O TERMO DE REFERENCIADA  CONTRATACAO INTEGRA A NE, INDEPENDENTE DE TRANSCRICAO.;-9;NAO SE APLICA;;;;;(8.900,00);;;;;;;;;;;;;;;
14107;TRIBUNAL REGIONAL ELEITORAL DO DIST. FEDERAL;070025;TRIBUNAL REGIONAL ELEITORAL DO D. FEDERAL;02122057020GP0053;20GP;JULGAMENTO DE CAUSAS E GESTAO ADMINISTRATIVA NA JUSTICA ELEI;0001;JULGAMENTO DE CAUSAS E GESTAO ADMINISTRATIVA;084782;AOSI MATDAD;MATERIAL DE PROCESSAMENTO DE DADOS;0127;CUSTAS E EMOLUMENTOS - PODER JUDICIARIO;1;ORCAMENTO FISCAL;3;DESPESAS CORRENTES;3;OUTRAS DESPESAS CORRENTES;30;MATERIAL DE CONSUMO;339030;MATERIAL DE CONSUMO;339030-9;NAO SE APLICA;-9;NAO SE APLICA;-9;NAO SE APLICA;-9;NAO SE APLICA;NAO SE APLICA;-9;-9;-9;2018NECT - AQUISICAO DE MATERIAL DE PROCESSAMENTO DE DADOS (CARTUCHO DE TONER)DE ACORDO COM A ARP Nº07/17 - PREGAO PRESENCIAL Nº09/17. O TERMO DE REFERENCIADA  CONTRATACAO INTEGRA A NE, INDEPENDENTE DE TRANSCRICAO. ANULACAO.;-9;NAO SE APLICA;;;;;8.900,00;;;;;;;;;;;;;;;
14107;TRIBUNAL REGIONAL ELEITORAL DO DIST. FEDERAL;070025;TRIBUNAL REGIONAL ELEITORAL DO D. FEDERAL;02122057020GP0053;20GP;JULGAMENTO DE CAUSAS E GESTAO ADMINISTRATIVA NA JUSTICA ELEI;0001;JULGAMENTO DE CAUSAS E GESTAO ADMINISTRATIVA;084782;AOSI MATDAD;MATERIAL DE PROCESSAMENTO DE DADOS;0127;CUSTAS E EMOLUMENTOS - PODER JUDICIARIO;1;ORCAMENTO FISCAL;3;DESPESAS CORRENTES;3;OUTRAS DESPESAS CORRENTES;30;MATERIAL DE CONSUMO;339030;MATERIAL DE CONSUMO;339030-9;NAO SE APLICA;-9;NAO SE APLICA;-9;NAO SE APLICA;-9;NAO SE APLICA;NAO SE APLICA;-9;-9;-9;ALTERACAO P/ EMISSAO DE NE - AQUISICAO DE MATERIAIS DE CONSUMO (CARTUCHOS, CI CILINDRO P/ BROTHER E KIT FUSOR). (PA 0003882-23.2017.6.07.8100);-9;NAO SE APLICA;22.979,00;22.979,00;;;22.979,00;;;;;;;;;;;;;;;
14107;TRIBUNAL REGIONAL ELEITORAL DO DIST. FEDERAL;070025;TRIBUNAL REGIONAL ELEITORAL DO D. FEDERAL;02122057020GP0053;20GP;JULGAMENTO DE CAUSAS E GESTAO ADMINISTRATIVA NA JUSTICA ELEI;0001;JULGAMENTO DE CAUSAS E GESTAO ADMINISTRATIVA;084782;AOSI MATDAD;MATERIAL DE PROCESSAMENTO DE DADOS;0127;CUSTAS E EMOLUMENTOS - PODER JUDICIARIO;1;ORCAMENTO FISCAL;3;DESPESAS CORRENTES;3;OUTRAS DESPESAS CORRENTES;30;MATERIAL DE CONSUMO;339030;MATERIAL DE CONSUMO;339030-9;NAO SE APLICA;-9;NAO SE APLICA;-9;NAO SE APLICA;-9;NAO SE APLICA;NAO SE APLICA;-9;-9;-9;ALTERACAO PARA EMISSAO DE NE - AQUISICAO DE MATERIAIS DE CONSUMO (CARTUCHOS). (PA 0003882-23.2017.6.07.8100);-9;NAO SE APLICA;2.091,40;2.091,40;;;2.091,40;;;;;;;;;;;;;;;
14107;TRIBUNAL REGIONAL ELEITORAL DO DIST. FEDERAL;070025;TRIBUNAL REGIONAL ELEITORAL DO D. FEDERAL;02122057020GP0053;20GP;JULGAMENTO DE CAUSAS E GESTAO ADMINISTRATIVA NA JUSTICA ELEI;0001;JULGAMENTO DE CAUSAS E GESTAO ADMINISTRATIVA;084782;AOSI MATDAD;MATERIAL DE PROCESSAMENTO DE DADOS;0127;CUSTAS E EMOLUMENTOS - PODER JUDICIARIO;1;ORCAMENTO FISCAL;3;DESPESAS CORRENTES;3;OUTRAS DESPESAS CORRENTES;30;MATERIAL DE CONSUMO;339030;MATERIAL DE CONSUMO;339030-9;NAO SE APLICA;-9;NAO SE APLICA;-9;NAO SE APLICA;-9;NAO SE APLICA;NAO SE APLICA;-9;-9;-9;ALTERACAO PARA EMISSAO DE NE - AQUISICAO DE MATERIAL DE PROCESSAMENTO DE DADOS(CARTUCHO DE TONER). (PA 0003854-55.2017.6.07.8100);-9;NAO SE APLICA;8.900,00;8.900,00;;;8.900,00;;;;;;;;;;;;;;;
14107;TRIBUNAL REGIONAL ELEITORAL DO DIST. FEDERAL;070025;TRIBUNAL REGIONAL ELEITORAL DO D. FEDERAL;02122057020GP0053;20GP;JULGAMENTO DE CAUSAS E GESTAO ADMINISTRATIVA NA JUSTICA ELEI;0001;JULGAMENTO DE CAUSAS E GESTAO ADMINISTRATIVA;084782;AOSI MATDAD;MATERIAL DE PROCESSAMENTO DE DADOS;0127;CUSTAS E EMOLUMENTOS - PODER JUDICIARIO;1;ORCAMENTO FISCAL;3;DESPESAS CORRENTES;3;OUTRAS DESPESAS CORRENTES;30;MATERIAL DE CONSUMO;339030;MATERIAL DE CONSUMO;339030-9;NAO SE APLICA;-9;NAO SE APLICA;-9;NAO SE APLICA;-9;NAO SE APLICA;NAO SE APLICA;-9;-9;-9;ALTERACAO PARA EMISSAO DE NE - AQUISICAO DE MATERIAL DE PROCESSAMENTO DE DADOS(CARTUCHO DE TONER). (PA 0003882-23.2017.6.07.8100);-9;NAO SE APLICA;8.900,00;8.900,00;;;8.900,00;;;;;;;;;;;;;;;
14107;TRIBUNAL REGIONAL ELEITORAL DO DIST. FEDERAL;070025;TRIBUNAL REGIONAL ELEITORAL DO D. FEDERAL;02122057020GP0053;20GP;JULGAMENTO DE CAUSAS E GESTAO ADMINISTRATIVA NA JUSTICA ELEI;0001;JULGAMENTO DE CAUSAS E GESTAO ADMINISTRATIVA;084782;AOSI MATDAD;MATERIAL DE PROCESSAMENTO DE DADOS;0127;CUSTAS E EMOLUMENTOS - PODER JUDICIARIO;1;ORCAMENTO FISCAL;3;DESPESAS CORRENTES;3;OUTRAS DESPESAS CORRENTES;30;MATERIAL DE CONSUMO;339030;MATERIAL DE CONSUMO;339030-9;NAO SE APLICA;-9;NAO SE APLICA;-9;NAO SE APLICA;-9;NAO SE APLICA;NAO SE APLICA;-9;-9;-9;ALTERACAO PARA EMISSAO DE NE - AQUISICAO DE MATERIAS DE CONSUMO(CARTUCHO DE TONER). (PA 0003885-75.2017.6.07.8100);-9;NAO SE APLICA;1.256,04;1.256,04;;;1.256,04;;;;;;;;;;;;;;;
14107;TRIBUNAL REGIONAL ELEITORAL DO DIST. FEDERAL;070025;TRIBUNAL REGIONAL ELEITORAL DO D. FEDERAL;02122057020GP0053;20GP;JULGAMENTO DE CAUSAS E GESTAO ADMINISTRATIVA NA JUSTICA ELEI;0001;JULGAMENTO DE CAUSAS E GESTAO ADMINISTRATIVA;084782;AOSI MATDAD;MATERIAL DE PROCESSAMENTO DE DADOS;0127;CUSTAS E EMOLUMENTOS - PODER JUDICIARIO;1;ORCAMENTO FISCAL;3;DESPESAS CORRENTES;3;OUTRAS DESPESAS CORRENTES;30;MATERIAL DE CONSUMO;339030;MATERIAL DE CONSUMO;339030-9;NAO SE APLICA;-9;NAO SE APLICA;-9;NAO SE APLICA;-9;NAO SE APLICA;NAO SE APLICA;-9;-9;-9;ALTERACAO PARA EMISSAO DE NE -AQUISICAO DE MATERIAIS DE CONSUMO(CARTUCHO E UNIDADE FOTOCONDUTOR). (PA 0003884-90.2017.6.07.8100);-9;NAO SE APLICA;3.252,00;3.252,00;;;3.252,00;;;;;;;;;;;;;;;
14107;TRIBUNAL REGIONAL ELEITORAL DO DIST. FEDERAL;070025;TRIBUNAL REGIONAL ELEITORAL DO D. FEDERAL;02122057020GP0053;20GP;JULGAMENTO DE CAUSAS E GESTAO ADMINISTRATIVA NA JUSTICA ELEI;0001;JULGAMENTO DE CAUSAS E GESTAO ADMINISTRATIVA;084782;AOSI MATDAD;MATERIAL DE PROCESSAMENTO DE DADOS;0127;CUSTAS E EMOLUMENTOS - PODER JUDICIARIO;1;ORCAMENTO FISCAL;3;DESPESAS CORRENTES;3;OUTRAS DESPESAS CORRENTES;30;MATERIAL DE CONSUMO;339030;MATERIAL DE CONSUMO;339030-9;NAO SE APLICA;-9;NAO SE APLICA;-9;NAO SE APLICA;-9;NAO SE APLICA;NAO SE APLICA;-9;-9;-9;ANULACAO NE 111 PARA CORRECAO.;-9;NAO SE APLICA;(8.900,00);(8.900,00);;;(8.900,00);;;;;;;;;;;;;;;
14107;TRIBUNAL REGIONAL ELEITORAL DO DIST. FEDERAL;070025;TRIBUNAL REGIONAL ELEITORAL DO D. FEDERAL;02122057020GP0053;20GP;JULGAMENTO DE CAUSAS E GESTAO ADMINISTRATIVA NA JUSTICA ELEI;0001;JULGAMENTO DE CAUSAS E GESTAO ADMINISTRATIVA;084782;AOSI MATDAD;MATERIAL DE PROCESSAMENTO DE DADOS;0127;CUSTAS E EMOLUMENTOS - PODER JUDICIARIO;1;ORCAMENTO FISCAL;3;DESPESAS CORRENTES;3;OUTRAS DESPESAS CORRENTES;30;MATERIAL DE CONSUMO;339030;MATERIAL DE CONSUMO;33903017;MATERIAL DE TIC - MATERIAL DE CONSUMO;1;ORDINARIO;12;PREGAO;-8;15/02/2018;FEV/2018;2018;070025000012018NE000109;00038545520176078100;2018NECT - AQUISICAO DE MATERIAL DE PROCESSAMENTO DE DADOS (CARTUCHO DE TONER)DE ACORDO COM A ARP Nº07/17 - PREGAO PRESENCIAL Nº09/17. O TERMO DE REFERENCIADA  CONTRATACAO INTEGRA A NE, INDEPENDENTE DE TRANSCRICAO.;20411148000126;OTIMO TECNOLOGIA LTDA  - ME;;;;;;;;8.900,00;;;;;;;;;;;;
14107;TRIBUNAL REGIONAL ELEITORAL DO DIST. FEDERAL;070025;TRIBUNAL REGIONAL ELEITORAL DO D. FEDERAL;02122057020GP0053;20GP;JULGAMENTO DE CAUSAS E GESTAO ADMINISTRATIVA NA JUSTICA ELEI;0001;JULGAMENTO DE CAUSAS E GESTAO ADMINISTRATIVA;084782;AOSI MATDAD;MATERIAL DE PROCESSAMENTO DE DADOS;0127;CUSTAS E EMOLUMENTOS - PODER JUDICIARIO;1;ORCAMENTO FISCAL;3;DESPESAS CORRENTES;3;OUTRAS DESPESAS CORRENTES;30;MATERIAL DE CONSUMO;339030;MATERIAL DE CONSUMO;33903017;MATERIAL DE TIC - MATERIAL DE CONSUMO;1;ORDINARIO;12;PREGAO;-8;15/02/2018;FEV/2018;2018;070025000012018NE000109;00038545520176078100;PGTO NF 219. AQUISICAO DE MATERIAL DE PROCESSAMENTO DE DADOS (CARTUCHO TONER). OPTANTE SIMPLES NACIONAL. PA 3854-55.2017;20411148000126;OTIMO TECNOLOGIA LTDA  - ME;;;;;;;;0,00;8.900,00;8.900,00;;;;;;;;;8.900,00;8.900,00
14107;TRIBUNAL REGIONAL ELEITORAL DO DIST. FEDERAL;070025;TRIBUNAL REGIONAL ELEITORAL DO D. FEDERAL;02122057020GP0053;20GP;JULGAMENTO DE CAUSAS E GESTAO ADMINISTRATIVA NA JUSTICA ELEI;0001;JULGAMENTO DE CAUSAS E GESTAO ADMINISTRATIVA;084782;AOSI MATDAD;MATERIAL DE PROCESSAMENTO DE DADOS;0127;CUSTAS E EMOLUMENTOS - PODER JUDICIARIO;1;ORCAMENTO FISCAL;3;DESPESAS CORRENTES;3;OUTRAS DESPESAS CORRENTES;30;MATERIAL DE CONSUMO;339030;MATERIAL DE CONSUMO;33903017;MATERIAL DE TIC - MATERIAL DE CONSUMO;1;ORDINARIO;12;PREGAO;-8;15/02/2018;FEV/2018;2018;070025000012018NE000111;00038822320176078100;2018NECT - AQUISICAO DE MATERIAIS DE CONSUMO (CARTUCHO DE TONER), CONF. ARP Nº7/2017 - PREGAO PRESENCIAL Nº9/2017. O TERMO DE REFERENCIA DA CONTRATACAO INTEGRA A NE, INDEPENDENTE DE TRANSCRICAO.;03038875000170;PLENA INFORMATICA LTDA - EPP;;;;;;;;8.900,00;;;;;;;;;;;;
14107;TRIBUNAL REGIONAL ELEITORAL DO DIST. FEDERAL;070025;TRIBUNAL REGIONAL ELEITORAL DO D. FEDERAL;02122057020GP0053;20GP;JULGAMENTO DE CAUSAS E GESTAO ADMINISTRATIVA NA JUSTICA ELEI;0001;JULGAMENTO DE CAUSAS E GESTAO ADMINISTRATIVA;084782;AOSI MATDAD;MATERIAL DE PROCESSAMENTO DE DADOS;0127;CUSTAS E EMOLUMENTOS - PODER JUDICIARIO;1;ORCAMENTO FISCAL;3;DESPESAS CORRENTES;3;OUTRAS DESPESAS CORRENTES;30;MATERIAL DE CONSUMO;339030;MATERIAL DE CONSUMO;33903017;MATERIAL DE TIC - MATERIAL DE CONSUMO;1;ORDINARIO;12;PREGAO;-8;15/02/2018;FEV/2018;2018;070025000012018NE000111;00038822320176078100;2018NECT - AQUISICAO DE MATERIAL DE PROCESSAMENTO DE DADOS (CARTUCHO DE TONER)DE ACORDO COM A ARP Nº07/17 - PREGAO PRESENCIAL Nº09/17. O TERMO DE REFERENCIADA  CONTRATACAO INTEGRA A NE, INDEPENDENTE DE TRANSCRICAO. ANULACAO.;03038875000170;PLENA INFORMATICA LTDA - EPP;;;;;;;;(8.900,00);;;;;;;;;;;;
14107;TRIBUNAL REGIONAL ELEITORAL DO DIST. FEDERAL;070025;TRIBUNAL REGIONAL ELEITORAL DO D. FEDERAL;02122057020GP0053;20GP;JULGAMENTO DE CAUSAS E GESTAO ADMINISTRATIVA NA JUSTICA ELEI;0001;JULGAMENTO DE CAUSAS E GESTAO ADMINISTRATIVA;084782;AOSI MATDAD;MATERIAL DE PROCESSAMENTO DE DADOS;0127;CUSTAS E EMOLUMENTOS - PODER JUDICIARIO;1;ORCAMENTO FISCAL;3;DESPESAS CORRENTES;3;OUTRAS DESPESAS CORRENTES;30;MATERIAL DE CONSUMO;339030;MATERIAL DE CONSUMO;33903017;MATERIAL DE TIC - MATERIAL DE CONSUMO;1;ORDINARIO;12;PREGAO;-8;15/02/2018;FEV/2018;2018;070025000012018NE000113;00038822320176078100;2018NECT - AQUISICAO DE MATERIAIS DE CONSUMO (CARTUCHOS), CONF. ARP Nº7/2017 -PREGAO PRESENCIAL Nº9/2017. O TERMO DE REFERENCIA DA CONTRATACAO INTEGRA A NE,INDEPENDENTE DE TRANSCRICAO.;03038875000170;PLENA INFORMATICA LTDA - EPP;;;;;;;;2.091,40;;;;;;;;;;;;
14107;TRIBUNAL REGIONAL ELEITORAL DO DIST. FEDERAL;070025;TRIBUNAL REGIONAL ELEITORAL DO D. FEDERAL;02122057020GP0053;20GP;JULGAMENTO DE CAUSAS E GESTAO ADMINISTRATIVA NA JUSTICA ELEI;0001;JULGAMENTO DE CAUSAS E GESTAO ADMINISTRATIVA;084782;AOSI MATDAD;MATERIAL DE PROCESSAMENTO DE DADOS;0127;CUSTAS E EMOLUMENTOS - PODER JUDICIARIO;1;ORCAMENTO FISCAL;3;DESPESAS CORRENTES;3;OUTRAS DESPESAS CORRENTES;30;MATERIAL DE CONSUMO;339030;MATERIAL DE CONSUMO;33903017;MATERIAL DE TIC - MATERIAL DE CONSUMO;1;ORDINARIO;12;PREGAO;-8;15/02/2018;FEV/2018;2018;070025000012018NE000113;00038822320176078100;PGTO NF 1642. MATERIAL DE CONSUMO. OPTANTE PELO SIMPLES. PA 3882-23.2018;03038875000170;PLENA INFORMATICA LTDA - EPP;;;;;;;;0,00;2.091,40;2.091,40;;;;;;;;;2.091,40;2.091,40
14107;TRIBUNAL REGIONAL ELEITORAL DO DIST. FEDERAL;070025;TRIBUNAL REGIONAL ELEITORAL DO D. FEDERAL;02122057020GP0053;20GP;JULGAMENTO DE CAUSAS E GESTAO ADMINISTRATIVA NA JUSTICA ELEI;0001;JULGAMENTO DE CAUSAS E GESTAO ADMINISTRATIVA;084782;AOSI MATDAD;MATERIAL DE PROCESSAMENTO DE DADOS;0127;CUSTAS E EMOLUMENTOS - PODER JUDICIARIO;1;ORCAMENTO FISCAL;3;DESPESAS CORRENTES;3;OUTRAS DESPESAS CORRENTES;30;MATERIAL DE CONSUMO;339030;MATERIAL DE CONSUMO;33903017;MATERIAL DE TIC - MATERIAL DE CONSUMO;1;ORDINARIO;12;PREGAO;-8;19/03/2018;MAR/2018;2018;070025000012018NE000169;00038857520176078100;2018NECT - AQUISICAO DE MATERIAIS DE CONSUMO (CARTUCHO DE TONER), CONF. ARP Nº7/2017 - PREGAO PRESENCIAL Nº 9/2017. O TERMO DE REFERENCIA DA  CONTRATACAO INTEGRA A NE, INDEPENDENTE DE TRANSCRICAO.;27514080000150;I. A. DE SOUZA - ME;;;;;;;;1.256,04;;;;;;;;;;;;
14107;TRIBUNAL REGIONAL ELEITORAL DO DIST. FEDERAL;070025;TRIBUNAL REGIONAL ELEITORAL DO D. FEDERAL;02122057020GP0053;20GP;JULGAMENTO DE CAUSAS E GESTAO ADMINISTRATIVA NA JUSTICA ELEI;0001;JULGAMENTO DE CAUSAS E GESTAO ADMINISTRATIVA;084782;AOSI MATDAD;MATERIAL DE PROCESSAMENTO DE DADOS;0127;CUSTAS E EMOLUMENTOS - PODER JUDICIARIO;1;ORCAMENTO FISCAL;3;DESPESAS CORRENTES;3;OUTRAS DESPESAS CORRENTES;30;MATERIAL DE CONSUMO;339030;MATERIAL DE CONSUMO;33903017;MATERIAL DE TIC - MATERIAL DE CONSUMO;1;ORDINARIO;12;PREGAO;-8;19/03/2018;MAR/2018;2018;070025000012018NE000169;00038857520176078100;PGTO NF 11. MATERIAL DE PROCESSAMENTO DE DADOS. OPTANTE PELO SIMPLES. PA 3885-75.2017;27514080000150;I. A. DE SOUZA - ME;;;;;;;;0,00;1.256,04;1.256,04;;;;;;;;;1.256,04;1.256,04
14107;TRIBUNAL REGIONAL ELEITORAL DO DIST. FEDERAL;070025;TRIBUNAL REGIONAL ELEITORAL DO D. FEDERAL;02122057020GP0053;20GP;JULGAMENTO DE CAUSAS E GESTAO ADMINISTRATIVA NA JUSTICA ELEI;0001;JULGAMENTO DE CAUSAS E GESTAO ADMINISTRATIVA;084782;AOSI MATDAD;MATERIAL DE PROCESSAMENTO DE DADOS;0127;CUSTAS E EMOLUMENTOS - PODER JUDICIARIO;1;ORCAMENTO FISCAL;3;DESPESAS CORRENTES;3;OUTRAS DESPESAS CORRENTES;30;MATERIAL DE CONSUMO;339030;MATERIAL DE CONSUMO;33903017;MATERIAL DE TIC - MATERIAL DE CONSUMO;1;ORDINARIO;12;PREGAO;-8;26/03/2018;MAR/2018;2018;070025000012018NE000192;00038849020176078100;2018NECT - AQUISICAO DE MATERIAIS DE CONSUMO(CARTUCHO E UNIDADE FOTOCONDUTOR),CONF.ARP Nº 7/2017 - PREGAO PRESENCIAL Nº 9/2017. O TERMO DE REFERENCIA DA CONTRATACAO INTEGRA A NE, INDEPENDENTE DE TRANSCRICAO.;72578586000187;OFFICE SERVICE EQUIPAMENTOS E SERV P/ESCRITORIOS LTDA;;;;;;;;3.252,00;;;;;;;;;;;;
14107;TRIBUNAL REGIONAL ELEITORAL DO DIST. FEDERAL;070025;TRIBUNAL REGIONAL ELEITORAL DO D. FEDERAL;02122057020GP0053;20GP;JULGAMENTO DE CAUSAS E GESTAO ADMINISTRATIVA NA JUSTICA ELEI;0001;JULGAMENTO DE CAUSAS E GESTAO ADMINISTRATIVA;084782;AOSI MATDAD;MATERIAL DE PROCESSAMENTO DE DADOS;0127;CUSTAS E EMOLUMENTOS - PODER JUDICIARIO;1;ORCAMENTO FISCAL;3;DESPESAS CORRENTES;3;OUTRAS DESPESAS CORRENTES;30;MATERIAL DE CONSUMO;339030;MATERIAL DE CONSUMO;33903017;MATERIAL DE TIC - MATERIAL DE CONSUMO;1;ORDINARIO;12;PREGAO;-8;26/03/2018;MAR/2018;2018;070025000012018NE000192;00038849020176078100;PAGTO NF 15310. AQUISICAO MATERIAL CONSUMO (PROCESSAMENTO DE DADOS). OPTANTE PELO SIMPLES. PA 3884-90.2017;72578586000187;OFFICE SERVICE EQUIPAMENTOS E SERV P/ESCRITORIOS LTDA;;;;;;;;0,00;3.252,00;3.252,00;;;;;;;;;3.252,00;3.252,00
14107;TRIBUNAL REGIONAL ELEITORAL DO DIST. FEDERAL;070025;TRIBUNAL REGIONAL ELEITORAL DO D. FEDERAL;02122057020GP0053;20GP;JULGAMENTO DE CAUSAS E GESTAO ADMINISTRATIVA NA JUSTICA ELEI;0001;JULGAMENTO DE CAUSAS E GESTAO ADMINISTRATIVA;084782;AOSI MATDAD;MATERIAL DE PROCESSAMENTO DE DADOS;0127;CUSTAS E EMOLUMENTOS - PODER JUDICIARIO;1;ORCAMENTO FISCAL;3;DESPESAS CORRENTES;3;OUTRAS DESPESAS CORRENTES;30;MATERIAL DE CONSUMO;339030;MATERIAL DE CONSUMO;33903017;MATERIAL DE TIC - MATERIAL DE CONSUMO;1;ORDINARIO;12;PREGAO;-8;26/03/2018;MAR/2018;2018;070025000012018NE000192;00038849020176078100;PAGTO NF 15310. AQUISICAO MATERIAL CONSUMO (PROCESSAMENTO DE DADOS). OPTANTE PELO SIMPLES. PA 3884-90.2017. ŽACERTO PARA RECLASSIFICACAO DA CONTA DE ESTOQUE.;72578586000187;OFFICE SERVICE EQUIPAMENTOS E SERV P/ESCRITORIOS LTDA;;;;;;;;0,00;0,00;0,00;;;;;;;;;0,00;0,00
14107;TRIBUNAL REGIONAL ELEITORAL DO DIST. FEDERAL;070025;TRIBUNAL REGIONAL ELEITORAL DO D. FEDERAL;02122057020GP0053;20GP;JULGAMENTO DE CAUSAS E GESTAO ADMINISTRATIVA NA JUSTICA ELEI;0001;JULGAMENTO DE CAUSAS E GESTAO ADMINISTRATIVA;084782;AOSI MATDAD;MATERIAL DE PROCESSAMENTO DE DADOS;0127;CUSTAS E EMOLUMENTOS - PODER JUDICIARIO;1;ORCAMENTO FISCAL;3;DESPESAS CORRENTES;3;OUTRAS DESPESAS CORRENTES;30;MATERIAL DE CONSUMO;339030;MATERIAL DE CONSUMO;33903017;MATERIAL DE TIC - MATERIAL DE CONSUMO;1;ORDINARIO;12;PREGAO;-8;16/04/2018;ABR/2018;2018;070025000012018NE000211;00038822320176078100;2018NECT - AQUISICAO DE MATERIAIS DE CONSUMO (CARTUCHOS, CILINDRO P/ BROTHER EKIT FUSOR), CONF. ARP Nº 7/2017 - PREGAO PRESENCIAL Nº 9/2017. O TERMO DE REFERENCIA DA CONTRATACAO INTEGRA A NE, INDEPENDENTE DE TRANSCRICAO.;03038875000170;PLENA INFORMATICA LTDA - EPP;;;;;;;;22.979,00;;;;;;;;;;;;
14107;TRIBUNAL REGIONAL ELEITORAL DO DIST. FEDERAL;070025;TRIBUNAL REGIONAL ELEITORAL DO D. FEDERAL;02122057020GP0053;20GP;JULGAMENTO DE CAUSAS E GESTAO ADMINISTRATIVA NA JUSTICA ELEI;0001;JULGAMENTO DE CAUSAS E GESTAO ADMINISTRATIVA;084782;AOSI MATDAD;MATERIAL DE PROCESSAMENTO DE DADOS;0127;CUSTAS E EMOLUMENTOS - PODER JUDICIARIO;1;ORCAMENTO FISCAL;3;DESPESAS CORRENTES;3;OUTRAS DESPESAS CORRENTES;30;MATERIAL DE CONSUMO;339030;MATERIAL DE CONSUMO;33903017;MATERIAL DE TIC - MATERIAL DE CONSUMO;1;ORDINARIO;12;PREGAO;-8;16/04/2018;ABR/2018;2018;070025000012018NE000211;00038822320176078100;PGTO NF 1677. MATERIAL DE CONSUMO (PROCESSAMENTO DE DADOS). OPTANTE PELO SIMPLES. PA 3882-23.2018;03038875000170;PLENA INFORMATICA LTDA - EPP;;;;;;;;0,00;22.979,00;22.979,00;;;;;;;;;22.979,00;22.979,00
14107;TRIBUNAL REGIONAL ELEITORAL DO DIST. FEDERAL;070025;TRIBUNAL REGIONAL ELEITORAL DO D. FEDERAL;02122057020GP0053;20GP;JULGAMENTO DE CAUSAS E GESTAO ADMINISTRATIVA NA JUSTICA ELEI;0001;JULGAMENTO DE CAUSAS E GESTAO ADMINISTRATIVA;084782;AOSI SERDAD;SERVICOS DE PROCESSAMENTO DE DADOS;0100;RECURSOS ORDINARIOS;1;ORCAMENTO FISCAL;3;DESPESAS CORRENTES;3;OUTRAS DESPESAS CORRENTES;39;OUTROS SERVICOS DE TERCEIROS PJ - OP.INT.ORC.;339039;OUTROS SERVICOS DE TERCEIROS - PESSOA JURIDICA;33903948;SERVICO DE SELECAO E TREINAMENTO;1;ORDINARIO;12;PREGAO;-8;06/12/2017;DEZ/2017;2017;070025000012017NE000642;00055892620176078100;NAO SE APLICA;02213325000188;PLUGNET COMERCIO E REPRESENTACOES LTDA.;;;;;;;;;;;;;7.200,00;;;;;7.200,00;;
14107;TRIBUNAL REGIONAL ELEITORAL DO DIST. FEDERAL;070025;TRIBUNAL REGIONAL ELEITORAL DO D. FEDERAL;02122057020GP0053;20GP;JULGAMENTO DE CAUSAS E GESTAO ADMINISTRATIVA NA JUSTICA ELEI;0001;JULGAMENTO DE CAUSAS E GESTAO ADMINISTRATIVA;084782;AOSI SERDAD;SERVICOS DE PROCESSAMENTO DE DADOS;0100;RECURSOS ORDINARIOS;1;ORCAMENTO FISCAL;3;DESPESAS CORRENTES;3;OUTRAS DESPESAS CORRENTES;39;OUTROS SERVICOS DE TERCEIROS PJ - OP.INT.ORC.;339039;OUTROS SERVICOS DE TERCEIROS - PESSOA JURIDICA;33903957;SERVICOS TECNICOS PROFISSIONAIS DE T.I.;3;ESTIMATIVO;12;PREGAO;-8;24/01/2017;JAN/2017;2017;070025000012017NE000060;00039336820166078100;NAO SE APLICA;01644731000132;CTIS TECNOLOGIA S.A;;;;;;;;;;;;;20.912,94;;;;;20.912,94;;
14107;TRIBUNAL REGIONAL ELEITORAL DO DIST. FEDERAL;070025;TRIBUNAL REGIONAL ELEITORAL DO D. FEDERAL;02122057020GP0053;20GP;JULGAMENTO DE CAUSAS E GESTAO ADMINISTRATIVA NA JUSTICA ELEI;0001;JULGAMENTO DE CAUSAS E GESTAO ADMINISTRATIVA;084782;AOSI SERDAD;SERVICOS DE PROCESSAMENTO DE DADOS;0100;RECURSOS ORDINARIOS;1;ORCAMENTO FISCAL;3;DESPESAS CORRENTES;3;OUTRAS DESPESAS CORRENTES;39;OUTROS SERVICOS DE TERCEIROS PJ - OP.INT.ORC.;339039;OUTROS SERVICOS DE TERCEIROS - PESSOA JURIDICA;33903957;SERVICOS TECNICOS PROFISSIONAIS DE T.I.;3;ESTIMATIVO;12;PREGAO;-8;24/01/2017;JAN/2017;2017;070025000012017NE000060;00039336820166078100;PAGTO NF 87634. SERVICOS DE INFORMATICA NA AREA DE SUSTENTACAO DE SISTEMAS DE INFORMACAO, NO PERIODO DE 26/12/17 A 8/1/18. RETENCAO IMP FED 9,45 (R$ 2.023,29),ISS 5,00 (R$ 1.070,52) E 3,50 DE INSS (R$ 749,37). PA 4008-10.2016.6.07.8100.;01644731000132;CTIS TECNOLOGIA S.A;;;;;;;;;;;;;;;;9.646,48;9.646,48;(9.646,48);9.646,48;9.646,48
14107;TRIBUNAL REGIONAL ELEITORAL DO DIST. FEDERAL;070025;TRIBUNAL REGIONAL ELEITORAL DO D. FEDERAL;02122057020GP0053;20GP;JULGAMENTO DE CAUSAS E GESTAO ADMINISTRATIVA NA JUSTICA ELEI;0001;JULGAMENTO DE CAUSAS E GESTAO ADMINISTRATIVA;084782;AOSI TELEPR;TELEPROCESSAMENTO;0100;RECURSOS ORDINARIOS;1;ORCAMENTO FISCAL;3;DESPESAS CORRENTES;3;OUTRAS DESPESAS CORRENTES;39;OUTROS SERVICOS DE TERCEIROS PJ - OP.INT.ORC.;339039;OUTROS SERVICOS DE TERCEIROS - PESSOA JURIDICA;33903997;COMUNICACAO DE DADOS;5;GLOBAL;12;PREGAO;-8;21/02/2017;FEV/2017;2017;070025000012017NE000168;00044195320166078100;NAO SE APLICA;02558157000162;TELEFONICA BRASIL S.A.;;;;;;;;;;;;;43.770,98;;;;;43.770,98;;
14107;TRIBUNAL REGIONAL ELEITORAL DO DIST. FEDERAL;070025;TRIBUNAL REGIONAL ELEITORAL DO D. FEDERAL;02122057020GP0053;20GP;JULGAMENTO DE CAUSAS E GESTAO ADMINISTRATIVA NA JUSTICA ELEI;0001;JULGAMENTO DE CAUSAS E GESTAO ADMINISTRATIVA;084782;AOSI TELEPR;TELEPROCESSAMENTO;0100;RECURSOS ORDINARIOS;1;ORCAMENTO FISCAL;3;DESPESAS CORRENTES;3;OUTRAS DESPESAS CORRENTES;40;SERVICOS DE TECNOLOGIA DA INFORMACAO E COMUNICACAO - PJ;339040;SERVICOS DE TECNOLOGIA DA INFORMACAO E COMUNICACAO - PJ;339040-9;NAO SE APLICA;-9;NAO SE APLICA;-9;NAO SE APLICA;-9;NAO SE APLICA;NAO SE APLICA;-9;-9;-9;16CT0012 - PRESTACAO DE SERVICOS DE TELECOMUNICACOES PARA PROVER A COMUNICACAODE DADOS ENTRE O TRE-DF E OS CARTORIOS ELEITORAIS LOCALIZADOS NO DF,  CONFORMEO PREGAO ELETRONICO Nº 11/16. CONTRATO Nº 12/16.;-9;NAO SE APLICA;;;;;(688.848,84);;;;;;;;;;;;;;;
14107;TRIBUNAL REGIONAL ELEITORAL DO DIST. FEDERAL;070025;TRIBUNAL REGIONAL ELEITORAL DO D. FEDERAL;02122057020GP0053;20GP;JULGAMENTO DE CAUSAS E GESTAO ADMINISTRATIVA NA JUSTICA ELEI;0001;JULGAMENTO DE CAUSAS E GESTAO ADMINISTRATIVA;084782;AOSI TELEPR;TELEPROCESSAMENTO;0100;RECURSOS ORDINARIOS;1;ORCAMENTO FISCAL;3;DESPESAS CORRENTES;3;OUTRAS DESPESAS CORRENTES;40;SERVICOS DE TECNOLOGIA DA INFORMACAO E COMUNICACAO - PJ;339040;SERVICOS DE TECNOLOGIA DA INFORMACAO E COMUNICACAO - PJ;339040-9;NAO SE APLICA;-9;NAO SE APLICA;-9;NAO SE APLICA;-9;NAO SE APLICA;NAO SE APLICA;-9;-9;-9;16CT0013 - PRESTACAO DE SERVICOS DE TELECOMUNICACOES PARA PROVER A COMUNICACAODE DADOS ENTRE O TRE-DF E OS CARTORIOS ELEITORAIS LOCALIZADOS NO DF,  CONFORMEO PREGAO ELETRONICO Nº 11/16. CONTRATO Nº 13/16. TERMO ADITIVO 01. REFORCO.;-9;NAO SE APLICA;;;;;(38.304,00);;;;;;;;;;;;;;;
14107;TRIBUNAL REGIONAL ELEITORAL DO DIST. FEDERAL;070025;TRIBUNAL REGIONAL ELEITORAL DO D. FEDERAL;02122057020GP0053;20GP;JULGAMENTO DE CAUSAS E GESTAO ADMINISTRATIVA NA JUSTICA ELEI;0001;JULGAMENTO DE CAUSAS E GESTAO ADMINISTRATIVA;084782;AOSI TELEPR;TELEPROCESSAMENTO;0100;RECURSOS ORDINARIOS;1;ORCAMENTO FISCAL;3;DESPESAS CORRENTES;3;OUTRAS DESPESAS CORRENTES;40;SERVICOS DE TECNOLOGIA DA INFORMACAO E COMUNICACAO - PJ;339040;SERVICOS DE TECNOLOGIA DA INFORMACAO E COMUNICACAO - PJ;339040-9;NAO SE APLICA;-9;NAO SE APLICA;-9;NAO SE APLICA;-9;NAO SE APLICA;NAO SE APLICA;-9;-9;-9;16CT0013 - PRESTACAO DE SERVICOS DE TELECOMUNICACOES PARA PROVER A COMUNICACAODE DADOS ENTRE O TRE-DF E OS CARTORIOS ELEITORAIS LOCALIZADOS NO DF,  CONFORMEO PREGAO ELETRONICO SRP Nº 11/2016. CONTRATO Nº 13/2016.;-9;NAO SE APLICA;;;;;(161.612,16);;;;;;;;;;;;;;;
14107;TRIBUNAL REGIONAL ELEITORAL DO DIST. FEDERAL;070025;TRIBUNAL REGIONAL ELEITORAL DO D. FEDERAL;02122057020GP0053;20GP;JULGAMENTO DE CAUSAS E GESTAO ADMINISTRATIVA NA JUSTICA ELEI;0001;JULGAMENTO DE CAUSAS E GESTAO ADMINISTRATIVA;084782;AOSI TELEPR;TELEPROCESSAMENTO;0100;RECURSOS ORDINARIOS;1;ORCAMENTO FISCAL;3;DESPESAS CORRENTES;3;OUTRAS DESPESAS CORRENTES;40;SERVICOS DE TECNOLOGIA DA INFORMACAO E COMUNICACAO - PJ;339040;SERVICOS DE TECNOLOGIA DA INFORMACAO E COMUNICACAO - PJ;339040-9;NAO SE APLICA;-9;NAO SE APLICA;-9;NAO SE APLICA;-9;NAO SE APLICA;NAO SE APLICA;-9;-9;-9;17CT0019 - PRESTACAO DE SERV.DE TELEFONIA MOVEL PESSOAL (SMP), CONFORME CONTRATO Nº 19/2017. ADESAO A ARP Nº 13/ESG/2016 DO PREGAO ELETRONICO DA ESCOLA SUPERIOR DE GUERRA Nº 02/ESG/2016. TERMO ADITIVO Nº 01. REFORCO.;-9;NAO SE APLICA;;;;;(10.000,00);;;;;;;;;;;;;;;
14107;TRIBUNAL REGIONAL ELEITORAL DO DIST. FEDERAL;070025;TRIBUNAL REGIONAL ELEITORAL DO D. FEDERAL;02122057020GP0053;20GP;JULGAMENTO DE CAUSAS E GESTAO ADMINISTRATIVA NA JUSTICA ELEI;0001;JULGAMENTO DE CAUSAS E GESTAO ADMINISTRATIVA;084782;AOSI TELEPR;TELEPROCESSAMENTO;0100;RECURSOS ORDINARIOS;1;ORCAMENTO FISCAL;3;DESPESAS CORRENTES;3;OUTRAS DESPESAS CORRENTES;40;SERVICOS DE TECNOLOGIA DA INFORMACAO E COMUNICACAO - PJ;339040;SERVICOS DE TECNOLOGIA DA INFORMACAO E COMUNICACAO - PJ;339040-9;NAO SE APLICA;-9;NAO SE APLICA;-9;NAO SE APLICA;-9;NAO SE APLICA;NAO SE APLICA;-9;-9;-9;17CT0019 - PRESTACAO DE SERV.DE TELEFONIA MOVEL PESSOAL (SMP), CONFORME CONTRATO Nº 19/2017. ADESAO A ATA DE REGISTRO DE PRECOS Nº 13/ESG/2016 DO  PREGAO E-LETRONICO DA ESCOLA SUPERIOR DE GUERRA Nº 02/ESG/2016.;-9;NAO SE APLICA;;;;;(8.000,00);;;;;;;;;;;;;;;
14107;TRIBUNAL REGIONAL ELEITORAL DO DIST. FEDERAL;070025;TRIBUNAL REGIONAL ELEITORAL DO D. FEDERAL;02122057020GP0053;20GP;JULGAMENTO DE CAUSAS E GESTAO ADMINISTRATIVA NA JUSTICA ELEI;0001;JULGAMENTO DE CAUSAS E GESTAO ADMINISTRATIVA;084782;AOSI TELEPR;TELEPROCESSAMENTO;0100;RECURSOS ORDINARIOS;1;ORCAMENTO FISCAL;3;DESPESAS CORRENTES;3;OUTRAS DESPESAS CORRENTES;40;SERVICOS DE TECNOLOGIA DA INFORMACAO E COMUNICACAO - PJ;339040;SERVICOS DE TECNOLOGIA DA INFORMACAO E COMUNICACAO - PJ;339040-9;NAO SE APLICA;-9;NAO SE APLICA;-9;NAO SE APLICA;-9;NAO SE APLICA;NAO SE APLICA;-9;-9;-9;ALTERACAO PARA EMISSAO DE EE - PRESTACAO DE SERVICOS DE TELECOMUNICACAO.      (PA 0002098-45.2016.6.07.8100)                                                TERMO ADITIVO Nº 01 AO CONTRATO Nº 13/2016.;-9;NAO SE APLICA;42.560,00;42.560,00;;;42.560,00;;;;;;;;;;;;;;;
14107;TRIBUNAL REGIONAL ELEITORAL DO DIST. FEDERAL;070025;TRIBUNAL REGIONAL ELEITORAL DO D. FEDERAL;02122057020GP0053;20GP;JULGAMENTO DE CAUSAS E GESTAO ADMINISTRATIVA NA JUSTICA ELEI;0001;JULGAMENTO DE CAUSAS E GESTAO ADMINISTRATIVA;084782;AOSI TELEPR;TELEPROCESSAMENTO;0100;RECURSOS ORDINARIOS;1;ORCAMENTO FISCAL;3;DESPESAS CORRENTES;3;OUTRAS DESPESAS CORRENTES;40;SERVICOS DE TECNOLOGIA DA INFORMACAO E COMUNICACAO - PJ;339040;SERVICOS DE TECNOLOGIA DA INFORMACAO E COMUNICACAO - PJ;339040-9;NAO SE APLICA;-9;NAO SE APLICA;-9;NAO SE APLICA;-9;NAO SE APLICA;NAO SE APLICA;-9;-9;-9;ALTERACAO PARA EMISSAO DE NE - BACKBONE (PA 0002098-45.2016.6.07.8100);-9;NAO SE APLICA;684.592,84;684.592,84;;;684.592,84;;;;;;;;;;;;;;;
14107;TRIBUNAL REGIONAL ELEITORAL DO DIST. FEDERAL;070025;TRIBUNAL REGIONAL ELEITORAL DO D. FEDERAL;02122057020GP0053;20GP;JULGAMENTO DE CAUSAS E GESTAO ADMINISTRATIVA NA JUSTICA ELEI;0001;JULGAMENTO DE CAUSAS E GESTAO ADMINISTRATIVA;084782;AOSI TELEPR;TELEPROCESSAMENTO;0100;RECURSOS ORDINARIOS;1;ORCAMENTO FISCAL;3;DESPESAS CORRENTES;3;OUTRAS DESPESAS CORRENTES;40;SERVICOS DE TECNOLOGIA DA INFORMACAO E COMUNICACAO - PJ;339040;SERVICOS DE TECNOLOGIA DA INFORMACAO E COMUNICACAO - PJ;339040-9;NAO SE APLICA;-9;NAO SE APLICA;-9;NAO SE APLICA;-9;NAO SE APLICA;NAO SE APLICA;-9;-9;-9;ALTERACAO PARA EMISSAO DE NE - PRESTACAO DE SERVICOS DE TELECOMUNICACAO.      (PA 0002098-45.2016.6.07.8100);-9;NAO SE APLICA;161.612,16;161.612,16;;;161.612,16;;;;;;;;;;;;;;;
14107;TRIBUNAL REGIONAL ELEITORAL DO DIST. FEDERAL;070025;TRIBUNAL REGIONAL ELEITORAL DO D. FEDERAL;02122057020GP0053;20GP;JULGAMENTO DE CAUSAS E GESTAO ADMINISTRATIVA NA JUSTICA ELEI;0001;JULGAMENTO DE CAUSAS E GESTAO ADMINISTRATIVA;084782;AOSI TELEPR;TELEPROCESSAMENTO;0100;RECURSOS ORDINARIOS;1;ORCAMENTO FISCAL;3;DESPESAS CORRENTES;3;OUTRAS DESPESAS CORRENTES;40;SERVICOS DE TECNOLOGIA DA INFORMACAO E COMUNICACAO - PJ;339040;SERVICOS DE TECNOLOGIA DA INFORMACAO E COMUNICACAO - PJ;339040-9;NAO SE APLICA;-9;NAO SE APLICA;-9;NAO SE APLICA;-9;NAO SE APLICA;NAO SE APLICA;-9;-9;-9;ALTERACAO PARA EMISSAO DE NE E DE PE. PRESTACAO DE SERV.DE TELEFONIA MOVEL PESSOAL (SMP). PAE 0002332-90.2017.6.07.8100;-9;NAO SE APLICA;24.000,00;24.000,00;;;24.000,00;;;;;;;;;;;;;;;
14107;TRIBUNAL REGIONAL ELEITORAL DO DIST. FEDERAL;070025;TRIBUNAL REGIONAL ELEITORAL DO D. FEDERAL;02122057020GP0053;20GP;JULGAMENTO DE CAUSAS E GESTAO ADMINISTRATIVA NA JUSTICA ELEI;0001;JULGAMENTO DE CAUSAS E GESTAO ADMINISTRATIVA;084782;AOSI TELEPR;TELEPROCESSAMENTO;0100;RECURSOS ORDINARIOS;1;ORCAMENTO FISCAL;3;DESPESAS CORRENTES;3;OUTRAS DESPESAS CORRENTES;40;SERVICOS DE TECNOLOGIA DA INFORMACAO E COMUNICACAO - PJ;339040;SERVICOS DE TECNOLOGIA DA INFORMACAO E COMUNICACAO - PJ;339040-9;NAO SE APLICA;-9;NAO SE APLICA;-9;NAO SE APLICA;-9;NAO SE APLICA;NAO SE APLICA;-9;-9;-9;ANULACAO DO PE 19 PARA EMISSAO DE NE (PA 0002332-90.2017.6.07.8100);-9;NAO SE APLICA;;;;;16.000,00;(16.000,00);(16.000,00);;;;;;;;;;;;;
14107;TRIBUNAL REGIONAL ELEITORAL DO DIST. FEDERAL;070025;TRIBUNAL REGIONAL ELEITORAL DO D. FEDERAL;02122057020GP0053;20GP;JULGAMENTO DE CAUSAS E GESTAO ADMINISTRATIVA NA JUSTICA ELEI;0001;JULGAMENTO DE CAUSAS E GESTAO ADMINISTRATIVA;084782;AOSI TELEPR;TELEPROCESSAMENTO;0100;RECURSOS ORDINARIOS;1;ORCAMENTO FISCAL;3;DESPESAS CORRENTES;3;OUTRAS DESPESAS CORRENTES;40;SERVICOS DE TECNOLOGIA DA INFORMACAO E COMUNICACAO - PJ;339040;SERVICOS DE TECNOLOGIA DA INFORMACAO E COMUNICACAO - PJ;339040-9;NAO SE APLICA;-9;NAO SE APLICA;-9;NAO SE APLICA;-9;NAO SE APLICA;NAO SE APLICA;-9;-9;-9;ANULACAO DO PE 59 PARA EMISSAO DE NE (PA 0002098-45.2016.6.07.8100);-9;NAO SE APLICA;;;;;42.560,00;(42.560,00);(42.560,00);;;;;;;;;;;;;
14107;TRIBUNAL REGIONAL ELEITORAL DO DIST. FEDERAL;070025;TRIBUNAL REGIONAL ELEITORAL DO D. FEDERAL;02122057020GP0053;20GP;JULGAMENTO DE CAUSAS E GESTAO ADMINISTRATIVA NA JUSTICA ELEI;0001;JULGAMENTO DE CAUSAS E GESTAO ADMINISTRATIVA;084782;AOSI TELEPR;TELEPROCESSAMENTO;0100;RECURSOS ORDINARIOS;1;ORCAMENTO FISCAL;3;DESPESAS CORRENTES;3;OUTRAS DESPESAS CORRENTES;40;SERVICOS DE TECNOLOGIA DA INFORMACAO E COMUNICACAO - PJ;339040;SERVICOS DE TECNOLOGIA DA INFORMACAO E COMUNICACAO - PJ;339040-9;NAO SE APLICA;-9;NAO SE APLICA;-9;NAO SE APLICA;-9;NAO SE APLICA;NAO SE APLICA;-9;-9;-9;RESERVA PARA FAZER FACE AO TERMO ADITIVO Nº 01 AO CONTRATO Nº 13/2016.        PAE 0002098-45.2016.6.07.8100;-9;NAO SE APLICA;;;;;(42.560,00);42.560,00;42.560,00;;;;;;;;;;;;;
14107;TRIBUNAL REGIONAL ELEITORAL DO DIST. FEDERAL;070025;TRIBUNAL REGIONAL ELEITORAL DO D. FEDERAL;02122057020GP0053;20GP;JULGAMENTO DE CAUSAS E GESTAO ADMINISTRATIVA NA JUSTICA ELEI;0001;JULGAMENTO DE CAUSAS E GESTAO ADMINISTRATIVA;084782;AOSI TELEPR;TELEPROCESSAMENTO;0100;RECURSOS ORDINARIOS;1;ORCAMENTO FISCAL;3;DESPESAS CORRENTES;3;OUTRAS DESPESAS CORRENTES;40;SERVICOS DE TECNOLOGIA DA INFORMACAO E COMUNICACAO - PJ;339040;SERVICOS DE TECNOLOGIA DA INFORMACAO E COMUNICACAO - PJ;339040-9;NAO SE APLICA;-9;NAO SE APLICA;-9;NAO SE APLICA;-9;NAO SE APLICA;NAO SE APLICA;-9;-9;-9;RESERVA PRA FAZER FACE AO TERMO ADITIVO Nº 1 AO CONTRATO Nº 19/2017.          PAE 0002332-90.2017.6.07.8100                                                 SERVICOS DE TELEFONIA MOVEL PESSOAL (SMP);-9;NAO SE APLICA;;;;;(16.000,00);16.000,00;16.000,00;;;;;;;;;;;;;
14107;TRIBUNAL REGIONAL ELEITORAL DO DIST. FEDERAL;070025;TRIBUNAL REGIONAL ELEITORAL DO D. FEDERAL;02122057020GP0053;20GP;JULGAMENTO DE CAUSAS E GESTAO ADMINISTRATIVA NA JUSTICA ELEI;0001;JULGAMENTO DE CAUSAS E GESTAO ADMINISTRATIVA;084782;AOSI TELEPR;TELEPROCESSAMENTO;0100;RECURSOS ORDINARIOS;1;ORCAMENTO FISCAL;3;DESPESAS CORRENTES;3;OUTRAS DESPESAS CORRENTES;40;SERVICOS DE TECNOLOGIA DA INFORMACAO E COMUNICACAO - PJ;339040;SERVICOS DE TECNOLOGIA DA INFORMACAO E COMUNICACAO - PJ;339040-9;NAO SE APLICA;-9;NAO SE APLICA;-9;NAO SE APLICA;-9;NAO SE APLICA;NAO SE APLICA;-9;-9;-9;RETORNO AO DISPONIVEL REFERENTE A ANULACAO DO PE 19 (TELEFONIA MOVEL);-9;NAO SE APLICA;(6.000,00);(6.000,00);;;(6.000,00);;;;;;;;;;;;;;;
14107;TRIBUNAL REGIONAL ELEITORAL DO DIST. FEDERAL;070025;TRIBUNAL REGIONAL ELEITORAL DO D. FEDERAL;02122057020GP0053;20GP;JULGAMENTO DE CAUSAS E GESTAO ADMINISTRATIVA NA JUSTICA ELEI;0001;JULGAMENTO DE CAUSAS E GESTAO ADMINISTRATIVA;084782;AOSI TELEPR;TELEPROCESSAMENTO;0100;RECURSOS ORDINARIOS;1;ORCAMENTO FISCAL;3;DESPESAS CORRENTES;3;OUTRAS DESPESAS CORRENTES;40;SERVICOS DE TECNOLOGIA DA INFORMACAO E COMUNICACAO - PJ;339040;SERVICOS DE TECNOLOGIA DA INFORMACAO E COMUNICACAO - PJ;33904013;COMUNICACAO DE DADOS E REDES EM GERAL;5;GLOBAL;12;PREGAO;-8;30/01/2018;JAN/2018;2018;070025000012018NE000080;00020984520166078100;16CT0013 - PRESTACAO DE SERVICOS DE TELECOMUNICACOES PARA PROVER A COMUNICACAODE DADOS ENTRE O TRE-DF E OS CARTORIOS ELEITORAIS LOCALIZADOS NO DF,  CONFORMEO PREGAO ELETRONICO Nº 11/16. CONTRATO Nº 13/16. TERMO ADITIVO 01. REFORCO.;02558157000162;TELEFONICA BRASIL S.A.;;;;;;;;38.304,00;;;;;;;;;;;;
14107;TRIBUNAL REGIONAL ELEITORAL DO DIST. FEDERAL;070025;TRIBUNAL REGIONAL ELEITORAL DO D. FEDERAL;02122057020GP0053;20GP;JULGAMENTO DE CAUSAS E GESTAO ADMINISTRATIVA NA JUSTICA ELEI;0001;JULGAMENTO DE CAUSAS E GESTAO ADMINISTRATIVA;084782;AOSI TELEPR;TELEPROCESSAMENTO;0100;RECURSOS ORDINARIOS;1;ORCAMENTO FISCAL;3;DESPESAS CORRENTES;3;OUTRAS DESPESAS CORRENTES;40;SERVICOS DE TECNOLOGIA DA INFORMACAO E COMUNICACAO - PJ;339040;SERVICOS DE TECNOLOGIA DA INFORMACAO E COMUNICACAO - PJ;33904013;COMUNICACAO DE DADOS E REDES EM GERAL;5;GLOBAL;12;PREGAO;-8;30/01/2018;JAN/2018;2018;070025000012018NE000080;00020984520166078100;16CT0013 - PRESTACAO DE SERVICOS DE TELECOMUNICACOES PARA PROVER A COMUNICACAODE DADOS ENTRE O TRE-DF E OS CARTORIOS ELEITORAIS LOCALIZADOS NO DF,  CONFORMEO PREGAO ELETRONICO SRP Nº 11/2016. CONTRATO Nº 13/2016.;02558157000162;TELEFONICA BRASIL S.A.;;;;;;;;161.612,16;;;;;;;;;;;;
14107;TRIBUNAL REGIONAL ELEITORAL DO DIST. FEDERAL;070025;TRIBUNAL REGIONAL ELEITORAL DO D. FEDERAL;02122057020GP0053;20GP;JULGAMENTO DE CAUSAS E GESTAO ADMINISTRATIVA NA JUSTICA ELEI;0001;JULGAMENTO DE CAUSAS E GESTAO ADMINISTRATIVA;084782;AOSI TELEPR;TELEPROCESSAMENTO;0100;RECURSOS ORDINARIOS;1;ORCAMENTO FISCAL;3;DESPESAS CORRENTES;3;OUTRAS DESPESAS CORRENTES;40;SERVICOS DE TECNOLOGIA DA INFORMACAO E COMUNICACAO - PJ;339040;SERVICOS DE TECNOLOGIA DA INFORMACAO E COMUNICACAO - PJ;33904013;COMUNICACAO DE DADOS E REDES EM GERAL;5;GLOBAL;12;PREGAO;-8;26/03/2018;MAR/2018;2018;070025000012018NE000194;00020984520166078100;16CT0012 - PRESTACAO DE SERVICOS DE TELECOMUNICACOES PARA PROVER A COMUNICACAODE DADOS ENTRE O TRE-DF E OS CARTORIOS ELEITORAIS LOCALIZADOS NO DF,  CONFORMEO PREGAO ELETRONICO Nº 11/16. CONTRATO Nº 12/16.;40432544000147;CLARO S.A.;;;;;;;;688.848,84;;;;;;;;;;;;
14107;TRIBUNAL REGIONAL ELEITORAL DO DIST. FEDERAL;070025;TRIBUNAL REGIONAL ELEITORAL DO D. FEDERAL;02122057020GP0053;20GP;JULGAMENTO DE CAUSAS E GESTAO ADMINISTRATIVA NA JUSTICA ELEI;0001;JULGAMENTO DE CAUSAS E GESTAO ADMINISTRATIVA;084782;AOSI TELEPR;TELEPROCESSAMENTO;0100;RECURSOS ORDINARIOS;1;ORCAMENTO FISCAL;3;DESPESAS CORRENTES;3;OUTRAS DESPESAS CORRENTES;40;SERVICOS DE TECNOLOGIA DA INFORMACAO E COMUNICACAO - PJ;339040;SERVICOS DE TECNOLOGIA DA INFORMACAO E COMUNICACAO - PJ;33904014;TELEFONIA FIXA E MOVEL - PACOTE DE COMUNICACAO DE DADOS;3;ESTIMATIVO;12;PREGAO;-8;25/01/2018;JAN/2018;2018;070025000012018NE000071;00023329020176078100;17CT0019 - PRESTACAO DE SERV.DE TELEFONIA MOVEL PESSOAL (SMP), CONFORME CONTRATO Nº 19/2017. ADESAO A ARP Nº 13/ESG/2016 DO PREGAO ELETRONICO DA ESCOLA SUPERIOR DE GUERRA Nº 02/ESG/2016. TERMO ADITIVO Nº 01. REFORCO.;40432544000147;CLARO S.A.;;;;;;;;10.000,00;;;;;;;;;;;;
14107;TRIBUNAL REGIONAL ELEITORAL DO DIST. FEDERAL;070025;TRIBUNAL REGIONAL ELEITORAL DO D. FEDERAL;02122057020GP0053;20GP;JULGAMENTO DE CAUSAS E GESTAO ADMINISTRATIVA NA JUSTICA ELEI;0001;JULGAMENTO DE CAUSAS E GESTAO ADMINISTRATIVA;084782;AOSI TELEPR;TELEPROCESSAMENTO;0100;RECURSOS ORDINARIOS;1;ORCAMENTO FISCAL;3;DESPESAS CORRENTES;3;OUTRAS DESPESAS CORRENTES;40;SERVICOS DE TECNOLOGIA DA INFORMACAO E COMUNICACAO - PJ;339040;SERVICOS DE TECNOLOGIA DA INFORMACAO E COMUNICACAO - PJ;33904014;TELEFONIA FIXA E MOVEL - PACOTE DE COMUNICACAO DE DADOS;3;ESTIMATIVO;12;PREGAO;-8;25/01/2018;JAN/2018;2018;070025000012018NE000071;00023329020176078100;17CT0019 - PRESTACAO DE SERV.DE TELEFONIA MOVEL PESSOAL (SMP), CONFORME CONTRATO Nº 19/2017. ADESAO A ATA DE REGISTRO DE PRECOS Nº 13/ESG/2016 DO  PREGAO E-LETRONICO DA ESCOLA SUPERIOR DE GUERRA Nº 02/ESG/2016.;40432544000147;CLARO S.A.;;;;;;;;8.000,00;;;;;;;;;;;;
14107;TRIBUNAL REGIONAL ELEITORAL DO DIST. FEDERAL;070025;TRIBUNAL REGIONAL ELEITORAL DO D. FEDERAL;02122057020GP0053;20GP;JULGAMENTO DE CAUSAS E GESTAO ADMINISTRATIVA NA JUSTICA ELEI;0001;JULGAMENTO DE CAUSAS E GESTAO ADMINISTRATIVA;084782;AREA AQISOF;FUNCMANUTGER-AREA - AQ. DE SOFTWARE;0100;RECURSOS ORDINARIOS;1;ORCAMENTO FISCAL;4;DESPESAS DE CAPITAL;4;INVESTIMENTOS;39;OUTROS SERVICOS DE TERCEIROS PJ - OP.INT.ORC.;449039;OUTROS SERVICOS DE TERCEIROS- PESSOA JURIDICA;44903993;AQUISICAO DE SOFTWARE;1;ORDINARIO;12;PREGAO;-8;04/10/2017;OUT/2017;2017;070025000012017NE000447;00040190520176078100;NAO SE APLICA;03263975000109;SYSTECH SISTEMAS E TECNOLOGIA EM INFORMATICA LTDA;;;;;;;;;;;;;24.388,00;;;;;24.388,00;;
14107;TRIBUNAL REGIONAL ELEITORAL DO DIST. FEDERAL;070025;TRIBUNAL REGIONAL ELEITORAL DO D. FEDERAL;02122057020GP0053;20GP;JULGAMENTO DE CAUSAS E GESTAO ADMINISTRATIVA NA JUSTICA ELEI;0001;JULGAMENTO DE CAUSAS E GESTAO ADMINISTRATIVA;084782;AREA AQISOF;FUNCMANUTGER-AREA - AQ. DE SOFTWARE;0100;RECURSOS ORDINARIOS;1;ORCAMENTO FISCAL;4;DESPESAS DE CAPITAL;4;INVESTIMENTOS;40;SERVICOS DE TECNOLOGIA DA INFORMACAO E COMUNICACAO - PJ;449040;SERVICOS DE TECNOLOGIA DA INFORMACAO E COMUNICACAO - PJ;449040-9;NAO SE APLICA;-9;NAO SE APLICA;-9;NAO SE APLICA;-9;NAO SE APLICA;NAO SE APLICA;-9;-9;-9;15CR0012 - FORNECIMENTO DE LICENCAS DE USO - DRS PLENARIO COM SERVICO DE SUPORTE TECNICO E ATUALIZACAO DE VERSAO. CARTA-CONTRATO Nº 12/2015 - TERMO  ADITIVONº 02 - APOSTILAMENTO Nº 02.;-9;NAO SE APLICA;;;;;(27.601,92);;;;;;;;;;;;;;;
14107;TRIBUNAL REGIONAL ELEITORAL DO DIST. FEDERAL;070025;TRIBUNAL REGIONAL ELEITORAL DO D. FEDERAL;02122057020GP0053;20GP;JULGAMENTO DE CAUSAS E GESTAO ADMINISTRATIVA NA JUSTICA ELEI;0001;JULGAMENTO DE CAUSAS E GESTAO ADMINISTRATIVA;084782;AREA AQISOF;FUNCMANUTGER-AREA - AQ. DE SOFTWARE;0100;RECURSOS ORDINARIOS;1;ORCAMENTO FISCAL;4;DESPESAS DE CAPITAL;4;INVESTIMENTOS;40;SERVICOS DE TECNOLOGIA DA INFORMACAO E COMUNICACAO - PJ;449040;SERVICOS DE TECNOLOGIA DA INFORMACAO E COMUNICACAO - PJ;449040-9;NAO SE APLICA;-9;NAO SE APLICA;-9;NAO SE APLICA;-9;NAO SE APLICA;NAO SE APLICA;-9;-9;-9;ALTERACAO PARA EMISSAO DE NE - FORNECIMENTO DE LICENCAS DE USO - DRS PLENARIO COM SERVICO DE SUPORTE TECNICO E ATUALIZACAO DE VERSAO.                       PAE 002176-39.2016.6.07.8100;-9;NAO SE APLICA;27.601,92;27.601,92;;;27.601,92;;;;;;;;;;;;;;;
14107;TRIBUNAL REGIONAL ELEITORAL DO DIST. FEDERAL;070025;TRIBUNAL REGIONAL ELEITORAL DO D. FEDERAL;02122057020GP0053;20GP;JULGAMENTO DE CAUSAS E GESTAO ADMINISTRATIVA NA JUSTICA ELEI;0001;JULGAMENTO DE CAUSAS E GESTAO ADMINISTRATIVA;084782;AREA AQISOF;FUNCMANUTGER-AREA - AQ. DE SOFTWARE;0100;RECURSOS ORDINARIOS;1;ORCAMENTO FISCAL;4;DESPESAS DE CAPITAL;4;INVESTIMENTOS;40;SERVICOS DE TECNOLOGIA DA INFORMACAO E COMUNICACAO - PJ;449040;SERVICOS DE TECNOLOGIA DA INFORMACAO E COMUNICACAO - PJ;44904005;AQUISICAO DE SOFTWARE PRONTO;5;GLOBAL;07;INEXIGIBILIDADE;CP;01/02/2018;FEV/2018;2018;070025000012018NE000088;00021763920166078100;15CR0012 - FORNECIMENTO DE LICENCAS DE USO - DRS PLENARIO COM SERVICO DE SUPORTE TECNICO E ATUALIZACAO DE VERSAO. CARTA-CONTRATO Nº 12/2015 - TERMO  ADITIVONº 02 - APOSTILAMENTO Nº 02.;01276330000177;KENTA INFORMATICA SA;;;;;;;;27.601,92;;;;;;;;;;;;
14107;TRIBUNAL REGIONAL ELEITORAL DO DIST. FEDERAL;070025;TRIBUNAL REGIONAL ELEITORAL DO D. FEDERAL;02122057020GP0053;20GP;JULGAMENTO DE CAUSAS E GESTAO ADMINISTRATIVA NA JUSTICA ELEI;0001;JULGAMENTO DE CAUSAS E GESTAO ADMINISTRATIVA;084782;AREA AQISOF;FUNCMANUTGER-AREA - AQ. DE SOFTWARE;0100;RECURSOS ORDINARIOS;1;ORCAMENTO FISCAL;4;DESPESAS DE CAPITAL;4;INVESTIMENTOS;40;SERVICOS DE TECNOLOGIA DA INFORMACAO E COMUNICACAO - PJ;449040;SERVICOS DE TECNOLOGIA DA INFORMACAO E COMUNICACAO - PJ;44904005;AQUISICAO DE SOFTWARE PRONTO;5;GLOBAL;07;INEXIGIBILIDADE;CP;01/02/2018;FEV/2018;2018;070025000012018NE000088;00021763920166078100;PAGTO NF 144. LICENCA DE USO DE SOFTWARE DRS NO PLENARIO, FEVEREIRO/2018. RETENCAO 9,45 IMP FED (R$ 289,82). PA 3126-48.2016;01276330000177;KENTA INFORMATICA SA;;;;;;;;0,00;3.066,88;3.066,88;;;;;;;;;3.066,88;3.066,88
14107;TRIBUNAL REGIONAL ELEITORAL DO DIST. FEDERAL;070025;TRIBUNAL REGIONAL ELEITORAL DO D. FEDERAL;02122057020GP0053;20GP;JULGAMENTO DE CAUSAS E GESTAO ADMINISTRATIVA NA JUSTICA ELEI;0001;JULGAMENTO DE CAUSAS E GESTAO ADMINISTRATIVA;084782;AREA AQISOF;FUNCMANUTGER-AREA - AQ. DE SOFTWARE;0100;RECURSOS ORDINARIOS;1;ORCAMENTO FISCAL;4;DESPESAS DE CAPITAL;4;INVESTIMENTOS;40;SERVICOS DE TECNOLOGIA DA INFORMACAO E COMUNICACAO - PJ;449040;SERVICOS DE TECNOLOGIA DA INFORMACAO E COMUNICACAO - PJ;44904005;AQUISICAO DE SOFTWARE PRONTO;5;GLOBAL;07;INEXIGIBILIDADE;CP;01/02/2018;FEV/2018;2018;070025000012018NE000088;00021763920166078100;PAGTO NF 208. LICENCA DE USO DE SOFTWARE DRS NO PLENARIO, MARCO/2018. RETENCAO 9,45 IMP FED (R$ 289,82). PA 3126-48.2016;01276330000177;KENTA INFORMATICA SA;;;;;;;;0,00;3.066,88;3.066,88;;;;;;;;;3.066,88;3.066,88
14107;TRIBUNAL REGIONAL ELEITORAL DO DIST. FEDERAL;070025;TRIBUNAL REGIONAL ELEITORAL DO D. FEDERAL;02122057020GP0053;20GP;JULGAMENTO DE CAUSAS E GESTAO ADMINISTRATIVA NA JUSTICA ELEI;0001;JULGAMENTO DE CAUSAS E GESTAO ADMINISTRATIVA;084782;AREA AQISOF;FUNCMANUTGER-AREA - AQ. DE SOFTWARE;0100;RECURSOS ORDINARIOS;1;ORCAMENTO FISCAL;4;DESPESAS DE CAPITAL;4;INVESTIMENTOS;40;SERVICOS DE TECNOLOGIA DA INFORMACAO E COMUNICACAO - PJ;449040;SERVICOS DE TECNOLOGIA DA INFORMACAO E COMUNICACAO - PJ;44904005;AQUISICAO DE SOFTWARE PRONTO;5;GLOBAL;07;INEXIGIBILIDADE;CP;01/02/2018;FEV/2018;2018;070025000012018NE000088;00021763920166078100;PAGTO NF 297. LICENCA DE USO DE SOFTWARE DRS NO PLENARIO, ABRIL/2018. RETENCAO 9,45 IMP FED (R$ 289,82). PA 3126-48.2016;01276330000177;KENTA INFORMATICA SA;;;;;;;;0,00;3.066,88;3.066,88;;;;;;;;;3.066,88;3.066,88
14107;TRIBUNAL REGIONAL ELEITORAL DO DIST. FEDERAL;070025;TRIBUNAL REGIONAL ELEITORAL DO D. FEDERAL;02122057020GP0053;20GP;JULGAMENTO DE CAUSAS E GESTAO ADMINISTRATIVA NA JUSTICA ELEI;0001;JULGAMENTO DE CAUSAS E GESTAO ADMINISTRATIVA;084782;AREA AQISOF;FUNCMANUTGER-AREA - AQ. DE SOFTWARE;0100;RECURSOS ORDINARIOS;1;ORCAMENTO FISCAL;4;DESPESAS DE CAPITAL;4;INVESTIMENTOS;40;SERVICOS DE TECNOLOGIA DA INFORMACAO E COMUNICACAO - PJ;449040;SERVICOS DE TECNOLOGIA DA INFORMACAO E COMUNICACAO - PJ;44904005;AQUISICAO DE SOFTWARE PRONTO;5;GLOBAL;07;INEXIGIBILIDADE;CP;01/02/2018;FEV/2018;2018;070025000012018NE000088;00021763920166078100;PAGTO NF 77. LICENCA DE USO DE SOFTWARE DRS NO PLENARIO, JANEIRO/2018. RETENCAO 9,45 IMP FED (R$ 289,82). PA 3126-48.2016;01276330000177;KENTA INFORMATICA SA;;;;;;;;0,00;3.066,88;3.066,88;;;;;;;;;3.066,88;3.066,88
14107;TRIBUNAL REGIONAL ELEITORAL DO DIST. FEDERAL;070025;TRIBUNAL REGIONAL ELEITORAL DO D. FEDERAL;02122057020GP0053;20GP;JULGAMENTO DE CAUSAS E GESTAO ADMINISTRATIVA NA JUSTICA ELEI;0001;JULGAMENTO DE CAUSAS E GESTAO ADMINISTRATIVA;084782;AREA INFORM;FUNCMANUTGER-AREA - INFORMATICA;0100;RECURSOS ORDINARIOS;1;ORCAMENTO FISCAL;4;DESPESAS DE CAPITAL;4;INVESTIMENTOS;52;EQUIPAMENTOS E MATERIAL PERMANENTE;449052;EQUIPAMENTOS E MATERIAL PERMANENTE;449052-9;NAO SE APLICA;-9;NAO SE APLICA;-9;NAO SE APLICA;-9;NAO SE APLICA;NAO SE APLICA;-9;-9;-9;ALTERACAO PARA EMISSAO DE PE. AQUISICAO DE COMPUTADORES.                      PAE 0001425-81.2018.6.07.8100;-9;NAO SE APLICA;503.000,00;503.000,00;;;503.000,00;;;;;;;;;;;;;;;
14107;TRIBUNAL REGIONAL ELEITORAL DO DIST. FEDERAL;070025;TRIBUNAL REGIONAL ELEITORAL DO D. FEDERAL;02122057020GP0053;20GP;JULGAMENTO DE CAUSAS E GESTAO ADMINISTRATIVA NA JUSTICA ELEI;0001;JULGAMENTO DE CAUSAS E GESTAO ADMINISTRATIVA;084782;AREA INFORM;FUNCMANUTGER-AREA - INFORMATICA;0100;RECURSOS ORDINARIOS;1;ORCAMENTO FISCAL;4;DESPESAS DE CAPITAL;4;INVESTIMENTOS;52;EQUIPAMENTOS E MATERIAL PERMANENTE;449052;EQUIPAMENTOS E MATERIAL PERMANENTE;449052-9;NAO SE APLICA;-9;NAO SE APLICA;-9;NAO SE APLICA;-9;NAO SE APLICA;NAO SE APLICA;-9;-9;-9;RESERVA PARA AQUISICAO DE 100 MICROCOMPUTADORES.                              PAE 0001425-81.2018.6.07.8100;-9;NAO SE APLICA;;;;;(503.000,00);503.000,00;503.000,00;;;;;;;;;;;;;
14107;TRIBUNAL REGIONAL ELEITORAL DO DIST. FEDERAL;070025;TRIBUNAL REGIONAL ELEITORAL DO D. FEDERAL;02122057020GP0053;20GP;JULGAMENTO DE CAUSAS E GESTAO ADMINISTRATIVA NA JUSTICA ELEI;0001;JULGAMENTO DE CAUSAS E GESTAO ADMINISTRATIVA;084782;AREA PERMAN;FUNCMANUTGER-AREA - OUTROS PERMANENTES;0100;RECURSOS ORDINARIOS;1;ORCAMENTO FISCAL;4;DESPESAS DE CAPITAL;4;INVESTIMENTOS;52;EQUIPAMENTOS E MATERIAL PERMANENTE;449052;EQUIPAMENTOS E MATERIAL PERMANENTE;449052-9;NAO SE APLICA;-9;NAO SE APLICA;-9;NAO SE APLICA;-9;NAO SE APLICA;NAO SE APLICA;-9;-9;-9;2018NECT - AQUISICAO DE MICROFONE ESTILO LAPELA, SEM FIO COM TRANSMISSOR.     O TERMO DE REFERENCIA DA PRESENTE CONTRATACAO INTEGRA ESTA NOTA DE EMPENHO.;-9;NAO SE APLICA;;;;;(376,00);;;;;;;;;;;;;;;
14107;TRIBUNAL REGIONAL ELEITORAL DO DIST. FEDERAL;070025;TRIBUNAL REGIONAL ELEITORAL DO D. FEDERAL;02122057020GP0053;20GP;JULGAMENTO DE CAUSAS E GESTAO ADMINISTRATIVA NA JUSTICA ELEI;0001;JULGAMENTO DE CAUSAS E GESTAO ADMINISTRATIVA;084782;AREA PERMAN;FUNCMANUTGER-AREA - OUTROS PERMANENTES;0100;RECURSOS ORDINARIOS;1;ORCAMENTO FISCAL;4;DESPESAS DE CAPITAL;4;INVESTIMENTOS;52;EQUIPAMENTOS E MATERIAL PERMANENTE;449052;EQUIPAMENTOS E MATERIAL PERMANENTE;449052-9;NAO SE APLICA;-9;NAO SE APLICA;-9;NAO SE APLICA;-9;NAO SE APLICA;NAO SE APLICA;-9;-9;-9;2018NECT - AQUISICAO DE MICROFONES COM FIO COM BASE PARA MESA E SUPORTE FLEXI VEL - TIPO MICROFONE GOOSENECK CONDENSADOR. O TERMO DE REFERENCIA DA PRESENTE CONTRATACAO INTEGRA ESTA NOTA DE EMPENHO.;-9;NAO SE APLICA;;;;;(2.995,00);;;;;;;;;;;;;;;
14107;TRIBUNAL REGIONAL ELEITORAL DO DIST. FEDERAL;070025;TRIBUNAL REGIONAL ELEITORAL DO D. FEDERAL;02122057020GP0053;20GP;JULGAMENTO DE CAUSAS E GESTAO ADMINISTRATIVA NA JUSTICA ELEI;0001;JULGAMENTO DE CAUSAS E GESTAO ADMINISTRATIVA;084782;AREA PERMAN;FUNCMANUTGER-AREA - OUTROS PERMANENTES;0100;RECURSOS ORDINARIOS;1;ORCAMENTO FISCAL;4;DESPESAS DE CAPITAL;4;INVESTIMENTOS;52;EQUIPAMENTOS E MATERIAL PERMANENTE;449052;EQUIPAMENTOS E MATERIAL PERMANENTE;449052-9;NAO SE APLICA;-9;NAO SE APLICA;-9;NAO SE APLICA;-9;NAO SE APLICA;NAO SE APLICA;-9;-9;-9;2018NECT - FORNEC.DE LIVROS CONSIGNADOS NA ARP Nº 2/2017,PREGAO ELETRONICO SRPNº 13/2017. AUMENTO DE 25% NO VALOR DA NOTA DE EMPENHO Nº356/2017. O TR DA PRESENTE CONTRATACAO INTEGRA ESTA NE, INDEPENDENTEMENTE DE TRANSCRICAO.;-9;NAO SE APLICA;;;;;(2.777,48);;;;;;;;;;;;;;;
14107;TRIBUNAL REGIONAL ELEITORAL DO DIST. FEDERAL;070025;TRIBUNAL REGIONAL ELEITORAL DO D. FEDERAL;02122057020GP0053;20GP;JULGAMENTO DE CAUSAS E GESTAO ADMINISTRATIVA NA JUSTICA ELEI;0001;JULGAMENTO DE CAUSAS E GESTAO ADMINISTRATIVA;084782;AREA PERMAN;FUNCMANUTGER-AREA - OUTROS PERMANENTES;0100;RECURSOS ORDINARIOS;1;ORCAMENTO FISCAL;4;DESPESAS DE CAPITAL;4;INVESTIMENTOS;52;EQUIPAMENTOS E MATERIAL PERMANENTE;449052;EQUIPAMENTOS E MATERIAL PERMANENTE;449052-9;NAO SE APLICA;-9;NAO SE APLICA;-9;NAO SE APLICA;-9;NAO SE APLICA;NAO SE APLICA;-9;-9;-9;2018NECT - FORNEC.DE LIVROS CONSIGNADOS NA ARP Nº 2/2017,PREGAO ELETRONICO SRPNº 13/2017. AUMENTO DE 25%. O TERMO DE REFERENCIA DA PRESENTE CONTRATACAO INTEGRA ESTA NE, INDEPENDENTEMENTE DE TRANSCRICAO. ANULACAO.;-9;NAO SE APLICA;;;;;2.777,48;;;;;;;;;;;;;;;
14107;TRIBUNAL REGIONAL ELEITORAL DO DIST. FEDERAL;070025;TRIBUNAL REGIONAL ELEITORAL DO D. FEDERAL;02122057020GP0053;20GP;JULGAMENTO DE CAUSAS E GESTAO ADMINISTRATIVA NA JUSTICA ELEI;0001;JULGAMENTO DE CAUSAS E GESTAO ADMINISTRATIVA;084782;AREA PERMAN;FUNCMANUTGER-AREA - OUTROS PERMANENTES;0100;RECURSOS ORDINARIOS;1;ORCAMENTO FISCAL;4;DESPESAS DE CAPITAL;4;INVESTIMENTOS;52;EQUIPAMENTOS E MATERIAL PERMANENTE;449052;EQUIPAMENTOS E MATERIAL PERMANENTE;449052-9;NAO SE APLICA;-9;NAO SE APLICA;-9;NAO SE APLICA;-9;NAO SE APLICA;NAO SE APLICA;-9;-9;-9;2018NECT - FORNEC.DE LIVROS CONSIGNADOS NA ARP Nº 2/2017,PREGAO ELETRONICO SRPNº 13/2017. AUMENTO DE 25%. O TERMO DE REFERENCIA DA PRESENTE CONTRATACAO INTEGRA ESTA NE, INDEPENDENTEMENTE DE TRANSCRICAO. REFORCO.;-9;NAO SE APLICA;;;;;(2.777,48);;;;;;;;;;;;;;;
14107;TRIBUNAL REGIONAL ELEITORAL DO DIST. FEDERAL;070025;TRIBUNAL REGIONAL ELEITORAL DO D. FEDERAL;02122057020GP0053;20GP;JULGAMENTO DE CAUSAS E GESTAO ADMINISTRATIVA NA JUSTICA ELEI;0001;JULGAMENTO DE CAUSAS E GESTAO ADMINISTRATIVA;084782;AREA PERMAN;FUNCMANUTGER-AREA - OUTROS PERMANENTES;0100;RECURSOS ORDINARIOS;1;ORCAMENTO FISCAL;4;DESPESAS DE CAPITAL;4;INVESTIMENTOS;52;EQUIPAMENTOS E MATERIAL PERMANENTE;449052;EQUIPAMENTOS E MATERIAL PERMANENTE;449052-9;NAO SE APLICA;-9;NAO SE APLICA;-9;NAO SE APLICA;-9;NAO SE APLICA;NAO SE APLICA;-9;-9;-9;2018NECT - FORNEC.DE LIVROS CONSIGNADOS NA ARP Nº 2/2017,PREGAO ELETRONICO SRPNº 13/2017. O TERMO DE REFERENCIA DA PRESENTE CONTRATACAO INTEGRA ESTA NE, IN-DEPENDENTEMENTE DE TRANSCRICAO.;-9;NAO SE APLICA;;;;;(1.094,06);;;;;;;;;;;;;;;
14107;TRIBUNAL REGIONAL ELEITORAL DO DIST. FEDERAL;070025;TRIBUNAL REGIONAL ELEITORAL DO D. FEDERAL;02122057020GP0053;20GP;JULGAMENTO DE CAUSAS E GESTAO ADMINISTRATIVA NA JUSTICA ELEI;0001;JULGAMENTO DE CAUSAS E GESTAO ADMINISTRATIVA;084782;AREA PERMAN;FUNCMANUTGER-AREA - OUTROS PERMANENTES;0100;RECURSOS ORDINARIOS;1;ORCAMENTO FISCAL;4;DESPESAS DE CAPITAL;4;INVESTIMENTOS;52;EQUIPAMENTOS E MATERIAL PERMANENTE;449052;EQUIPAMENTOS E MATERIAL PERMANENTE;449052-9;NAO SE APLICA;-9;NAO SE APLICA;-9;NAO SE APLICA;-9;NAO SE APLICA;NAO SE APLICA;-9;-9;-9;2018NECT - FORNECIMENTO DE TAPETES AO TRE/DF.CONF.PREGAO ELETRONICO Nº04/2018.O TERMO DE REFERENCIA DA PRESENTE CONTRATACAO INTEGRA ESTA NOTA DE EMPENHO, INDEPENDENTEMENTE DE TRANSCRICAO.;-9;NAO SE APLICA;;;;;(32.604,00);;;;;;;;;;;;;;;
14107;TRIBUNAL REGIONAL ELEITORAL DO DIST. FEDERAL;070025;TRIBUNAL REGIONAL ELEITORAL DO D. FEDERAL;02122057020GP0053;20GP;JULGAMENTO DE CAUSAS E GESTAO ADMINISTRATIVA NA JUSTICA ELEI;0001;JULGAMENTO DE CAUSAS E GESTAO ADMINISTRATIVA;084782;AREA PERMAN;FUNCMANUTGER-AREA - OUTROS PERMANENTES;0100;RECURSOS ORDINARIOS;1;ORCAMENTO FISCAL;4;DESPESAS DE CAPITAL;4;INVESTIMENTOS;52;EQUIPAMENTOS E MATERIAL PERMANENTE;449052;EQUIPAMENTOS E MATERIAL PERMANENTE;449052-9;NAO SE APLICA;-9;NAO SE APLICA;-9;NAO SE APLICA;-9;NAO SE APLICA;NAO SE APLICA;-9;-9;-9;ALTERACAO PARA EMISSAO DE NE E DE PE. FORNECIMENTO DE LIVROS.                 PAE Nº 0000327-95.2017.6.07.8100;-9;NAO SE APLICA;3.871,54;3.871,54;;;3.871,54;;;;;;;;;;;;;;;
14107;TRIBUNAL REGIONAL ELEITORAL DO DIST. FEDERAL;070025;TRIBUNAL REGIONAL ELEITORAL DO D. FEDERAL;02122057020GP0053;20GP;JULGAMENTO DE CAUSAS E GESTAO ADMINISTRATIVA NA JUSTICA ELEI;0001;JULGAMENTO DE CAUSAS E GESTAO ADMINISTRATIVA;084782;AREA PERMAN;FUNCMANUTGER-AREA - OUTROS PERMANENTES;0100;RECURSOS ORDINARIOS;1;ORCAMENTO FISCAL;4;DESPESAS DE CAPITAL;4;INVESTIMENTOS;52;EQUIPAMENTOS E MATERIAL PERMANENTE;449052;EQUIPAMENTOS E MATERIAL PERMANENTE;449052-9;NAO SE APLICA;-9;NAO SE APLICA;-9;NAO SE APLICA;-9;NAO SE APLICA;NAO SE APLICA;-9;-9;-9;ALTERACAO PARA EMISSAO DE PE - AQUISICAO DE MICROFONES (PA 0005853-43.2017);-9;NAO SE APLICA;3.371,00;3.371,00;;;3.371,00;;;;;;;;;;;;;;;
14107;TRIBUNAL REGIONAL ELEITORAL DO DIST. FEDERAL;070025;TRIBUNAL REGIONAL ELEITORAL DO D. FEDERAL;02122057020GP0053;20GP;JULGAMENTO DE CAUSAS E GESTAO ADMINISTRATIVA NA JUSTICA ELEI;0001;JULGAMENTO DE CAUSAS E GESTAO ADMINISTRATIVA;084782;AREA PERMAN;FUNCMANUTGER-AREA - OUTROS PERMANENTES;0100;RECURSOS ORDINARIOS;1;ORCAMENTO FISCAL;4;DESPESAS DE CAPITAL;4;INVESTIMENTOS;52;EQUIPAMENTOS E MATERIAL PERMANENTE;449052;EQUIPAMENTOS E MATERIAL PERMANENTE;449052-9;NAO SE APLICA;-9;NAO SE APLICA;-9;NAO SE APLICA;-9;NAO SE APLICA;NAO SE APLICA;-9;-9;-9;ALTERACAO PARA EMISSAO DE PE - FORNECIMENTO DE TAPETES AO TRE/DF.;-9;NAO SE APLICA;41.363,41;41.363,41;;;41.363,41;;;;;;;;;;;;;;;
14107;TRIBUNAL REGIONAL ELEITORAL DO DIST. FEDERAL;070025;TRIBUNAL REGIONAL ELEITORAL DO D. FEDERAL;02122057020GP0053;20GP;JULGAMENTO DE CAUSAS E GESTAO ADMINISTRATIVA NA JUSTICA ELEI;0001;JULGAMENTO DE CAUSAS E GESTAO ADMINISTRATIVA;084782;AREA PERMAN;FUNCMANUTGER-AREA - OUTROS PERMANENTES;0100;RECURSOS ORDINARIOS;1;ORCAMENTO FISCAL;4;DESPESAS DE CAPITAL;4;INVESTIMENTOS;52;EQUIPAMENTOS E MATERIAL PERMANENTE;449052;EQUIPAMENTOS E MATERIAL PERMANENTE;449052-9;NAO SE APLICA;-9;NAO SE APLICA;-9;NAO SE APLICA;-9;NAO SE APLICA;NAO SE APLICA;-9;-9;-9;ANULACAO DE PE PARA EMISSAO DE NE - AQUISICAO DE MICROFONES DE MESA E DE LAPE LA. (PA 0005853-43.2017.6.07.8100);-9;NAO SE APLICA;;;;;3.371,00;(3.371,00);(3.371,00);;;;;;;;;;;;;
14107;TRIBUNAL REGIONAL ELEITORAL DO DIST. FEDERAL;070025;TRIBUNAL REGIONAL ELEITORAL DO D. FEDERAL;02122057020GP0053;20GP;JULGAMENTO DE CAUSAS E GESTAO ADMINISTRATIVA NA JUSTICA ELEI;0001;JULGAMENTO DE CAUSAS E GESTAO ADMINISTRATIVA;084782;AREA PERMAN;FUNCMANUTGER-AREA - OUTROS PERMANENTES;0100;RECURSOS ORDINARIOS;1;ORCAMENTO FISCAL;4;DESPESAS DE CAPITAL;4;INVESTIMENTOS;52;EQUIPAMENTOS E MATERIAL PERMANENTE;449052;EQUIPAMENTOS E MATERIAL PERMANENTE;449052-9;NAO SE APLICA;-9;NAO SE APLICA;-9;NAO SE APLICA;-9;NAO SE APLICA;NAO SE APLICA;-9;-9;-9;ANULACAO DE PE PARA EMISSAO DE NE - FORNECIMENTO DE LIVROS.;-9;NAO SE APLICA;;;;;2.777,48;(2.777,48);(2.777,48);;;;;;;;;;;;;
14107;TRIBUNAL REGIONAL ELEITORAL DO DIST. FEDERAL;070025;TRIBUNAL REGIONAL ELEITORAL DO D. FEDERAL;02122057020GP0053;20GP;JULGAMENTO DE CAUSAS E GESTAO ADMINISTRATIVA NA JUSTICA ELEI;0001;JULGAMENTO DE CAUSAS E GESTAO ADMINISTRATIVA;084782;AREA PERMAN;FUNCMANUTGER-AREA - OUTROS PERMANENTES;0100;RECURSOS ORDINARIOS;1;ORCAMENTO FISCAL;4;DESPESAS DE CAPITAL;4;INVESTIMENTOS;52;EQUIPAMENTOS E MATERIAL PERMANENTE;449052;EQUIPAMENTOS E MATERIAL PERMANENTE;449052-9;NAO SE APLICA;-9;NAO SE APLICA;-9;NAO SE APLICA;-9;NAO SE APLICA;NAO SE APLICA;-9;-9;-9;ANULACAO DE PE PARA EMISSAO DE NE - FORNECIMENTO DE TAPETES AO TRE/DF.        (PA 0005134-61.2017.6.07.8100);-9;NAO SE APLICA;;;;;41.363,41;(41.363,41);(41.363,41);;;;;;;;;;;;;
14107;TRIBUNAL REGIONAL ELEITORAL DO DIST. FEDERAL;070025;TRIBUNAL REGIONAL ELEITORAL DO D. FEDERAL;02122057020GP0053;20GP;JULGAMENTO DE CAUSAS E GESTAO ADMINISTRATIVA NA JUSTICA ELEI;0001;JULGAMENTO DE CAUSAS E GESTAO ADMINISTRATIVA;084782;AREA PERMAN;FUNCMANUTGER-AREA - OUTROS PERMANENTES;0100;RECURSOS ORDINARIOS;1;ORCAMENTO FISCAL;4;DESPESAS DE CAPITAL;4;INVESTIMENTOS;52;EQUIPAMENTOS E MATERIAL PERMANENTE;449052;EQUIPAMENTOS E MATERIAL PERMANENTE;449052-9;NAO SE APLICA;-9;NAO SE APLICA;-9;NAO SE APLICA;-9;NAO SE APLICA;NAO SE APLICA;-9;-9;-9;AQUISICAO DE MICROFONES (PA 0005853-43.2017.6.07.8100);-9;NAO SE APLICA;;;;;(3.371,00);3.371,00;3.371,00;;;;;;;;;;;;;
14107;TRIBUNAL REGIONAL ELEITORAL DO DIST. FEDERAL;070025;TRIBUNAL REGIONAL ELEITORAL DO D. FEDERAL;02122057020GP0053;20GP;JULGAMENTO DE CAUSAS E GESTAO ADMINISTRATIVA NA JUSTICA ELEI;0001;JULGAMENTO DE CAUSAS E GESTAO ADMINISTRATIVA;084782;AREA PERMAN;FUNCMANUTGER-AREA - OUTROS PERMANENTES;0100;RECURSOS ORDINARIOS;1;ORCAMENTO FISCAL;4;DESPESAS DE CAPITAL;4;INVESTIMENTOS;52;EQUIPAMENTOS E MATERIAL PERMANENTE;449052;EQUIPAMENTOS E MATERIAL PERMANENTE;449052-9;NAO SE APLICA;-9;NAO SE APLICA;-9;NAO SE APLICA;-9;NAO SE APLICA;NAO SE APLICA;-9;-9;-9;FORNEC.DE LIVROS CONSIGNADOS NA ARP Nº 2/2017,PREGAO ELETRONICO SRP Nº13/2017.AUMENTO DE 25%.;-9;NAO SE APLICA;2.777,48;2.777,48;;;2.777,48;;;;;;;;;;;;;;;
14107;TRIBUNAL REGIONAL ELEITORAL DO DIST. FEDERAL;070025;TRIBUNAL REGIONAL ELEITORAL DO D. FEDERAL;02122057020GP0053;20GP;JULGAMENTO DE CAUSAS E GESTAO ADMINISTRATIVA NA JUSTICA ELEI;0001;JULGAMENTO DE CAUSAS E GESTAO ADMINISTRATIVA;084782;AREA PERMAN;FUNCMANUTGER-AREA - OUTROS PERMANENTES;0100;RECURSOS ORDINARIOS;1;ORCAMENTO FISCAL;4;DESPESAS DE CAPITAL;4;INVESTIMENTOS;52;EQUIPAMENTOS E MATERIAL PERMANENTE;449052;EQUIPAMENTOS E MATERIAL PERMANENTE;449052-9;NAO SE APLICA;-9;NAO SE APLICA;-9;NAO SE APLICA;-9;NAO SE APLICA;NAO SE APLICA;-9;-9;-9;FORNECIMENTO DE TAPETES AO TRE/DF, DE ACORDO COM AS ESPECIFICACOES ESTABELECI DAS NO TERMO DE REFERENCIA.;-9;NAO SE APLICA;;;;;(41.363,41);41.363,41;41.363,41;;;;;;;;;;;;;
14107;TRIBUNAL REGIONAL ELEITORAL DO DIST. FEDERAL;070025;TRIBUNAL REGIONAL ELEITORAL DO D. FEDERAL;02122057020GP0053;20GP;JULGAMENTO DE CAUSAS E GESTAO ADMINISTRATIVA NA JUSTICA ELEI;0001;JULGAMENTO DE CAUSAS E GESTAO ADMINISTRATIVA;084782;AREA PERMAN;FUNCMANUTGER-AREA - OUTROS PERMANENTES;0100;RECURSOS ORDINARIOS;1;ORCAMENTO FISCAL;4;DESPESAS DE CAPITAL;4;INVESTIMENTOS;52;EQUIPAMENTOS E MATERIAL PERMANENTE;449052;EQUIPAMENTOS E MATERIAL PERMANENTE;449052-9;NAO SE APLICA;-9;NAO SE APLICA;-9;NAO SE APLICA;-9;NAO SE APLICA;NAO SE APLICA;-9;-9;-9;RESERVA. FORNECIMENTO DE LIVROS. ADITIVO.                                     PAE 0000327-95.2017.6.07.8100;-9;NAO SE APLICA;;;;;(2.777,48);2.777,48;2.777,48;;;;;;;;;;;;;
14107;TRIBUNAL REGIONAL ELEITORAL DO DIST. FEDERAL;070025;TRIBUNAL REGIONAL ELEITORAL DO D. FEDERAL;02122057020GP0053;20GP;JULGAMENTO DE CAUSAS E GESTAO ADMINISTRATIVA NA JUSTICA ELEI;0001;JULGAMENTO DE CAUSAS E GESTAO ADMINISTRATIVA;084782;AREA PERMAN;FUNCMANUTGER-AREA - OUTROS PERMANENTES;0100;RECURSOS ORDINARIOS;1;ORCAMENTO FISCAL;4;DESPESAS DE CAPITAL;4;INVESTIMENTOS;52;EQUIPAMENTOS E MATERIAL PERMANENTE;449052;EQUIPAMENTOS E MATERIAL PERMANENTE;449052-9;NAO SE APLICA;-9;NAO SE APLICA;-9;NAO SE APLICA;-9;NAO SE APLICA;NAO SE APLICA;-9;-9;-9;RETORNO AO DISPONIVEL - FORNECIMENTO DE TAPETES AO TRE-DF.                    (PA 0005134-61.2017.6.07.8100);-9;NAO SE APLICA;(8.759,41);(8.759,41);;;(8.759,41);;;;;;;;;;;;;;;
14107;TRIBUNAL REGIONAL ELEITORAL DO DIST. FEDERAL;070025;TRIBUNAL REGIONAL ELEITORAL DO D. FEDERAL;02122057020GP0053;20GP;JULGAMENTO DE CAUSAS E GESTAO ADMINISTRATIVA NA JUSTICA ELEI;0001;JULGAMENTO DE CAUSAS E GESTAO ADMINISTRATIVA;084782;AREA PERMAN;FUNCMANUTGER-AREA - OUTROS PERMANENTES;0100;RECURSOS ORDINARIOS;1;ORCAMENTO FISCAL;4;DESPESAS DE CAPITAL;4;INVESTIMENTOS;52;EQUIPAMENTOS E MATERIAL PERMANENTE;449052;EQUIPAMENTOS E MATERIAL PERMANENTE;449052-9;NAO SE APLICA;-9;NAO SE APLICA;-9;NAO SE APLICA;-9;NAO SE APLICA;NAO SE APLICA;-9;-9;-9;RRETORNO AO DISPONIVEL.;-9;NAO SE APLICA;(2.777,48);(2.777,48);;;(2.777,48);;;;;;;;;;;;;;;
14107;TRIBUNAL REGIONAL ELEITORAL DO DIST. FEDERAL;070025;TRIBUNAL REGIONAL ELEITORAL DO D. FEDERAL;02122057020GP0053;20GP;JULGAMENTO DE CAUSAS E GESTAO ADMINISTRATIVA NA JUSTICA ELEI;0001;JULGAMENTO DE CAUSAS E GESTAO ADMINISTRATIVA;084782;AREA PERMAN;FUNCMANUTGER-AREA - OUTROS PERMANENTES;0100;RECURSOS ORDINARIOS;1;ORCAMENTO FISCAL;4;DESPESAS DE CAPITAL;4;INVESTIMENTOS;52;EQUIPAMENTOS E MATERIAL PERMANENTE;449052;EQUIPAMENTOS E MATERIAL PERMANENTE;44905212;APARELHOS E UTENSILIOS DOMESTICOS;1;ORDINARIO;12;PREGAO;-8;21/11/2017;NOV/2017;2017;070025000012017NE000568;00057105420176078100;NAO SE APLICA;19127086000146;D A ARAGAO COMERCIO - ME;;;;;;;;;;;;;169.134,14;;;;;169.134,14;;
14107;TRIBUNAL REGIONAL ELEITORAL DO DIST. FEDERAL;070025;TRIBUNAL REGIONAL ELEITORAL DO D. FEDERAL;02122057020GP0053;20GP;JULGAMENTO DE CAUSAS E GESTAO ADMINISTRATIVA NA JUSTICA ELEI;0001;JULGAMENTO DE CAUSAS E GESTAO ADMINISTRATIVA;084782;AREA PERMAN;FUNCMANUTGER-AREA - OUTROS PERMANENTES;0100;RECURSOS ORDINARIOS;1;ORCAMENTO FISCAL;4;DESPESAS DE CAPITAL;4;INVESTIMENTOS;52;EQUIPAMENTOS E MATERIAL PERMANENTE;449052;EQUIPAMENTOS E MATERIAL PERMANENTE;44905218;COLECOES E MATERIAIS BIBLIOGRAFICOS;1;ORDINARIO;12;PREGAO;-8;27/07/2017;JUL/2017;2017;070025000012017NE000356;00003279520176078100;NAO SE APLICA;11311279000140;EUNICE MARIA GONCALVES DE OLIVEIRA - ME;;;;;;;;;;;;;574,59;;;;;574,59;;
14107;TRIBUNAL REGIONAL ELEITORAL DO DIST. FEDERAL;070025;TRIBUNAL REGIONAL ELEITORAL DO D. FEDERAL;02122057020GP0053;20GP;JULGAMENTO DE CAUSAS E GESTAO ADMINISTRATIVA NA JUSTICA ELEI;0001;JULGAMENTO DE CAUSAS E GESTAO ADMINISTRATIVA;084782;AREA PERMAN;FUNCMANUTGER-AREA - OUTROS PERMANENTES;0100;RECURSOS ORDINARIOS;1;ORCAMENTO FISCAL;4;DESPESAS DE CAPITAL;4;INVESTIMENTOS;52;EQUIPAMENTOS E MATERIAL PERMANENTE;449052;EQUIPAMENTOS E MATERIAL PERMANENTE;44905218;COLECOES E MATERIAIS BIBLIOGRAFICOS;1;ORDINARIO;12;PREGAO;-8;27/07/2017;JUL/2017;2017;070025000012017NE000356;00003279520176078100;RECOLHIMENTO EVENTUAL R$ 574,59  POR ATRASO DO OBJETO DA NF 5273. PA 0327-95.2017.6.07.8100;11311279000140;EUNICE MARIA GONCALVES DE OLIVEIRA - ME;;;;;;;;;;;;;;;;574,59;574,59;(574,59);574,59;574,59
14107;TRIBUNAL REGIONAL ELEITORAL DO DIST. FEDERAL;070025;TRIBUNAL REGIONAL ELEITORAL DO D. FEDERAL;02122057020GP0053;20GP;JULGAMENTO DE CAUSAS E GESTAO ADMINISTRATIVA NA JUSTICA ELEI;0001;JULGAMENTO DE CAUSAS E GESTAO ADMINISTRATIVA;084782;AREA PERMAN;FUNCMANUTGER-AREA - OUTROS PERMANENTES;0100;RECURSOS ORDINARIOS;1;ORCAMENTO FISCAL;4;DESPESAS DE CAPITAL;4;INVESTIMENTOS;52;EQUIPAMENTOS E MATERIAL PERMANENTE;449052;EQUIPAMENTOS E MATERIAL PERMANENTE;44905218;COLECOES E MATERIAIS BIBLIOGRAFICOS;3;ESTIMATIVO;12;PREGAO;-8;06/04/2018;ABR/2018;2018;070025000012018NE000199;00003279520176078100;2018NECT - FORNEC.DE LIVROS CONSIGNADOS NA ARP Nº 2/2017,PREGAO ELETRONICO SRPNº 13/2017. AUMENTO DE 25%. O TERMO DE REFERENCIA DA PRESENTE CONTRATACAO INTEGRA ESTA NE, INDEPENDENTEMENTE DE TRANSCRICAO. ANULACAO.;11311279000140;EUNICE MARIA GONCALVES DE OLIVEIRA - ME;;;;;;;;(2.777,48);;;;;;;;;;;;
14107;TRIBUNAL REGIONAL ELEITORAL DO DIST. FEDERAL;070025;TRIBUNAL REGIONAL ELEITORAL DO D. FEDERAL;02122057020GP0053;20GP;JULGAMENTO DE CAUSAS E GESTAO ADMINISTRATIVA NA JUSTICA ELEI;0001;JULGAMENTO DE CAUSAS E GESTAO ADMINISTRATIVA;084782;AREA PERMAN;FUNCMANUTGER-AREA - OUTROS PERMANENTES;0100;RECURSOS ORDINARIOS;1;ORCAMENTO FISCAL;4;DESPESAS DE CAPITAL;4;INVESTIMENTOS;52;EQUIPAMENTOS E MATERIAL PERMANENTE;449052;EQUIPAMENTOS E MATERIAL PERMANENTE;44905218;COLECOES E MATERIAIS BIBLIOGRAFICOS;3;ESTIMATIVO;12;PREGAO;-8;06/04/2018;ABR/2018;2018;070025000012018NE000199;00003279520176078100;2018NECT - FORNEC.DE LIVROS CONSIGNADOS NA ARP Nº 2/2017,PREGAO ELETRONICO SRPNº 13/2017. AUMENTO DE 25%. O TERMO DE REFERENCIA DA PRESENTE CONTRATACAO INTEGRA ESTA NE, INDEPENDENTEMENTE DE TRANSCRICAO. REFORCO.;11311279000140;EUNICE MARIA GONCALVES DE OLIVEIRA - ME;;;;;;;;2.777,48;;;;;;;;;;;;
14107;TRIBUNAL REGIONAL ELEITORAL DO DIST. FEDERAL;070025;TRIBUNAL REGIONAL ELEITORAL DO D. FEDERAL;02122057020GP0053;20GP;JULGAMENTO DE CAUSAS E GESTAO ADMINISTRATIVA NA JUSTICA ELEI;0001;JULGAMENTO DE CAUSAS E GESTAO ADMINISTRATIVA;084782;AREA PERMAN;FUNCMANUTGER-AREA - OUTROS PERMANENTES;0100;RECURSOS ORDINARIOS;1;ORCAMENTO FISCAL;4;DESPESAS DE CAPITAL;4;INVESTIMENTOS;52;EQUIPAMENTOS E MATERIAL PERMANENTE;449052;EQUIPAMENTOS E MATERIAL PERMANENTE;44905218;COLECOES E MATERIAIS BIBLIOGRAFICOS;3;ESTIMATIVO;12;PREGAO;-8;06/04/2018;ABR/2018;2018;070025000012018NE000199;00003279520176078100;2018NECT - FORNEC.DE LIVROS CONSIGNADOS NA ARP Nº 2/2017,PREGAO ELETRONICO SRPNº 13/2017. O TERMO DE REFERENCIA DA PRESENTE CONTRATACAO INTEGRA ESTA NE, IN-DEPENDENTEMENTE DE TRANSCRICAO.;11311279000140;EUNICE MARIA GONCALVES DE OLIVEIRA - ME;;;;;;;;1.094,06;;;;;;;;;;;;
14107;TRIBUNAL REGIONAL ELEITORAL DO DIST. FEDERAL;070025;TRIBUNAL REGIONAL ELEITORAL DO D. FEDERAL;02122057020GP0053;20GP;JULGAMENTO DE CAUSAS E GESTAO ADMINISTRATIVA NA JUSTICA ELEI;0001;JULGAMENTO DE CAUSAS E GESTAO ADMINISTRATIVA;084782;AREA PERMAN;FUNCMANUTGER-AREA - OUTROS PERMANENTES;0100;RECURSOS ORDINARIOS;1;ORCAMENTO FISCAL;4;DESPESAS DE CAPITAL;4;INVESTIMENTOS;52;EQUIPAMENTOS E MATERIAL PERMANENTE;449052;EQUIPAMENTOS E MATERIAL PERMANENTE;44905218;COLECOES E MATERIAIS BIBLIOGRAFICOS;3;ESTIMATIVO;12;PREGAO;-8;03/05/2018;MAI/2018;2018;070025000012018NE000231;00003279520176078100;2018NECT - FORNEC.DE LIVROS CONSIGNADOS NA ARP Nº 2/2017,PREGAO ELETRONICO SRPNº 13/2017. AUMENTO DE 25% NO VALOR DA NOTA DE EMPENHO Nº356/2017. O TR DA PRESENTE CONTRATACAO INTEGRA ESTA NE, INDEPENDENTEMENTE DE TRANSCRICAO.;11311279000140;EUNICE MARIA GONCALVES DE OLIVEIRA - ME;;;;;;;;2.777,48;;;;;;;;;;;;
14107;TRIBUNAL REGIONAL ELEITORAL DO DIST. FEDERAL;070025;TRIBUNAL REGIONAL ELEITORAL DO D. FEDERAL;02122057020GP0053;20GP;JULGAMENTO DE CAUSAS E GESTAO ADMINISTRATIVA NA JUSTICA ELEI;0001;JULGAMENTO DE CAUSAS E GESTAO ADMINISTRATIVA;084782;AREA PERMAN;FUNCMANUTGER-AREA - OUTROS PERMANENTES;0100;RECURSOS ORDINARIOS;1;ORCAMENTO FISCAL;4;DESPESAS DE CAPITAL;4;INVESTIMENTOS;52;EQUIPAMENTOS E MATERIAL PERMANENTE;449052;EQUIPAMENTOS E MATERIAL PERMANENTE;44905233;EQUIPAMENTOS PARA AUDIO, VIDEO E FOTO;1;ORDINARIO;06;DISPENSA DE LICITACAO;02;20/02/2018;FEV/2018;2018;070025000012018NE000114;00058534320176078100;2018NECT - AQUISICAO DE MICROFONES COM FIO COM BASE PARA MESA E SUPORTE FLEXI VEL - TIPO MICROFONE GOOSENECK CONDENSADOR. O TERMO DE REFERENCIA DA PRESENTE CONTRATACAO INTEGRA ESTA NOTA DE EMPENHO.;17225597000175;CONNECT BRASILIA COMERCIO E SERVICOS ESPECIALIZADOS EI;;;;;;;;2.995,00;;;;;;;;;;;;
14107;TRIBUNAL REGIONAL ELEITORAL DO DIST. FEDERAL;070025;TRIBUNAL REGIONAL ELEITORAL DO D. FEDERAL;02122057020GP0053;20GP;JULGAMENTO DE CAUSAS E GESTAO ADMINISTRATIVA NA JUSTICA ELEI;0001;JULGAMENTO DE CAUSAS E GESTAO ADMINISTRATIVA;084782;AREA PERMAN;FUNCMANUTGER-AREA - OUTROS PERMANENTES;0100;RECURSOS ORDINARIOS;1;ORCAMENTO FISCAL;4;DESPESAS DE CAPITAL;4;INVESTIMENTOS;52;EQUIPAMENTOS E MATERIAL PERMANENTE;449052;EQUIPAMENTOS E MATERIAL PERMANENTE;44905233;EQUIPAMENTOS PARA AUDIO, VIDEO E FOTO;1;ORDINARIO;06;DISPENSA DE LICITACAO;02;20/02/2018;FEV/2018;2018;070025000012018NE000114;00058534320176078100;PGTO NF 29. AQUISICAO DE MICROFONES DE MESA. RETENCAO IMP. FED. 5,85 (R$ 175,21). PA 5853-43.2017.;17225597000175;CONNECT BRASILIA COMERCIO E SERVICOS ESPECIALIZADOS EI;;;;;;;;0,00;2.995,00;2.995,00;;;;;;;;;2.995,00;2.995,00
14107;TRIBUNAL REGIONAL ELEITORAL DO DIST. FEDERAL;070025;TRIBUNAL REGIONAL ELEITORAL DO D. FEDERAL;02122057020GP0053;20GP;JULGAMENTO DE CAUSAS E GESTAO ADMINISTRATIVA NA JUSTICA ELEI;0001;JULGAMENTO DE CAUSAS E GESTAO ADMINISTRATIVA;084782;AREA PERMAN;FUNCMANUTGER-AREA - OUTROS PERMANENTES;0100;RECURSOS ORDINARIOS;1;ORCAMENTO FISCAL;4;DESPESAS DE CAPITAL;4;INVESTIMENTOS;52;EQUIPAMENTOS E MATERIAL PERMANENTE;449052;EQUIPAMENTOS E MATERIAL PERMANENTE;44905233;EQUIPAMENTOS PARA AUDIO, VIDEO E FOTO;1;ORDINARIO;06;DISPENSA DE LICITACAO;02;20/02/2018;FEV/2018;2018;070025000012018NE000115;00058534320176078100;2018NECT - AQUISICAO DE MICROFONE ESTILO LAPELA, SEM FIO COM TRANSMISSOR.     O TERMO DE REFERENCIA DA PRESENTE CONTRATACAO INTEGRA ESTA NOTA DE EMPENHO.;37999729000123;COPPITEL ELETRONICA EIRELI - EPP;;;;;;;;376,00;;;;;;;;;;;;
14107;TRIBUNAL REGIONAL ELEITORAL DO DIST. FEDERAL;070025;TRIBUNAL REGIONAL ELEITORAL DO D. FEDERAL;02122057020GP0053;20GP;JULGAMENTO DE CAUSAS E GESTAO ADMINISTRATIVA NA JUSTICA ELEI;0001;JULGAMENTO DE CAUSAS E GESTAO ADMINISTRATIVA;084782;AREA PERMAN;FUNCMANUTGER-AREA - OUTROS PERMANENTES;0100;RECURSOS ORDINARIOS;1;ORCAMENTO FISCAL;4;DESPESAS DE CAPITAL;4;INVESTIMENTOS;52;EQUIPAMENTOS E MATERIAL PERMANENTE;449052;EQUIPAMENTOS E MATERIAL PERMANENTE;44905233;EQUIPAMENTOS PARA AUDIO, VIDEO E FOTO;1;ORDINARIO;06;DISPENSA DE LICITACAO;02;20/02/2018;FEV/2018;2018;070025000012018NE000115;00058534320176078100;PGTO NF 5778. MICROFONES HEADSET/LAPELA. OPTANTE PELO SIMPLES. PA 5853-43.2017;37999729000123;COPPITEL ELETRONICA EIRELI - EPP;;;;;;;;0,00;376,00;376,00;;;;;;;;;376,00;376,00
14107;TRIBUNAL REGIONAL ELEITORAL DO DIST. FEDERAL;070025;TRIBUNAL REGIONAL ELEITORAL DO D. FEDERAL;02122057020GP0053;20GP;JULGAMENTO DE CAUSAS E GESTAO ADMINISTRATIVA NA JUSTICA ELEI;0001;JULGAMENTO DE CAUSAS E GESTAO ADMINISTRATIVA;084782;AREA PERMAN;FUNCMANUTGER-AREA - OUTROS PERMANENTES;0100;RECURSOS ORDINARIOS;1;ORCAMENTO FISCAL;4;DESPESAS DE CAPITAL;4;INVESTIMENTOS;52;EQUIPAMENTOS E MATERIAL PERMANENTE;449052;EQUIPAMENTOS E MATERIAL PERMANENTE;44905251;PECAS NAO INCORPORAVEIS A IMOVEIS;1;ORDINARIO;12;PREGAO;-8;03/04/2018;ABR/2018;2018;070025000012018NE000197;00051346120176078100;2018NECT - FORNECIMENTO DE TAPETES AO TRE/DF.CONF.PREGAO ELETRONICO Nº04/2018.O TERMO DE REFERENCIA DA PRESENTE CONTRATACAO INTEGRA ESTA NOTA DE EMPENHO, INDEPENDENTEMENTE DE TRANSCRICAO.;21347527000167;MINAS BRASILIA REVESTIMENTOS E DECORACOES LTDA - EPP;;;;;;;;32.604,00;;;;;;;;;;;;
14107;TRIBUNAL REGIONAL ELEITORAL DO DIST. FEDERAL;070025;TRIBUNAL REGIONAL ELEITORAL DO D. FEDERAL;02122057020GP0053;20GP;JULGAMENTO DE CAUSAS E GESTAO ADMINISTRATIVA NA JUSTICA ELEI;0001;JULGAMENTO DE CAUSAS E GESTAO ADMINISTRATIVA;084782;EDF ADEQCAR;ADEQUACAO CARTORIOS E POSTOS - ACESSIBILIDADE;0100;RECURSOS ORDINARIOS;1;ORCAMENTO FISCAL;3;DESPESAS CORRENTES;3;OUTRAS DESPESAS CORRENTES;39;OUTROS SERVICOS DE TERCEIROS PJ - OP.INT.ORC.;339039;OUTROS SERVICOS DE TERCEIROS - PESSOA JURIDICA;339039-9;NAO SE APLICA;-9;NAO SE APLICA;-9;NAO SE APLICA;-9;NAO SE APLICA;NAO SE APLICA;-9;-9;-9;ALTERACAO PARA EMISSAO DE PE. SERVICOS DE ENGENHARIA - ACESSIBILIDADE.        PAE 0000917-72.2017.6.07.8100 - TERMO ADITIVO Nº 2 AO CONTRATO Nº 25/2017.;-9;NAO SE APLICA;33.676,04;33.676,04;;;33.676,04;;;;;;;;;;;;;;;
14107;TRIBUNAL REGIONAL ELEITORAL DO DIST. FEDERAL;070025;TRIBUNAL REGIONAL ELEITORAL DO D. FEDERAL;02122057020GP0053;20GP;JULGAMENTO DE CAUSAS E GESTAO ADMINISTRATIVA NA JUSTICA ELEI;0001;JULGAMENTO DE CAUSAS E GESTAO ADMINISTRATIVA;084782;EDF ADEQCAR;ADEQUACAO CARTORIOS E POSTOS - ACESSIBILIDADE;0100;RECURSOS ORDINARIOS;1;ORCAMENTO FISCAL;3;DESPESAS CORRENTES;3;OUTRAS DESPESAS CORRENTES;39;OUTROS SERVICOS DE TERCEIROS PJ - OP.INT.ORC.;339039;OUTROS SERVICOS DE TERCEIROS - PESSOA JURIDICA;339039-9;NAO SE APLICA;-9;NAO SE APLICA;-9;NAO SE APLICA;-9;NAO SE APLICA;NAO SE APLICA;-9;-9;-9;ANULACAO DE PE PARA EMISSAO DE NE - EXECUCAO DE SERVICOS DE ENGENHARIA PARA  AADAPTACAO DE EDIFICACOES DO TREDF AOS REQUISITOS CONSTRUTIVOS E FUNCIONAIS DASNORMAS DE ACESSIBILIDADE VIGENTES. (PA 0000917-72.2017.6.07.8100);-9;NAO SE APLICA;;;;;33.676,04;(33.676,04);(33.676,04);;;;;;;;;;;;;
14107;TRIBUNAL REGIONAL ELEITORAL DO DIST. FEDERAL;070025;TRIBUNAL REGIONAL ELEITORAL DO D. FEDERAL;02122057020GP0053;20GP;JULGAMENTO DE CAUSAS E GESTAO ADMINISTRATIVA NA JUSTICA ELEI;0001;JULGAMENTO DE CAUSAS E GESTAO ADMINISTRATIVA;084782;EDF ADEQCAR;ADEQUACAO CARTORIOS E POSTOS - ACESSIBILIDADE;0100;RECURSOS ORDINARIOS;1;ORCAMENTO FISCAL;3;DESPESAS CORRENTES;3;OUTRAS DESPESAS CORRENTES;39;OUTROS SERVICOS DE TERCEIROS PJ - OP.INT.ORC.;339039;OUTROS SERVICOS DE TERCEIROS - PESSOA JURIDICA;339039-9;NAO SE APLICA;-9;NAO SE APLICA;-9;NAO SE APLICA;-9;NAO SE APLICA;NAO SE APLICA;-9;-9;-9;DEVOLUCAO PARA A FONTE 0100.;-9;NAO SE APLICA;(33.676,04);(33.676,04);;;(33.676,04);;;;;;;;;;;;;;;
14107;TRIBUNAL REGIONAL ELEITORAL DO DIST. FEDERAL;070025;TRIBUNAL REGIONAL ELEITORAL DO D. FEDERAL;02122057020GP0053;20GP;JULGAMENTO DE CAUSAS E GESTAO ADMINISTRATIVA NA JUSTICA ELEI;0001;JULGAMENTO DE CAUSAS E GESTAO ADMINISTRATIVA;084782;EDF ADEQCAR;ADEQUACAO CARTORIOS E POSTOS - ACESSIBILIDADE;0100;RECURSOS ORDINARIOS;1;ORCAMENTO FISCAL;3;DESPESAS CORRENTES;3;OUTRAS DESPESAS CORRENTES;39;OUTROS SERVICOS DE TERCEIROS PJ - OP.INT.ORC.;339039;OUTROS SERVICOS DE TERCEIROS - PESSOA JURIDICA;339039-9;NAO SE APLICA;-9;NAO SE APLICA;-9;NAO SE APLICA;-9;NAO SE APLICA;NAO SE APLICA;-9;-9;-9;RESERVA PARA FAZER FACE AO TERMO ADITIVO Nº 2 AO CONTRATO Nº 25/2017.         PAE 0000917-72.2017.6.07.8100 - SERVICOS DE ENGENHARIA / ACESSIBILIDADE.;-9;NAO SE APLICA;;;;;(33.676,04);33.676,04;33.676,04;;;;;;;;;;;;;
14107;TRIBUNAL REGIONAL ELEITORAL DO DIST. FEDERAL;070025;TRIBUNAL REGIONAL ELEITORAL DO D. FEDERAL;02122057020GP0053;20GP;JULGAMENTO DE CAUSAS E GESTAO ADMINISTRATIVA NA JUSTICA ELEI;0001;JULGAMENTO DE CAUSAS E GESTAO ADMINISTRATIVA;084782;EDF ADEQCAR;ADEQUACAO CARTORIOS E POSTOS - ACESSIBILIDADE;0100;RECURSOS ORDINARIOS;1;ORCAMENTO FISCAL;3;DESPESAS CORRENTES;3;OUTRAS DESPESAS CORRENTES;39;OUTROS SERVICOS DE TERCEIROS PJ - OP.INT.ORC.;339039;OUTROS SERVICOS DE TERCEIROS - PESSOA JURIDICA;33903916;MANUTENCAO E CONSERV. DE BENS IMOVEIS;5;GLOBAL;12;PREGAO;-8;10/07/2017;JUL/2017;2017;070025000012017NE000326;00009177220176078100;09 - CANCELAMENTO DA 2018OB800680 - POR PRAZO;07280176000193;TASK ENGENHARIA E INFRAESTRUTURA LTDA - ME;;;;;;;;;;;;;;;;0,00;(35.720,46);35.720,46;0,00;(35.720,46)
14107;TRIBUNAL REGIONAL ELEITORAL DO DIST. FEDERAL;070025;TRIBUNAL REGIONAL ELEITORAL DO D. FEDERAL;02122057020GP0053;20GP;JULGAMENTO DE CAUSAS E GESTAO ADMINISTRATIVA NA JUSTICA ELEI;0001;JULGAMENTO DE CAUSAS E GESTAO ADMINISTRATIVA;084782;EDF ADEQCAR;ADEQUACAO CARTORIOS E POSTOS - ACESSIBILIDADE;0100;RECURSOS ORDINARIOS;1;ORCAMENTO FISCAL;3;DESPESAS CORRENTES;3;OUTRAS DESPESAS CORRENTES;39;OUTROS SERVICOS DE TERCEIROS PJ - OP.INT.ORC.;339039;OUTROS SERVICOS DE TERCEIROS - PESSOA JURIDICA;33903916;MANUTENCAO E CONSERV. DE BENS IMOVEIS;5;GLOBAL;12;PREGAO;-8;10/07/2017;JUL/2017;2017;070025000012017NE000326;00009177220176078100;NAO SE APLICA;07280176000193;TASK ENGENHARIA E INFRAESTRUTURA LTDA - ME;;;;;;;;;;;;;92.767,03;;;;;92.767,03;;
14107;TRIBUNAL REGIONAL ELEITORAL DO DIST. FEDERAL;070025;TRIBUNAL REGIONAL ELEITORAL DO D. FEDERAL;02122057020GP0053;20GP;JULGAMENTO DE CAUSAS E GESTAO ADMINISTRATIVA NA JUSTICA ELEI;0001;JULGAMENTO DE CAUSAS E GESTAO ADMINISTRATIVA;084782;EDF ADEQCAR;ADEQUACAO CARTORIOS E POSTOS - ACESSIBILIDADE;0100;RECURSOS ORDINARIOS;1;ORCAMENTO FISCAL;3;DESPESAS CORRENTES;3;OUTRAS DESPESAS CORRENTES;39;OUTROS SERVICOS DE TERCEIROS PJ - OP.INT.ORC.;339039;OUTROS SERVICOS DE TERCEIROS - PESSOA JURIDICA;33903916;MANUTENCAO E CONSERV. DE BENS IMOVEIS;5;GLOBAL;12;PREGAO;-8;10/07/2017;JUL/2017;2017;070025000012017NE000326;00009177220176078100;PAGTO NFS 632, 633 E 634. EXECUCAO OBRAS ACESSABILIDADE CARTORIOS, 3A (ADITIVO) E 6A MEDICAO. RETENCAO 5,85 IMP FED (R$ 3.337,22), 1,00 ISS (R$ 570,47) E 11,00 INSS (R$ 1.882,54). PA 3818-13.2017;07280176000193;TASK ENGENHARIA E INFRAESTRUTURA LTDA - ME;;;;;;;;;;;;;;;;57.046,57;57.046,57;(57.046,57);57.046,57;57.046,57
14107;TRIBUNAL REGIONAL ELEITORAL DO DIST. FEDERAL;070025;TRIBUNAL REGIONAL ELEITORAL DO D. FEDERAL;02122057020GP0053;20GP;JULGAMENTO DE CAUSAS E GESTAO ADMINISTRATIVA NA JUSTICA ELEI;0001;JULGAMENTO DE CAUSAS E GESTAO ADMINISTRATIVA;084782;EDF ADEQCAR;ADEQUACAO CARTORIOS E POSTOS - ACESSIBILIDADE;0100;RECURSOS ORDINARIOS;1;ORCAMENTO FISCAL;3;DESPESAS CORRENTES;3;OUTRAS DESPESAS CORRENTES;39;OUTROS SERVICOS DE TERCEIROS PJ - OP.INT.ORC.;339039;OUTROS SERVICOS DE TERCEIROS - PESSOA JURIDICA;33903916;MANUTENCAO E CONSERV. DE BENS IMOVEIS;5;GLOBAL;12;PREGAO;-8;10/07/2017;JUL/2017;2017;070025000012017NE000326;00009177220176078100;PAGTO NFS 654, 655 E 656. EXECUCAO OBRAS ACESSABILIDADE CARTORIOS, 4A (1O ADITIVO), 1A (2O ADITIVO) E 7A MEDICOES. RETENCAO 5,85 IMP FED (R$ 2.999,28), 1,00 ISS (R$ 512,70) E 11,00 INSS (R$ 1.691,90). PA 3818-13.2017;07280176000193;TASK ENGENHARIA E INFRAESTRUTURA LTDA - ME;;;;;;;;;;;;;;;;35.720,46;71.440,92;(71.440,92);35.720,46;71.440,92
14107;TRIBUNAL REGIONAL ELEITORAL DO DIST. FEDERAL;070025;TRIBUNAL REGIONAL ELEITORAL DO D. FEDERAL;02122057020GP0053;20GP;JULGAMENTO DE CAUSAS E GESTAO ADMINISTRATIVA NA JUSTICA ELEI;0001;JULGAMENTO DE CAUSAS E GESTAO ADMINISTRATIVA;084782;EDF ADEQCAR;ADEQUACAO CARTORIOS E POSTOS - ACESSIBILIDADE;0127;CUSTAS E EMOLUMENTOS - PODER JUDICIARIO;1;ORCAMENTO FISCAL;3;DESPESAS CORRENTES;3;OUTRAS DESPESAS CORRENTES;39;OUTROS SERVICOS DE TERCEIROS PJ - OP.INT.ORC.;339039;OUTROS SERVICOS DE TERCEIROS - PESSOA JURIDICA;339039-9;NAO SE APLICA;-9;NAO SE APLICA;-9;NAO SE APLICA;-9;NAO SE APLICA;NAO SE APLICA;-9;-9;-9;17CT0025 - EXECUCAO DE SERVICOS DE ENGENHARIA PARA A ADAPTACAO DE EDIFICACOES DO TRE-DF AOS REQUISITOS CONSTRUTIVOS E FUNCIONAIS DAS NORMAS DE ACESSIBILIDA DE VIGENTES, DE ACORDO COM O CONTRATO Nº 25/2017. TERMO ADITIVO 2.;-9;NAO SE APLICA;;;;;(33.676,04);;;;;;;;;;;;;;;
14107;TRIBUNAL REGIONAL ELEITORAL DO DIST. FEDERAL;070025;TRIBUNAL REGIONAL ELEITORAL DO D. FEDERAL;02122057020GP0053;20GP;JULGAMENTO DE CAUSAS E GESTAO ADMINISTRATIVA NA JUSTICA ELEI;0001;JULGAMENTO DE CAUSAS E GESTAO ADMINISTRATIVA;084782;EDF ADEQCAR;ADEQUACAO CARTORIOS E POSTOS - ACESSIBILIDADE;0127;CUSTAS E EMOLUMENTOS - PODER JUDICIARIO;1;ORCAMENTO FISCAL;3;DESPESAS CORRENTES;3;OUTRAS DESPESAS CORRENTES;39;OUTROS SERVICOS DE TERCEIROS PJ - OP.INT.ORC.;339039;OUTROS SERVICOS DE TERCEIROS - PESSOA JURIDICA;339039-9;NAO SE APLICA;-9;NAO SE APLICA;-9;NAO SE APLICA;-9;NAO SE APLICA;NAO SE APLICA;-9;-9;-9;ALTERACAO PARA EMISSAO DE NE -EXECUCAO DE SERVICOS DE ENGENHARIA PARA A ADAPTACAO DE EDIFIC. DO TREDF AOS REQUISITOS CONSTRUTIVOS E FUNCIONAIS DAS NORMAS DEACESSIBILIDADE VIGENTES. (PA 0000917-72.2017.6.07.8100);-9;NAO SE APLICA;33.676,04;33.676,04;;;33.676,04;;;;;;;;;;;;;;;
14107;TRIBUNAL REGIONAL ELEITORAL DO DIST. FEDERAL;070025;TRIBUNAL REGIONAL ELEITORAL DO D. FEDERAL;02122057020GP0053;20GP;JULGAMENTO DE CAUSAS E GESTAO ADMINISTRATIVA NA JUSTICA ELEI;0001;JULGAMENTO DE CAUSAS E GESTAO ADMINISTRATIVA;084782;EDF ADEQCAR;ADEQUACAO CARTORIOS E POSTOS - ACESSIBILIDADE;0127;CUSTAS E EMOLUMENTOS - PODER JUDICIARIO;1;ORCAMENTO FISCAL;3;DESPESAS CORRENTES;3;OUTRAS DESPESAS CORRENTES;39;OUTROS SERVICOS DE TERCEIROS PJ - OP.INT.ORC.;339039;OUTROS SERVICOS DE TERCEIROS - PESSOA JURIDICA;33903916;MANUTENCAO E CONSERV. DE BENS IMOVEIS;5;GLOBAL;12;PREGAO;-8;23/03/2018;MAR/2018;2018;070025000012018NE000189;00009177220176078100;09 - CANCELAMENTO DA 2018OB800680 - POR PRAZO;07280176000193;TASK ENGENHARIA E INFRAESTRUTURA LTDA - ME;;;;;;;;0,00;0,00;(10.345,47);;;;;;;;;0,00;(10.345,47)
14107;TRIBUNAL REGIONAL ELEITORAL DO DIST. FEDERAL;070025;TRIBUNAL REGIONAL ELEITORAL DO D. FEDERAL;02122057020GP0053;20GP;JULGAMENTO DE CAUSAS E GESTAO ADMINISTRATIVA NA JUSTICA ELEI;0001;JULGAMENTO DE CAUSAS E GESTAO ADMINISTRATIVA;084782;EDF ADEQCAR;ADEQUACAO CARTORIOS E POSTOS - ACESSIBILIDADE;0127;CUSTAS E EMOLUMENTOS - PODER JUDICIARIO;1;ORCAMENTO FISCAL;3;DESPESAS CORRENTES;3;OUTRAS DESPESAS CORRENTES;39;OUTROS SERVICOS DE TERCEIROS PJ - OP.INT.ORC.;339039;OUTROS SERVICOS DE TERCEIROS - PESSOA JURIDICA;33903916;MANUTENCAO E CONSERV. DE BENS IMOVEIS;5;GLOBAL;12;PREGAO;-8;23/03/2018;MAR/2018;2018;070025000012018NE000189;00009177220176078100;17CT0025 - EXECUCAO DE SERVICOS DE ENGENHARIA PARA A ADAPTACAO DE EDIFICACOES DO TRE-DF AOS REQUISITOS CONSTRUTIVOS E FUNCIONAIS DAS NORMAS DE ACESSIBILIDA DE VIGENTES, DE ACORDO COM O CONTRATO Nº 25/2017. TERMO ADITIVO 2.;07280176000193;TASK ENGENHARIA E INFRAESTRUTURA LTDA - ME;;;;;;;;33.676,04;;;;;;;;;;;;
14107;TRIBUNAL REGIONAL ELEITORAL DO DIST. FEDERAL;070025;TRIBUNAL REGIONAL ELEITORAL DO D. FEDERAL;02122057020GP0053;20GP;JULGAMENTO DE CAUSAS E GESTAO ADMINISTRATIVA NA JUSTICA ELEI;0001;JULGAMENTO DE CAUSAS E GESTAO ADMINISTRATIVA;084782;EDF ADEQCAR;ADEQUACAO CARTORIOS E POSTOS - ACESSIBILIDADE;0127;CUSTAS E EMOLUMENTOS - PODER JUDICIARIO;1;ORCAMENTO FISCAL;3;DESPESAS CORRENTES;3;OUTRAS DESPESAS CORRENTES;39;OUTROS SERVICOS DE TERCEIROS PJ - OP.INT.ORC.;339039;OUTROS SERVICOS DE TERCEIROS - PESSOA JURIDICA;33903916;MANUTENCAO E CONSERV. DE BENS IMOVEIS;5;GLOBAL;12;PREGAO;-8;23/03/2018;MAR/2018;2018;070025000012018NE000189;00009177220176078100;PAGTO NFS 654, 655 E 656. EXECUCAO OBRAS ACESSABILIDADE CARTORIOS, 4A (1O ADITIVO), 1A (2O ADITIVO) E 7A MEDICOES. RETENCAO 5,85 IMP FED (R$ 2.999,28), 1,00 ISS (R$ 512,70) E 11,00 INSS (R$ 1.691,90). PA 3818-13.2017;07280176000193;TASK ENGENHARIA E INFRAESTRUTURA LTDA - ME;;;;;;;;0,00;15.549,35;25.894,82;;;;;;;;;15.549,35;25.894,82
14107;TRIBUNAL REGIONAL ELEITORAL DO DIST. FEDERAL;070025;TRIBUNAL REGIONAL ELEITORAL DO D. FEDERAL;02122057020GP0053;20GP;JULGAMENTO DE CAUSAS E GESTAO ADMINISTRATIVA NA JUSTICA ELEI;0001;JULGAMENTO DE CAUSAS E GESTAO ADMINISTRATIVA;084782;EDF RCARLAG;REFORMA CARTORIO ELET. LAGO SUL DF;0100;RECURSOS ORDINARIOS;1;ORCAMENTO FISCAL;3;DESPESAS CORRENTES;3;OUTRAS DESPESAS CORRENTES;39;OUTROS SERVICOS DE TERCEIROS PJ - OP.INT.ORC.;339039;OUTROS SERVICOS DE TERCEIROS - PESSOA JURIDICA;339039-9;NAO SE APLICA;-9;NAO SE APLICA;-9;NAO SE APLICA;-9;NAO SE APLICA;NAO SE APLICA;-9;-9;-9;ALTERACAO DE FONTE (PA 0002171-80.2017.6.07.8100);-9;NAO SE APLICA;(66.774,49);(66.774,49);;;(66.774,49);;;;;;;;;;;;;;;
14107;TRIBUNAL REGIONAL ELEITORAL DO DIST. FEDERAL;070025;TRIBUNAL REGIONAL ELEITORAL DO D. FEDERAL;02122057020GP0053;20GP;JULGAMENTO DE CAUSAS E GESTAO ADMINISTRATIVA NA JUSTICA ELEI;0001;JULGAMENTO DE CAUSAS E GESTAO ADMINISTRATIVA;084782;EDF RCARLAG;REFORMA CARTORIO ELET. LAGO SUL DF;0100;RECURSOS ORDINARIOS;1;ORCAMENTO FISCAL;3;DESPESAS CORRENTES;3;OUTRAS DESPESAS CORRENTES;39;OUTROS SERVICOS DE TERCEIROS PJ - OP.INT.ORC.;339039;OUTROS SERVICOS DE TERCEIROS - PESSOA JURIDICA;339039-9;NAO SE APLICA;-9;NAO SE APLICA;-9;NAO SE APLICA;-9;NAO SE APLICA;NAO SE APLICA;-9;-9;-9;ALTERACAO PARA EMISSAO DE PE -REFORMA GERAL E ADAPTACAO AOS REQUISITOS CONSTRUTIVOS E FUNCIONAIS DAS NORMAS DE ACESSIBILIDADE VIGENTES DO CARTORIO ELEITORALDO LAGO SUL. (PA 0002171-80.2017.6.07.8100);-9;NAO SE APLICA;66.774,49;66.774,49;;;66.774,49;;;;;;;;;;;;;;;
14107;TRIBUNAL REGIONAL ELEITORAL DO DIST. FEDERAL;070025;TRIBUNAL REGIONAL ELEITORAL DO D. FEDERAL;02122057020GP0053;20GP;JULGAMENTO DE CAUSAS E GESTAO ADMINISTRATIVA NA JUSTICA ELEI;0001;JULGAMENTO DE CAUSAS E GESTAO ADMINISTRATIVA;084782;EDF RCARLAG;REFORMA CARTORIO ELET. LAGO SUL DF;0100;RECURSOS ORDINARIOS;1;ORCAMENTO FISCAL;3;DESPESAS CORRENTES;3;OUTRAS DESPESAS CORRENTES;39;OUTROS SERVICOS DE TERCEIROS PJ - OP.INT.ORC.;339039;OUTROS SERVICOS DE TERCEIROS - PESSOA JURIDICA;339039-9;NAO SE APLICA;-9;NAO SE APLICA;-9;NAO SE APLICA;-9;NAO SE APLICA;NAO SE APLICA;-9;-9;-9;ANULACAO DE PE 58 PARA EMISSAO DE NE (PA 0002171-80.2017.6.07.8100);-9;NAO SE APLICA;;;;;66.774,49;(66.774,49);(66.774,49);;;;;;;;;;;;;
14107;TRIBUNAL REGIONAL ELEITORAL DO DIST. FEDERAL;070025;TRIBUNAL REGIONAL ELEITORAL DO D. FEDERAL;02122057020GP0053;20GP;JULGAMENTO DE CAUSAS E GESTAO ADMINISTRATIVA NA JUSTICA ELEI;0001;JULGAMENTO DE CAUSAS E GESTAO ADMINISTRATIVA;084782;EDF RCARLAG;REFORMA CARTORIO ELET. LAGO SUL DF;0100;RECURSOS ORDINARIOS;1;ORCAMENTO FISCAL;3;DESPESAS CORRENTES;3;OUTRAS DESPESAS CORRENTES;39;OUTROS SERVICOS DE TERCEIROS PJ - OP.INT.ORC.;339039;OUTROS SERVICOS DE TERCEIROS - PESSOA JURIDICA;339039-9;NAO SE APLICA;-9;NAO SE APLICA;-9;NAO SE APLICA;-9;NAO SE APLICA;NAO SE APLICA;-9;-9;-9;CONTRATO Nº 26/2017 PARA EXECUCAO DE REFORMA GERAL E ADAPTACAO AOS REQUISITOS CONSTRUTIVOS E FUNCIONAIS DAS NORMAS DE ACESSIBILIDADE VIGENTES  DO  CARTORIO ELEITORAL DO LAGO SUL. (PA 0002171-80.2017.6.07.8100);-9;NAO SE APLICA;;;;;(66.774,49);66.774,49;66.774,49;;;;;;;;;;;;;
14107;TRIBUNAL REGIONAL ELEITORAL DO DIST. FEDERAL;070025;TRIBUNAL REGIONAL ELEITORAL DO D. FEDERAL;02122057020GP0053;20GP;JULGAMENTO DE CAUSAS E GESTAO ADMINISTRATIVA NA JUSTICA ELEI;0001;JULGAMENTO DE CAUSAS E GESTAO ADMINISTRATIVA;084782;EDF RCARLAG;REFORMA CARTORIO ELET. LAGO SUL DF;0100;RECURSOS ORDINARIOS;1;ORCAMENTO FISCAL;3;DESPESAS CORRENTES;3;OUTRAS DESPESAS CORRENTES;39;OUTROS SERVICOS DE TERCEIROS PJ - OP.INT.ORC.;339039;OUTROS SERVICOS DE TERCEIROS - PESSOA JURIDICA;33903916;MANUTENCAO E CONSERV. DE BENS IMOVEIS;5;GLOBAL;12;PREGAO;-8;14/12/2017;DEZ/2017;2017;070025000012017NE000674;00021718020176078100;NAO SE APLICA;04768702000170;ENGEMIL - ENGENHARIA, EMPREENDIMENTOS,MANUTENCAO E INST;;;;;;;;;;;;;68.824,26;;;;;68.824,26;;
14107;TRIBUNAL REGIONAL ELEITORAL DO DIST. FEDERAL;070025;TRIBUNAL REGIONAL ELEITORAL DO D. FEDERAL;02122057020GP0053;20GP;JULGAMENTO DE CAUSAS E GESTAO ADMINISTRATIVA NA JUSTICA ELEI;0001;JULGAMENTO DE CAUSAS E GESTAO ADMINISTRATIVA;084782;EDF RCARLAG;REFORMA CARTORIO ELET. LAGO SUL DF;0100;RECURSOS ORDINARIOS;1;ORCAMENTO FISCAL;3;DESPESAS CORRENTES;3;OUTRAS DESPESAS CORRENTES;39;OUTROS SERVICOS DE TERCEIROS PJ - OP.INT.ORC.;339039;OUTROS SERVICOS DE TERCEIROS - PESSOA JURIDICA;33903916;MANUTENCAO E CONSERV. DE BENS IMOVEIS;5;GLOBAL;12;PREGAO;-8;14/12/2017;DEZ/2017;2017;070025000012017NE000674;00021718020176078100;PGTO NFS 2809 E 2810. REFORMA DE CARTORIO 2A MEDICAO DO 1O TERMO ADITIVO E 1A MEDICAO DO 2O TERMO ADITIVO. RETENCAO IMP. FED. 5,85 (R$ 6.897,52) ISS 2,00 (R$ 1.195,45), INSS 3,5 (R$ 2092,03). PA 4865-22.2017.;04768702000170;ENGEMIL - ENGENHARIA, EMPREENDIMENTOS,MANUTENCAO E INST;;;;;;;;;;;;;;;;46.698,06;46.698,06;(46.698,06);46.698,06;46.698,06
14107;TRIBUNAL REGIONAL ELEITORAL DO DIST. FEDERAL;070025;TRIBUNAL REGIONAL ELEITORAL DO D. FEDERAL;02122057020GP0053;20GP;JULGAMENTO DE CAUSAS E GESTAO ADMINISTRATIVA NA JUSTICA ELEI;0001;JULGAMENTO DE CAUSAS E GESTAO ADMINISTRATIVA;084782;EDF RCARLAG;REFORMA CARTORIO ELET. LAGO SUL DF;0127;CUSTAS E EMOLUMENTOS - PODER JUDICIARIO;1;ORCAMENTO FISCAL;3;DESPESAS CORRENTES;3;OUTRAS DESPESAS CORRENTES;39;OUTROS SERVICOS DE TERCEIROS PJ - OP.INT.ORC.;339039;OUTROS SERVICOS DE TERCEIROS - PESSOA JURIDICA;339039-9;NAO SE APLICA;-9;NAO SE APLICA;-9;NAO SE APLICA;-9;NAO SE APLICA;NAO SE APLICA;-9;-9;-9;17CT0026 - EXECUCAO DE REFORMA GERAL E ADAPTACAO AOS REQUISITOS CONSTRUTIVOS EFUNCIONAIS DAS NORMAS DE ACESSIBILIDADE VIGENTES DO CARTORIO ELEITORAL DO LAGOSUL, CONFORME CONTRATO 26/2017. TERMO ADITIVO Nº 02.;-9;NAO SE APLICA;;;;;(66.774,49);;;;;;;;;;;;;;;
14107;TRIBUNAL REGIONAL ELEITORAL DO DIST. FEDERAL;070025;TRIBUNAL REGIONAL ELEITORAL DO D. FEDERAL;02122057020GP0053;20GP;JULGAMENTO DE CAUSAS E GESTAO ADMINISTRATIVA NA JUSTICA ELEI;0001;JULGAMENTO DE CAUSAS E GESTAO ADMINISTRATIVA;084782;EDF RCARLAG;REFORMA CARTORIO ELET. LAGO SUL DF;0127;CUSTAS E EMOLUMENTOS - PODER JUDICIARIO;1;ORCAMENTO FISCAL;3;DESPESAS CORRENTES;3;OUTRAS DESPESAS CORRENTES;39;OUTROS SERVICOS DE TERCEIROS PJ - OP.INT.ORC.;339039;OUTROS SERVICOS DE TERCEIROS - PESSOA JURIDICA;339039-9;NAO SE APLICA;-9;NAO SE APLICA;-9;NAO SE APLICA;-9;NAO SE APLICA;NAO SE APLICA;-9;-9;-9;ALTERACAO DE FONTE (PA 0002171-80.2017.6.07.8100);-9;NAO SE APLICA;66.774,49;66.774,49;;;66.774,49;;;;;;;;;;;;;;;
14107;TRIBUNAL REGIONAL ELEITORAL DO DIST. FEDERAL;070025;TRIBUNAL REGIONAL ELEITORAL DO D. FEDERAL;02122057020GP0053;20GP;JULGAMENTO DE CAUSAS E GESTAO ADMINISTRATIVA NA JUSTICA ELEI;0001;JULGAMENTO DE CAUSAS E GESTAO ADMINISTRATIVA;084782;EDF RCARLAG;REFORMA CARTORIO ELET. LAGO SUL DF;0127;CUSTAS E EMOLUMENTOS - PODER JUDICIARIO;1;ORCAMENTO FISCAL;3;DESPESAS CORRENTES;3;OUTRAS DESPESAS CORRENTES;39;OUTROS SERVICOS DE TERCEIROS PJ - OP.INT.ORC.;339039;OUTROS SERVICOS DE TERCEIROS - PESSOA JURIDICA;33903916;MANUTENCAO E CONSERV. DE BENS IMOVEIS;5;GLOBAL;12;PREGAO;-8;24/07/2017;JUL/2017;2017;070025000012017NE000351;00021718020176078100;NAO SE APLICA;04768702000170;ENGEMIL - ENGENHARIA, EMPREENDIMENTOS,MANUTENCAO E INST;;;;;;;;;;;;;75.915,53;;;;;75.915,53;;
14107;TRIBUNAL REGIONAL ELEITORAL DO DIST. FEDERAL;070025;TRIBUNAL REGIONAL ELEITORAL DO D. FEDERAL;02122057020GP0053;20GP;JULGAMENTO DE CAUSAS E GESTAO ADMINISTRATIVA NA JUSTICA ELEI;0001;JULGAMENTO DE CAUSAS E GESTAO ADMINISTRATIVA;084782;EDF RCARLAG;REFORMA CARTORIO ELET. LAGO SUL DF;0127;CUSTAS E EMOLUMENTOS - PODER JUDICIARIO;1;ORCAMENTO FISCAL;3;DESPESAS CORRENTES;3;OUTRAS DESPESAS CORRENTES;39;OUTROS SERVICOS DE TERCEIROS PJ - OP.INT.ORC.;339039;OUTROS SERVICOS DE TERCEIROS - PESSOA JURIDICA;33903916;MANUTENCAO E CONSERV. DE BENS IMOVEIS;5;GLOBAL;12;PREGAO;-8;24/07/2017;JUL/2017;2017;070025000012017NE000351;00021718020176078100;PGTO NFS 2808. REFORMA DE CARTORIO 4A MEDICAO . RETENCAO IMP. FED. 5,85 (R$4.499,02) ISS 2,00 (R$ 769,06), INSS 3,5 (R$ 1.345,86). PA 4865-22.2017.;04768702000170;ENGEMIL - ENGENHARIA, EMPREENDIMENTOS,MANUTENCAO E INST;;;;;;;;;;;;;;;;68.873,80;68.873,80;(68.873,80);68.873,80;68.873,80
14107;TRIBUNAL REGIONAL ELEITORAL DO DIST. FEDERAL;070025;TRIBUNAL REGIONAL ELEITORAL DO D. FEDERAL;02122057020GP0053;20GP;JULGAMENTO DE CAUSAS E GESTAO ADMINISTRATIVA NA JUSTICA ELEI;0001;JULGAMENTO DE CAUSAS E GESTAO ADMINISTRATIVA;084782;EDF RCARLAG;REFORMA CARTORIO ELET. LAGO SUL DF;0127;CUSTAS E EMOLUMENTOS - PODER JUDICIARIO;1;ORCAMENTO FISCAL;3;DESPESAS CORRENTES;3;OUTRAS DESPESAS CORRENTES;39;OUTROS SERVICOS DE TERCEIROS PJ - OP.INT.ORC.;339039;OUTROS SERVICOS DE TERCEIROS - PESSOA JURIDICA;33903916;MANUTENCAO E CONSERV. DE BENS IMOVEIS;5;GLOBAL;12;PREGAO;-8;16/03/2018;MAR/2018;2018;070025000012018NE000163;00021718020176078100;17CT0026 - EXECUCAO DE REFORMA GERAL E ADAPTACAO AOS REQUISITOS CONSTRUTIVOS EFUNCIONAIS DAS NORMAS DE ACESSIBILIDADE VIGENTES DO CARTORIO ELEITORAL DO LAGOSUL, CONFORME CONTRATO 26/2017. TERMO ADITIVO Nº 02.;04768702000170;ENGEMIL - ENGENHARIA, EMPREENDIMENTOS,MANUTENCAO E INST;;;;;;;;66.774,49;;;;;;;;;;;;
14107;TRIBUNAL REGIONAL ELEITORAL DO DIST. FEDERAL;070025;TRIBUNAL REGIONAL ELEITORAL DO D. FEDERAL;02122057020GP0053;20GP;JULGAMENTO DE CAUSAS E GESTAO ADMINISTRATIVA NA JUSTICA ELEI;0001;JULGAMENTO DE CAUSAS E GESTAO ADMINISTRATIVA;084782;EDF RCARLAG;REFORMA CARTORIO ELET. LAGO SUL DF;0127;CUSTAS E EMOLUMENTOS - PODER JUDICIARIO;1;ORCAMENTO FISCAL;3;DESPESAS CORRENTES;3;OUTRAS DESPESAS CORRENTES;39;OUTROS SERVICOS DE TERCEIROS PJ - OP.INT.ORC.;339039;OUTROS SERVICOS DE TERCEIROS - PESSOA JURIDICA;33903916;MANUTENCAO E CONSERV. DE BENS IMOVEIS;5;GLOBAL;12;PREGAO;-8;16/03/2018;MAR/2018;2018;070025000012018NE000163;00021718020176078100;PGTO NFS 2809 E 2810. REFORMA DE CARTORIO 2A MEDICAO DO 1O TERMO ADITIVO E 1A MEDICAO DO 2O TERMO ADITIVO. RETENCAO IMP. FED. 5,85 (R$ 6.897,52) ISS 2,00 (R$ 1.195,45), INSS 3,5 (R$ 2092,03). PA 4865-22.2017.;04768702000170;ENGEMIL - ENGENHARIA, EMPREENDIMENTOS,MANUTENCAO E INST;;;;;;;;0,00;66.774,49;66.774,49;;;;;;;;;66.774,49;66.774,49
14107;TRIBUNAL REGIONAL ELEITORAL DO DIST. FEDERAL;070025;TRIBUNAL REGIONAL ELEITORAL DO D. FEDERAL;02122057020GP0053;20GP;JULGAMENTO DE CAUSAS E GESTAO ADMINISTRATIVA NA JUSTICA ELEI;0001;JULGAMENTO DE CAUSAS E GESTAO ADMINISTRATIVA;084782;EDF REFSEDE;REFORMA DO EDIFICIO-SEDE DO TRE-DF;0100;RECURSOS ORDINARIOS;1;ORCAMENTO FISCAL;3;DESPESAS CORRENTES;3;OUTRAS DESPESAS CORRENTES;35;SERVICOS DE CONSULTORIA;339035;SERVICOS DE CONSULTORIA;339035-9;NAO SE APLICA;-9;NAO SE APLICA;-9;NAO SE APLICA;-9;NAO SE APLICA;NAO SE APLICA;-9;-9;-9;ALTERACAO PARA EMISSAO DE PE. SERVICOS DE CONSULTORIA COM O OBJETIVO DE VIABI-LIZAR A REGULARIZACAO DAS CONDICOES OPERACIONAIS DO REFEITORIO DO TRE/DF.     PAE 0004942-31.2017.6.07.8100;-9;NAO SE APLICA;14.820,00;14.820,00;;;14.820,00;;;;;;;;;;;;;;;
14107;TRIBUNAL REGIONAL ELEITORAL DO DIST. FEDERAL;070025;TRIBUNAL REGIONAL ELEITORAL DO D. FEDERAL;02122057020GP0053;20GP;JULGAMENTO DE CAUSAS E GESTAO ADMINISTRATIVA NA JUSTICA ELEI;0001;JULGAMENTO DE CAUSAS E GESTAO ADMINISTRATIVA;084782;EDF REFSEDE;REFORMA DO EDIFICIO-SEDE DO TRE-DF;0100;RECURSOS ORDINARIOS;1;ORCAMENTO FISCAL;3;DESPESAS CORRENTES;3;OUTRAS DESPESAS CORRENTES;35;SERVICOS DE CONSULTORIA;339035;SERVICOS DE CONSULTORIA;339035-9;NAO SE APLICA;-9;NAO SE APLICA;-9;NAO SE APLICA;-9;NAO SE APLICA;NAO SE APLICA;-9;-9;-9;RESERVA REF. A PRESTACAO DE SERVICOS DE CONSULTORIA COM O OBJETIVO DE VIABILI-ZAR A REGULARIZACAO DAS CONDICOES OPERACIONAIS DO REFEITORIO DO TRE/DF.       PAE 0004942-31.2017.6.07.8100;-9;NAO SE APLICA;;;;;(14.820,00);14.820,00;14.820,00;;;;;;;;;;;;;
14107;TRIBUNAL REGIONAL ELEITORAL DO DIST. FEDERAL;070025;TRIBUNAL REGIONAL ELEITORAL DO D. FEDERAL;02122057020GP0053;20GP;JULGAMENTO DE CAUSAS E GESTAO ADMINISTRATIVA NA JUSTICA ELEI;0001;JULGAMENTO DE CAUSAS E GESTAO ADMINISTRATIVA;084782;EDF SBSDIV;SUBST. DIVISORIAS INSTAL. PISO ELEV. ED. SEDE;0100;RECURSOS ORDINARIOS;1;ORCAMENTO FISCAL;3;DESPESAS CORRENTES;3;OUTRAS DESPESAS CORRENTES;39;OUTROS SERVICOS DE TERCEIROS PJ - OP.INT.ORC.;339039;OUTROS SERVICOS DE TERCEIROS - PESSOA JURIDICA;339039-9;NAO SE APLICA;-9;NAO SE APLICA;-9;NAO SE APLICA;-9;NAO SE APLICA;NAO SE APLICA;-9;-9;-9;18CT0024 - PRESTACAO DE SERVICOS TECNICOS DE DESMONTAGEM E MONTAGEM DE DIVISO RIAS, PORTAS E ACESSORIOS, DE ACORDO COM O  PREGAO PRESENCIAL SRP Nº 28/2017. CONTRATO Nº 24/2018.;-9;NAO SE APLICA;;;;;(1.926,60);;;;;;;;;;;;;;;
14107;TRIBUNAL REGIONAL ELEITORAL DO DIST. FEDERAL;070025;TRIBUNAL REGIONAL ELEITORAL DO D. FEDERAL;02122057020GP0053;20GP;JULGAMENTO DE CAUSAS E GESTAO ADMINISTRATIVA NA JUSTICA ELEI;0001;JULGAMENTO DE CAUSAS E GESTAO ADMINISTRATIVA;084782;EDF SBSDIV;SUBST. DIVISORIAS INSTAL. PISO ELEV. ED. SEDE;0100;RECURSOS ORDINARIOS;1;ORCAMENTO FISCAL;3;DESPESAS CORRENTES;3;OUTRAS DESPESAS CORRENTES;39;OUTROS SERVICOS DE TERCEIROS PJ - OP.INT.ORC.;339039;OUTROS SERVICOS DE TERCEIROS - PESSOA JURIDICA;339039-9;NAO SE APLICA;-9;NAO SE APLICA;-9;NAO SE APLICA;-9;NAO SE APLICA;NAO SE APLICA;-9;-9;-9;ALTERACAO PARA EMISSAO DE NE - PRESTACAO DE SERVICOS TECNICOS DE DESMONTAGEM EMONTAGEM DE DIVISORIAS, PORTAS E ACESSORIOS. (PA 0003769-69.2017.6.07.8100);-9;NAO SE APLICA;1.926,60;1.926,60;;;1.926,60;;;;;;;;;;;;;;;
14107;TRIBUNAL REGIONAL ELEITORAL DO DIST. FEDERAL;070025;TRIBUNAL REGIONAL ELEITORAL DO D. FEDERAL;02122057020GP0053;20GP;JULGAMENTO DE CAUSAS E GESTAO ADMINISTRATIVA NA JUSTICA ELEI;0001;JULGAMENTO DE CAUSAS E GESTAO ADMINISTRATIVA;084782;EDF SBSDIV;SUBST. DIVISORIAS INSTAL. PISO ELEV. ED. SEDE;0100;RECURSOS ORDINARIOS;1;ORCAMENTO FISCAL;3;DESPESAS CORRENTES;3;OUTRAS DESPESAS CORRENTES;39;OUTROS SERVICOS DE TERCEIROS PJ - OP.INT.ORC.;339039;OUTROS SERVICOS DE TERCEIROS - PESSOA JURIDICA;33903916;MANUTENCAO E CONSERV. DE BENS IMOVEIS;5;GLOBAL;12;PREGAO;-8;02/05/2018;MAI/2018;2018;070025000012018NE000228;00037696920176078100;18CT0024 - PRESTACAO DE SERVICOS TECNICOS DE DESMONTAGEM E MONTAGEM DE DIVISO RIAS, PORTAS E ACESSORIOS, DE ACORDO COM O  PREGAO PRESENCIAL SRP Nº 28/2017. CONTRATO Nº 24/2018.;32918377000110;BRADIV INDUSTRIA E COMERCIO LTDA;;;;;;;;1.926,60;;;;;;;;;;;;
14107;TRIBUNAL REGIONAL ELEITORAL DO DIST. FEDERAL;070025;TRIBUNAL REGIONAL ELEITORAL DO D. FEDERAL;02122057020GP0053;20GP;JULGAMENTO DE CAUSAS E GESTAO ADMINISTRATIVA NA JUSTICA ELEI;0001;JULGAMENTO DE CAUSAS E GESTAO ADMINISTRATIVA;084782;EDF SBSDIV;SUBST. DIVISORIAS INSTAL. PISO ELEV. ED. SEDE;0100;RECURSOS ORDINARIOS;1;ORCAMENTO FISCAL;4;DESPESAS DE CAPITAL;4;INVESTIMENTOS;52;EQUIPAMENTOS E MATERIAL PERMANENTE;449052;EQUIPAMENTOS E MATERIAL PERMANENTE;449052-9;NAO SE APLICA;-9;NAO SE APLICA;-9;NAO SE APLICA;-9;NAO SE APLICA;NAO SE APLICA;-9;-9;-9;18CT0009 - AQUISICAO E INSTALACAO DE DIVISORIAS NOVAS, DE ACORDO COM O PREGAO PRESENCIAL SRP Nº 28/2017. CONTRATO Nº 9/2018.;-9;NAO SE APLICA;;;;;(82.224,94);;;;;;;;;;;;;;;
14107;TRIBUNAL REGIONAL ELEITORAL DO DIST. FEDERAL;070025;TRIBUNAL REGIONAL ELEITORAL DO D. FEDERAL;02122057020GP0053;20GP;JULGAMENTO DE CAUSAS E GESTAO ADMINISTRATIVA NA JUSTICA ELEI;0001;JULGAMENTO DE CAUSAS E GESTAO ADMINISTRATIVA;084782;EDF SBSDIV;SUBST. DIVISORIAS INSTAL. PISO ELEV. ED. SEDE;0100;RECURSOS ORDINARIOS;1;ORCAMENTO FISCAL;4;DESPESAS DE CAPITAL;4;INVESTIMENTOS;52;EQUIPAMENTOS E MATERIAL PERMANENTE;449052;EQUIPAMENTOS E MATERIAL PERMANENTE;449052-9;NAO SE APLICA;-9;NAO SE APLICA;-9;NAO SE APLICA;-9;NAO SE APLICA;NAO SE APLICA;-9;-9;-9;18CT0024 - AQUISICAO E INSTALACAO DE DIVISORIAS NOVAS, DE ACORDO COM O PREGAO PRESENCIAL SRP Nº 28/2017. CONTRATO Nº 24/2018.;-9;NAO SE APLICA;;;;;(5.867,16);;;;;;;;;;;;;;;
14107;TRIBUNAL REGIONAL ELEITORAL DO DIST. FEDERAL;070025;TRIBUNAL REGIONAL ELEITORAL DO D. FEDERAL;02122057020GP0053;20GP;JULGAMENTO DE CAUSAS E GESTAO ADMINISTRATIVA NA JUSTICA ELEI;0001;JULGAMENTO DE CAUSAS E GESTAO ADMINISTRATIVA;084782;EDF SBSDIV;SUBST. DIVISORIAS INSTAL. PISO ELEV. ED. SEDE;0100;RECURSOS ORDINARIOS;1;ORCAMENTO FISCAL;4;DESPESAS DE CAPITAL;4;INVESTIMENTOS;52;EQUIPAMENTOS E MATERIAL PERMANENTE;449052;EQUIPAMENTOS E MATERIAL PERMANENTE;449052-9;NAO SE APLICA;-9;NAO SE APLICA;-9;NAO SE APLICA;-9;NAO SE APLICA;NAO SE APLICA;-9;-9;-9;ALTERACAO PARA EMISSAO DE NE - AQUISICAO E INSTALACAO DE DIVISORIAS NOVAS.    (PA 0003769-69.2017.6.07.8100);-9;NAO SE APLICA;88.092,10;88.092,10;;;88.092,10;;;;;;;;;;;;;;;
14107;TRIBUNAL REGIONAL ELEITORAL DO DIST. FEDERAL;070025;TRIBUNAL REGIONAL ELEITORAL DO D. FEDERAL;02122057020GP0053;20GP;JULGAMENTO DE CAUSAS E GESTAO ADMINISTRATIVA NA JUSTICA ELEI;0001;JULGAMENTO DE CAUSAS E GESTAO ADMINISTRATIVA;084782;EDF SBSDIV;SUBST. DIVISORIAS INSTAL. PISO ELEV. ED. SEDE;0100;RECURSOS ORDINARIOS;1;ORCAMENTO FISCAL;4;DESPESAS DE CAPITAL;4;INVESTIMENTOS;52;EQUIPAMENTOS E MATERIAL PERMANENTE;449052;EQUIPAMENTOS E MATERIAL PERMANENTE;44905251;PECAS NAO INCORPORAVEIS A IMOVEIS;5;GLOBAL;12;PREGAO;-8;12/03/2018;MAR/2018;2018;070025000012018NE000149;00037696920176078100;18CT0009 - AQUISICAO E INSTALACAO DE DIVISORIAS NOVAS, DE ACORDO COM O PREGAO PRESENCIAL SRP Nº 28/2017. CONTRATO Nº 9/2018.;32918377000110;BRADIV INDUSTRIA E COMERCIO LTDA;;;;;;;;82.224,94;;;;;;;;;;;;
14107;TRIBUNAL REGIONAL ELEITORAL DO DIST. FEDERAL;070025;TRIBUNAL REGIONAL ELEITORAL DO D. FEDERAL;02122057020GP0053;20GP;JULGAMENTO DE CAUSAS E GESTAO ADMINISTRATIVA NA JUSTICA ELEI;0001;JULGAMENTO DE CAUSAS E GESTAO ADMINISTRATIVA;084782;EDF SBSDIV;SUBST. DIVISORIAS INSTAL. PISO ELEV. ED. SEDE;0100;RECURSOS ORDINARIOS;1;ORCAMENTO FISCAL;4;DESPESAS DE CAPITAL;4;INVESTIMENTOS;52;EQUIPAMENTOS E MATERIAL PERMANENTE;449052;EQUIPAMENTOS E MATERIAL PERMANENTE;44905251;PECAS NAO INCORPORAVEIS A IMOVEIS;5;GLOBAL;12;PREGAO;-8;12/03/2018;MAR/2018;2018;070025000012018NE000149;00037696920176078100;PAGTO NF 6247. FORNECIMENTO DE DIVISORIAS CARTORIOS TRE-DF. RETENCAO 5,85 IMP FED (R$ 4.810,16). PA 6082-03.2017.6.07.8100;32918377000110;BRADIV INDUSTRIA E COMERCIO LTDA;;;;;;;;0,00;82.224,93;82.224,93;;;;;;;;;82.224,93;82.224,93
14107;TRIBUNAL REGIONAL ELEITORAL DO DIST. FEDERAL;070025;TRIBUNAL REGIONAL ELEITORAL DO D. FEDERAL;02122057020GP0053;20GP;JULGAMENTO DE CAUSAS E GESTAO ADMINISTRATIVA NA JUSTICA ELEI;0001;JULGAMENTO DE CAUSAS E GESTAO ADMINISTRATIVA;084782;EDF SBSDIV;SUBST. DIVISORIAS INSTAL. PISO ELEV. ED. SEDE;0100;RECURSOS ORDINARIOS;1;ORCAMENTO FISCAL;4;DESPESAS DE CAPITAL;4;INVESTIMENTOS;52;EQUIPAMENTOS E MATERIAL PERMANENTE;449052;EQUIPAMENTOS E MATERIAL PERMANENTE;44905251;PECAS NAO INCORPORAVEIS A IMOVEIS;5;GLOBAL;12;PREGAO;-8;02/05/2018;MAI/2018;2018;070025000012018NE000227;00037696920176078100;18CT0024 - AQUISICAO E INSTALACAO DE DIVISORIAS NOVAS, DE ACORDO COM O PREGAO PRESENCIAL SRP Nº 28/2017. CONTRATO Nº 24/2018.;32918377000110;BRADIV INDUSTRIA E COMERCIO LTDA;;;;;;;;5.867,16;;;;;;;;;;;;
14107;TRIBUNAL REGIONAL ELEITORAL DO DIST. FEDERAL;070025;TRIBUNAL REGIONAL ELEITORAL DO D. FEDERAL;02122057020GP0053;20GP;JULGAMENTO DE CAUSAS E GESTAO ADMINISTRATIVA NA JUSTICA ELEI;0001;JULGAMENTO DE CAUSAS E GESTAO ADMINISTRATIVA;084782;EDF SISELET;INST DE SIST DE SEGURANCA ELETRONICO - CFTV;0100;RECURSOS ORDINARIOS;1;ORCAMENTO FISCAL;4;DESPESAS DE CAPITAL;4;INVESTIMENTOS;39;OUTROS SERVICOS DE TERCEIROS PJ - OP.INT.ORC.;449039;OUTROS SERVICOS DE TERCEIROS- PESSOA JURIDICA;44903957;SERVICOS TECNICOS PROFISSIONAIS DE T.I.;5;GLOBAL;12;PREGAO;-8;31/10/2017;OUT/2017;2017;070025000012017NE000486;00078647920166078100;NAO SE APLICA;09264556000160;ARTNET INFORMATICA LTDA - EPP;;;;;;;;;;;;;5.000,00;;;;;5.000,00;;
14107;TRIBUNAL REGIONAL ELEITORAL DO DIST. FEDERAL;070025;TRIBUNAL REGIONAL ELEITORAL DO D. FEDERAL;02122057020GP0053;20GP;JULGAMENTO DE CAUSAS E GESTAO ADMINISTRATIVA NA JUSTICA ELEI;0001;JULGAMENTO DE CAUSAS E GESTAO ADMINISTRATIVA;084782;EDF SISELET;INST DE SIST DE SEGURANCA ELETRONICO - CFTV;0100;RECURSOS ORDINARIOS;1;ORCAMENTO FISCAL;4;DESPESAS DE CAPITAL;4;INVESTIMENTOS;39;OUTROS SERVICOS DE TERCEIROS PJ - OP.INT.ORC.;449039;OUTROS SERVICOS DE TERCEIROS- PESSOA JURIDICA;44903957;SERVICOS TECNICOS PROFISSIONAIS DE T.I.;5;GLOBAL;12;PREGAO;-8;31/10/2017;OUT/2017;2017;070025000012017NE000486;00078647920166078100;PGTO NF 448. SERVICO DE TREINAMENTO. OPTANTE PELO SIMPLES. RET. ISS 5,00 (R$ 250,00). PA 7864-79.2016;09264556000160;ARTNET INFORMATICA LTDA - EPP;;;;;;;;;;;;;;;;5.000,00;5.000,00;(5.000,00);5.000,00;5.000,00
14107;TRIBUNAL REGIONAL ELEITORAL DO DIST. FEDERAL;070025;TRIBUNAL REGIONAL ELEITORAL DO D. FEDERAL;02122057020GP0053;20GP;JULGAMENTO DE CAUSAS E GESTAO ADMINISTRATIVA NA JUSTICA ELEI;0001;JULGAMENTO DE CAUSAS E GESTAO ADMINISTRATIVA;084782;EDF SISELET;INST DE SIST DE SEGURANCA ELETRONICO - CFTV;0100;RECURSOS ORDINARIOS;1;ORCAMENTO FISCAL;4;DESPESAS DE CAPITAL;4;INVESTIMENTOS;52;EQUIPAMENTOS E MATERIAL PERMANENTE;449052;EQUIPAMENTOS E MATERIAL PERMANENTE;44905233;EQUIPAMENTOS PARA AUDIO, VIDEO E FOTO;5;GLOBAL;12;PREGAO;-8;31/10/2017;OUT/2017;2017;070025000012017NE000485;00078647920166078100;NAO SE APLICA;09264556000160;ARTNET INFORMATICA LTDA - EPP;;;;;;;;;;;;;3.547,60;;;;;3.547,60;;
14107;TRIBUNAL REGIONAL ELEITORAL DO DIST. FEDERAL;070025;TRIBUNAL REGIONAL ELEITORAL DO D. FEDERAL;02122057020GP0053;20GP;JULGAMENTO DE CAUSAS E GESTAO ADMINISTRATIVA NA JUSTICA ELEI;0002;CAPACITACAO DE RECURSOS HUMANOS;084783;-8;SEM INFORMACAO;0100;RECURSOS ORDINARIOS;1;ORCAMENTO FISCAL;3;DESPESAS CORRENTES;3;OUTRAS DESPESAS CORRENTES;00;[A DETALHAR];339000;APLICACOES DIRETAS;339000-9;NAO SE APLICA;-9;NAO SE APLICA;-9;NAO SE APLICA;-9;NAO SE APLICA;NAO SE APLICA;-9;-9;-9;ALTERACAO P/ CORRIGIR PTRES (EXERCICIO ANTERIOR). SERVICOS DE AGENCIAMENTO DE VIAGENS DE MEMBROS E SERVIDORES. PAE 0002361-77.2016.6.07.8100;-9;NAO SE APLICA;2.846,26;2.846,26;;;2.846,26;;;;;;;;;;;;;;;
14107;TRIBUNAL REGIONAL ELEITORAL DO DIST. FEDERAL;070025;TRIBUNAL REGIONAL ELEITORAL DO D. FEDERAL;02122057020GP0053;20GP;JULGAMENTO DE CAUSAS E GESTAO ADMINISTRATIVA NA JUSTICA ELEI;0002;CAPACITACAO DE RECURSOS HUMANOS;084783;-8;SEM INFORMACAO;0100;RECURSOS ORDINARIOS;1;ORCAMENTO FISCAL;3;DESPESAS CORRENTES;3;OUTRAS DESPESAS CORRENTES;00;[A DETALHAR];339000;APLICACOES DIRETAS;339000-9;NAO SE APLICA;-9;NAO SE APLICA;-9;NAO SE APLICA;-9;NAO SE APLICA;NAO SE APLICA;-9;-9;-9;ALTERACAO PARA EMISSAO DE NE - DIARIAS CAPACITACAO DE SERVIDORES;-9;NAO SE APLICA;(20.000,00);(20.000,00);;;(20.000,00);;;;;;;;;;;;;;;
14107;TRIBUNAL REGIONAL ELEITORAL DO DIST. FEDERAL;070025;TRIBUNAL REGIONAL ELEITORAL DO D. FEDERAL;02122057020GP0053;20GP;JULGAMENTO DE CAUSAS E GESTAO ADMINISTRATIVA NA JUSTICA ELEI;0002;CAPACITACAO DE RECURSOS HUMANOS;084783;-8;SEM INFORMACAO;0100;RECURSOS ORDINARIOS;1;ORCAMENTO FISCAL;3;DESPESAS CORRENTES;3;OUTRAS DESPESAS CORRENTES;00;[A DETALHAR];339000;APLICACOES DIRETAS;339000-9;NAO SE APLICA;-9;NAO SE APLICA;-9;NAO SE APLICA;-9;NAO SE APLICA;NAO SE APLICA;-9;-9;-9;ALTERACAO PARA EMISSAO DE NE - DIARIAS PARA MEMBROS E SERVIDORES;-9;NAO SE APLICA;(55.000,00);(55.000,00);;;(55.000,00);;;;;;;;;;;;;;;
14107;TRIBUNAL REGIONAL ELEITORAL DO DIST. FEDERAL;070025;TRIBUNAL REGIONAL ELEITORAL DO D. FEDERAL;02122057020GP0053;20GP;JULGAMENTO DE CAUSAS E GESTAO ADMINISTRATIVA NA JUSTICA ELEI;0002;CAPACITACAO DE RECURSOS HUMANOS;084783;-8;SEM INFORMACAO;0100;RECURSOS ORDINARIOS;1;ORCAMENTO FISCAL;3;DESPESAS CORRENTES;3;OUTRAS DESPESAS CORRENTES;00;[A DETALHAR];339000;APLICACOES DIRETAS;339000-9;NAO SE APLICA;-9;NAO SE APLICA;-9;NAO SE APLICA;-9;NAO SE APLICA;NAO SE APLICA;-9;-9;-9;ALTERACAO PARA EMISSAO DE NE (EXERCICIO ANTERIOR). SERVICOS DE AGENCIAMENTO DEVIAGENS DE MEMBROS E SERVIDORES. PAE 0002361-77.2016.6.07.8100;-9;NAO SE APLICA;(2.846,26);(2.846,26);;;(2.846,26);;;;;;;;;;;;;;;
14107;TRIBUNAL REGIONAL ELEITORAL DO DIST. FEDERAL;070025;TRIBUNAL REGIONAL ELEITORAL DO D. FEDERAL;02122057020GP0053;20GP;JULGAMENTO DE CAUSAS E GESTAO ADMINISTRATIVA NA JUSTICA ELEI;0002;CAPACITACAO DE RECURSOS HUMANOS;084783;-8;SEM INFORMACAO;0100;RECURSOS ORDINARIOS;1;ORCAMENTO FISCAL;3;DESPESAS CORRENTES;3;OUTRAS DESPESAS CORRENTES;00;[A DETALHAR];339000;APLICACOES DIRETAS;339000-9;NAO SE APLICA;-9;NAO SE APLICA;-9;NAO SE APLICA;-9;NAO SE APLICA;NAO SE APLICA;-9;-9;-9;ALTERACAO PARA EMISSAO DE NE. CAPACITACAO.                                    PAE Nº 0005921-90.2017.6.07.8100;-9;NAO SE APLICA;(7.942,00);(7.942,00);;;(7.942,00);;;;;;;;;;;;;;;
14107;TRIBUNAL REGIONAL ELEITORAL DO DIST. FEDERAL;070025;TRIBUNAL REGIONAL ELEITORAL DO D. FEDERAL;02122057020GP0053;20GP;JULGAMENTO DE CAUSAS E GESTAO ADMINISTRATIVA NA JUSTICA ELEI;0002;CAPACITACAO DE RECURSOS HUMANOS;084783;-8;SEM INFORMACAO;0100;RECURSOS ORDINARIOS;1;ORCAMENTO FISCAL;3;DESPESAS CORRENTES;3;OUTRAS DESPESAS CORRENTES;00;[A DETALHAR];339000;APLICACOES DIRETAS;339000-9;NAO SE APLICA;-9;NAO SE APLICA;-9;NAO SE APLICA;-9;NAO SE APLICA;NAO SE APLICA;-9;-9;-9;ALTERACAO PARA EMISSAO DE NE. PASSAGENS PARA SERVIDORES (CAPACITACAO).        PAE 0002361-77.2016.6.07.8100;-9;NAO SE APLICA;(1.943,20);(1.943,20);;;(1.943,20);;;;;;;;;;;;;;;
14107;TRIBUNAL REGIONAL ELEITORAL DO DIST. FEDERAL;070025;TRIBUNAL REGIONAL ELEITORAL DO D. FEDERAL;02122057020GP0053;20GP;JULGAMENTO DE CAUSAS E GESTAO ADMINISTRATIVA NA JUSTICA ELEI;0002;CAPACITACAO DE RECURSOS HUMANOS;084783;-8;SEM INFORMACAO;0100;RECURSOS ORDINARIOS;1;ORCAMENTO FISCAL;3;DESPESAS CORRENTES;3;OUTRAS DESPESAS CORRENTES;00;[A DETALHAR];339000;APLICACOES DIRETAS;339000-9;NAO SE APLICA;-9;NAO SE APLICA;-9;NAO SE APLICA;-9;NAO SE APLICA;NAO SE APLICA;-9;-9;-9;"ALTERACAO PARA EMISSAO DE PE - CURSO ""ENTENDENDO A PLANILHA DE CUSTOS E FORMA CAO DE PRECOS DA IN 05/2017 (PA 0000615-09.2018.6.07.8100)";-9;NAO SE APLICA;(4.387,50);(4.387,50);;;(4.387,50);;;;;;;;;;;;;;;
14107;TRIBUNAL REGIONAL ELEITORAL DO DIST. FEDERAL;070025;TRIBUNAL REGIONAL ELEITORAL DO D. FEDERAL;02122057020GP0053;20GP;JULGAMENTO DE CAUSAS E GESTAO ADMINISTRATIVA NA JUSTICA ELEI;0002;CAPACITACAO DE RECURSOS HUMANOS;084783;-8;SEM INFORMACAO;0100;RECURSOS ORDINARIOS;1;ORCAMENTO FISCAL;3;DESPESAS CORRENTES;3;OUTRAS DESPESAS CORRENTES;00;[A DETALHAR];339000;APLICACOES DIRETAS;339000-9;NAO SE APLICA;-9;NAO SE APLICA;-9;NAO SE APLICA;-9;NAO SE APLICA;NAO SE APLICA;-9;-9;-9;"ALTERACAO PARA EMISSAO DE PE - CURSO ""GESTAO CERIMONIAL, PROTOCOLO, ETIQUETA EORGANIZACAO DE EVENTOS PARA O JUDICIARIO"" (PA 0001502-90.2018.6.07.8100)";-9;NAO SE APLICA;(2.500,00);(2.500,00);;;(2.500,00);;;;;;;;;;;;;;;
14107;TRIBUNAL REGIONAL ELEITORAL DO DIST. FEDERAL;070025;TRIBUNAL REGIONAL ELEITORAL DO D. FEDERAL;02122057020GP0053;20GP;JULGAMENTO DE CAUSAS E GESTAO ADMINISTRATIVA NA JUSTICA ELEI;0002;CAPACITACAO DE RECURSOS HUMANOS;084783;-8;SEM INFORMACAO;0100;RECURSOS ORDINARIOS;1;ORCAMENTO FISCAL;3;DESPESAS CORRENTES;3;OUTRAS DESPESAS CORRENTES;00;[A DETALHAR];339000;APLICACOES DIRETAS;339000-9;NAO SE APLICA;-9;NAO SE APLICA;-9;NAO SE APLICA;-9;NAO SE APLICA;NAO SE APLICA;-9;-9;-9;ALTERACAO PARA EMISSAO DE PE - CURSOS (PA'S 1535-80.2018 E 1206-68.2018);-9;NAO SE APLICA;(25.215,50);(25.215,50);;;(25.215,50);;;;;;;;;;;;;;;
14107;TRIBUNAL REGIONAL ELEITORAL DO DIST. FEDERAL;070025;TRIBUNAL REGIONAL ELEITORAL DO D. FEDERAL;02122057020GP0053;20GP;JULGAMENTO DE CAUSAS E GESTAO ADMINISTRATIVA NA JUSTICA ELEI;0002;CAPACITACAO DE RECURSOS HUMANOS;084783;-8;SEM INFORMACAO;0100;RECURSOS ORDINARIOS;1;ORCAMENTO FISCAL;3;DESPESAS CORRENTES;3;OUTRAS DESPESAS CORRENTES;00;[A DETALHAR];339000;APLICACOES DIRETAS;339000-9;NAO SE APLICA;-9;NAO SE APLICA;-9;NAO SE APLICA;-9;NAO SE APLICA;NAO SE APLICA;-9;-9;-9;ALTERACAO PARA EMISSAO DE PE - PARTIC. DA SERVIDORA CAROLINA G. G. QUEIROZ NO CURSO COMPLETO DE LICITACOES PUBLICAS E CONTRATOS ADMINISTRATIVOS,CONTRATACAO DIRETA, PREGAO E SISTEMA DE REGISTRO DE PRECOS.(PA 0001045-58.2018.6.07.8100);-9;NAO SE APLICA;(2.890,00);(2.890,00);;;(2.890,00);;;;;;;;;;;;;;;
14107;TRIBUNAL REGIONAL ELEITORAL DO DIST. FEDERAL;070025;TRIBUNAL REGIONAL ELEITORAL DO D. FEDERAL;02122057020GP0053;20GP;JULGAMENTO DE CAUSAS E GESTAO ADMINISTRATIVA NA JUSTICA ELEI;0002;CAPACITACAO DE RECURSOS HUMANOS;084783;-8;SEM INFORMACAO;0100;RECURSOS ORDINARIOS;1;ORCAMENTO FISCAL;3;DESPESAS CORRENTES;3;OUTRAS DESPESAS CORRENTES;00;[A DETALHAR];339000;APLICACOES DIRETAS;339000-9;NAO SE APLICA;-9;NAO SE APLICA;-9;NAO SE APLICA;-9;NAO SE APLICA;NAO SE APLICA;-9;-9;-9;ALTERACAO PARA EMISSAO DE PE - PARTIC. DOS SERVIDORES IVANILDO T. DE  OLIVEIRAE PATRICIA T.SUMIHARA NO CURSO PRATICO - TESOURO GERENCIAL - CONSULTAS ORCAMENTARIAS, FINANCEIRAS E PATRIMONIAIS DO GOVERNO FEDERAL. (PA 0000940-81.2018);-9;NAO SE APLICA;(5.580,00);(5.580,00);;;(5.580,00);;;;;;;;;;;;;;;
14107;TRIBUNAL REGIONAL ELEITORAL DO DIST. FEDERAL;070025;TRIBUNAL REGIONAL ELEITORAL DO D. FEDERAL;02122057020GP0053;20GP;JULGAMENTO DE CAUSAS E GESTAO ADMINISTRATIVA NA JUSTICA ELEI;0002;CAPACITACAO DE RECURSOS HUMANOS;084783;-8;SEM INFORMACAO;0100;RECURSOS ORDINARIOS;1;ORCAMENTO FISCAL;3;DESPESAS CORRENTES;3;OUTRAS DESPESAS CORRENTES;00;[A DETALHAR];339000;APLICACOES DIRETAS;339000-9;NAO SE APLICA;-9;NAO SE APLICA;-9;NAO SE APLICA;-9;NAO SE APLICA;NAO SE APLICA;-9;-9;-9;"ALTERACAO PARA EMISSAO DE PE - PARTICIPACAO DO SERVIDOR CARLOS EDUARDO BARBOSADA SILVA NO CURSO ""FOLHA DE PAGAMENTO DO FUNCIONALISMO PUBLICO"".              (PA 0001050-80.2018.6.07.8100)";-9;NAO SE APLICA;(2.490,00);(2.490,00);;;(2.490,00);;;;;;;;;;;;;;;
14107;TRIBUNAL REGIONAL ELEITORAL DO DIST. FEDERAL;070025;TRIBUNAL REGIONAL ELEITORAL DO D. FEDERAL;02122057020GP0053;20GP;JULGAMENTO DE CAUSAS E GESTAO ADMINISTRATIVA NA JUSTICA ELEI;0002;CAPACITACAO DE RECURSOS HUMANOS;084783;-8;SEM INFORMACAO;0100;RECURSOS ORDINARIOS;1;ORCAMENTO FISCAL;3;DESPESAS CORRENTES;3;OUTRAS DESPESAS CORRENTES;00;[A DETALHAR];339000;APLICACOES DIRETAS;339000-9;NAO SE APLICA;-9;NAO SE APLICA;-9;NAO SE APLICA;-9;NAO SE APLICA;NAO SE APLICA;-9;-9;-9;"ALTERACAO PARA EMISSAO DE PE -PARTICIPACAO DA SERVIDORA ISABELA ANDRADE SANTIAGO NO""CURSO PRATICO DE AVERBACAO DE TEMPO DE SERV.E DE CONTR. NA ADMINISTRACAOPUBLICA. (PA 0001682-09.2018.6.07.8100)";-9;NAO SE APLICA;(2.290,00);(2.290,00);;;(2.290,00);;;;;;;;;;;;;;;
14107;TRIBUNAL REGIONAL ELEITORAL DO DIST. FEDERAL;070025;TRIBUNAL REGIONAL ELEITORAL DO D. FEDERAL;02122057020GP0053;20GP;JULGAMENTO DE CAUSAS E GESTAO ADMINISTRATIVA NA JUSTICA ELEI;0002;CAPACITACAO DE RECURSOS HUMANOS;084783;-8;SEM INFORMACAO;0100;RECURSOS ORDINARIOS;1;ORCAMENTO FISCAL;3;DESPESAS CORRENTES;3;OUTRAS DESPESAS CORRENTES;00;[A DETALHAR];339000;APLICACOES DIRETAS;339000-9;NAO SE APLICA;-9;NAO SE APLICA;-9;NAO SE APLICA;-9;NAO SE APLICA;NAO SE APLICA;-9;-9;-9;ALTERACAO PARA EMISSAO DE PE -PARTICIPACAO DO SERVIDOR KELDER APARECIDO BORGESNO CURSO DE DIREITO PROCESSUAL CIVIL - 2 ANOS DO CPC NA VISAO DOS TRIBUNAIS.  (PA 0001971-39.2018.6.07.8100);-9;NAO SE APLICA;(980,00);(980,00);;;(980,00);;;;;;;;;;;;;;;
14107;TRIBUNAL REGIONAL ELEITORAL DO DIST. FEDERAL;070025;TRIBUNAL REGIONAL ELEITORAL DO D. FEDERAL;02122057020GP0053;20GP;JULGAMENTO DE CAUSAS E GESTAO ADMINISTRATIVA NA JUSTICA ELEI;0002;CAPACITACAO DE RECURSOS HUMANOS;084783;-8;SEM INFORMACAO;0100;RECURSOS ORDINARIOS;1;ORCAMENTO FISCAL;3;DESPESAS CORRENTES;3;OUTRAS DESPESAS CORRENTES;00;[A DETALHAR];339000;APLICACOES DIRETAS;339000-9;NAO SE APLICA;-9;NAO SE APLICA;-9;NAO SE APLICA;-9;NAO SE APLICA;NAO SE APLICA;-9;-9;-9;"ALTERACAO PARA EMISSAO DE PE- PARTICIPACAO DO SERVIDOR DIEGO RODRIGUES NO EVENTO ""5º CONTRATOS WEEK - SEMANA NACIONAL DE ESTUDOS AVANCADOS EM CONTRATOS ADMINISTRATIVOS"". (PA 0001523-66.2018.6.07.8100)";-9;NAO SE APLICA;(3.971,00);(3.971,00);;;(3.971,00);;;;;;;;;;;;;;;
14107;TRIBUNAL REGIONAL ELEITORAL DO DIST. FEDERAL;070025;TRIBUNAL REGIONAL ELEITORAL DO D. FEDERAL;02122057020GP0053;20GP;JULGAMENTO DE CAUSAS E GESTAO ADMINISTRATIVA NA JUSTICA ELEI;0002;CAPACITACAO DE RECURSOS HUMANOS;084783;-8;SEM INFORMACAO;0100;RECURSOS ORDINARIOS;1;ORCAMENTO FISCAL;3;DESPESAS CORRENTES;3;OUTRAS DESPESAS CORRENTES;00;[A DETALHAR];339000;APLICACOES DIRETAS;339000-9;NAO SE APLICA;-9;NAO SE APLICA;-9;NAO SE APLICA;-9;NAO SE APLICA;NAO SE APLICA;-9;-9;-9;ALTERACAO PARA EMISSAO DE PE. CAPACITACAO DE SERVIDORES.                      PAE 0000770-12.2018.6.07.8100;-9;NAO SE APLICA;(2.745,00);(2.745,00);;;(2.745,00);;;;;;;;;;;;;;;
14107;TRIBUNAL REGIONAL ELEITORAL DO DIST. FEDERAL;070025;TRIBUNAL REGIONAL ELEITORAL DO D. FEDERAL;02122057020GP0053;20GP;JULGAMENTO DE CAUSAS E GESTAO ADMINISTRATIVA NA JUSTICA ELEI;0002;CAPACITACAO DE RECURSOS HUMANOS;084783;-8;SEM INFORMACAO;0100;RECURSOS ORDINARIOS;1;ORCAMENTO FISCAL;3;DESPESAS CORRENTES;3;OUTRAS DESPESAS CORRENTES;00;[A DETALHAR];339000;APLICACOES DIRETAS;339000-9;NAO SE APLICA;-9;NAO SE APLICA;-9;NAO SE APLICA;-9;NAO SE APLICA;NAO SE APLICA;-9;-9;-9;ALTERACAO PARA EMISSAO DE PE. CAPACITACAO.                                    PAE Nº 0006071-71.2017.6.07.8100;-9;NAO SE APLICA;(2.490,00);(2.490,00);;;(2.490,00);;;;;;;;;;;;;;;
14107;TRIBUNAL REGIONAL ELEITORAL DO DIST. FEDERAL;070025;TRIBUNAL REGIONAL ELEITORAL DO D. FEDERAL;02122057020GP0053;20GP;JULGAMENTO DE CAUSAS E GESTAO ADMINISTRATIVA NA JUSTICA ELEI;0002;CAPACITACAO DE RECURSOS HUMANOS;084783;-8;SEM INFORMACAO;0100;RECURSOS ORDINARIOS;1;ORCAMENTO FISCAL;3;DESPESAS CORRENTES;3;OUTRAS DESPESAS CORRENTES;00;[A DETALHAR];339000;APLICACOES DIRETAS;339000-9;NAO SE APLICA;-9;NAO SE APLICA;-9;NAO SE APLICA;-9;NAO SE APLICA;NAO SE APLICA;-9;-9;-9;ALTERACAO PARA EMISSAO DE PRE-EMPENHO - SERVICOS DE AGENCIAMENTO DE VIAGENS   (PA 0004389-81.2017.6.07.8100);-9;NAO SE APLICA;(10.000,00);(10.000,00);;;(10.000,00);;;;;;;;;;;;;;;
14107;TRIBUNAL REGIONAL ELEITORAL DO DIST. FEDERAL;070025;TRIBUNAL REGIONAL ELEITORAL DO D. FEDERAL;02122057020GP0053;20GP;JULGAMENTO DE CAUSAS E GESTAO ADMINISTRATIVA NA JUSTICA ELEI;0002;CAPACITACAO DE RECURSOS HUMANOS;084783;-8;SEM INFORMACAO;0100;RECURSOS ORDINARIOS;1;ORCAMENTO FISCAL;3;DESPESAS CORRENTES;3;OUTRAS DESPESAS CORRENTES;00;[A DETALHAR];339000;APLICACOES DIRETAS;339000-9;NAO SE APLICA;-9;NAO SE APLICA;-9;NAO SE APLICA;-9;NAO SE APLICA;NAO SE APLICA;-9;-9;-9;ALTERACAO PARA REFORCO DE NE. PASSAGENS PARA SERVIDORES - CAPACITACAO.        PAE 0002361-77.2016.6.07.8100;-9;NAO SE APLICA;(1.158,92);(1.158,92);;;(1.158,92);;;;;;;;;;;;;;;
14107;TRIBUNAL REGIONAL ELEITORAL DO DIST. FEDERAL;070025;TRIBUNAL REGIONAL ELEITORAL DO D. FEDERAL;02122057020GP0053;20GP;JULGAMENTO DE CAUSAS E GESTAO ADMINISTRATIVA NA JUSTICA ELEI;0002;CAPACITACAO DE RECURSOS HUMANOS;084783;-8;SEM INFORMACAO;0100;RECURSOS ORDINARIOS;1;ORCAMENTO FISCAL;3;DESPESAS CORRENTES;3;OUTRAS DESPESAS CORRENTES;00;[A DETALHAR];339000;APLICACOES DIRETAS;339000-9;NAO SE APLICA;-9;NAO SE APLICA;-9;NAO SE APLICA;-9;NAO SE APLICA;NAO SE APLICA;-9;-9;-9;ALTERACAO PARA REFORCO DO PE 32 (PA 0000615-09.2018);-9;NAO SE APLICA;(2.632,50);(2.632,50);;;(2.632,50);;;;;;;;;;;;;;;
14107;TRIBUNAL REGIONAL ELEITORAL DO DIST. FEDERAL;070025;TRIBUNAL REGIONAL ELEITORAL DO D. FEDERAL;02122057020GP0053;20GP;JULGAMENTO DE CAUSAS E GESTAO ADMINISTRATIVA NA JUSTICA ELEI;0002;CAPACITACAO DE RECURSOS HUMANOS;084783;-8;SEM INFORMACAO;0100;RECURSOS ORDINARIOS;1;ORCAMENTO FISCAL;3;DESPESAS CORRENTES;3;OUTRAS DESPESAS CORRENTES;00;[A DETALHAR];339000;APLICACOES DIRETAS;339000-9;NAO SE APLICA;-9;NAO SE APLICA;-9;NAO SE APLICA;-9;NAO SE APLICA;NAO SE APLICA;-9;-9;-9;ALTERCAO PARA EMISSAO DE PE - CURSO TEMAS FUNDAMENTAIS E APLICADOS PARA A  CONTRATACAO DE TERCEIRIZACAO DE SERVICOS DE ACORDO COM A IN Nº 05/17 E O TCU.    (PA 0000801-32.2018.6.07.8100);-9;NAO SE APLICA;(7.580,00);(7.580,00);;;(7.580,00);;;;;;;;;;;;;;;
14107;TRIBUNAL REGIONAL ELEITORAL DO DIST. FEDERAL;070025;TRIBUNAL REGIONAL ELEITORAL DO D. FEDERAL;02122057020GP0053;20GP;JULGAMENTO DE CAUSAS E GESTAO ADMINISTRATIVA NA JUSTICA ELEI;0002;CAPACITACAO DE RECURSOS HUMANOS;084783;-8;SEM INFORMACAO;0100;RECURSOS ORDINARIOS;1;ORCAMENTO FISCAL;3;DESPESAS CORRENTES;3;OUTRAS DESPESAS CORRENTES;00;[A DETALHAR];339000;APLICACOES DIRETAS;339000-9;NAO SE APLICA;-9;NAO SE APLICA;-9;NAO SE APLICA;-9;NAO SE APLICA;NAO SE APLICA;-9;-9;-9;ANULACAO DA NE 44/2018 - PARTICIPACAO DA SERVIDORA CAROLINA GESTA QUEIROZ NO  CURSO COMPLETO DE LICITACOES E CONTRATOS. (PA 0006071-71.2017.6.07.8100);-9;NAO SE APLICA;2.490,00;2.490,00;;;2.490,00;;;;;;;;;;;;;;;
14107;TRIBUNAL REGIONAL ELEITORAL DO DIST. FEDERAL;070025;TRIBUNAL REGIONAL ELEITORAL DO D. FEDERAL;02122057020GP0053;20GP;JULGAMENTO DE CAUSAS E GESTAO ADMINISTRATIVA NA JUSTICA ELEI;0002;CAPACITACAO DE RECURSOS HUMANOS;084783;-8;SEM INFORMACAO;0100;RECURSOS ORDINARIOS;1;ORCAMENTO FISCAL;3;DESPESAS CORRENTES;3;OUTRAS DESPESAS CORRENTES;00;[A DETALHAR];339000;APLICACOES DIRETAS;339000-9;NAO SE APLICA;-9;NAO SE APLICA;-9;NAO SE APLICA;-9;NAO SE APLICA;NAO SE APLICA;-9;-9;-9;DOCUMENTO LANCADO PELA FITA SOF ESB0009;-9;NAO SE APLICA;303.329,00;303.329,00;;;303.329,00;;;;;;;;;;;;;;;
14107;TRIBUNAL REGIONAL ELEITORAL DO DIST. FEDERAL;070025;TRIBUNAL REGIONAL ELEITORAL DO D. FEDERAL;02122057020GP0053;20GP;JULGAMENTO DE CAUSAS E GESTAO ADMINISTRATIVA NA JUSTICA ELEI;0002;CAPACITACAO DE RECURSOS HUMANOS;084783;-8;SEM INFORMACAO;0100;RECURSOS ORDINARIOS;1;ORCAMENTO FISCAL;3;DESPESAS CORRENTES;3;OUTRAS DESPESAS CORRENTES;00;[A DETALHAR];339000;APLICACOES DIRETAS;339000-9;NAO SE APLICA;-9;NAO SE APLICA;-9;NAO SE APLICA;-9;NAO SE APLICA;NAO SE APLICA;-9;-9;-9;RETORNO AO DISPONIVEL - ANULACAO NE Nº162/2018. (PA 0001045-58.2018.6.07.8100);-9;NAO SE APLICA;2.890,00;2.890,00;;;2.890,00;;;;;;;;;;;;;;;
14107;TRIBUNAL REGIONAL ELEITORAL DO DIST. FEDERAL;070025;TRIBUNAL REGIONAL ELEITORAL DO D. FEDERAL;02122057020GP0053;20GP;JULGAMENTO DE CAUSAS E GESTAO ADMINISTRATIVA NA JUSTICA ELEI;0002;CAPACITACAO DE RECURSOS HUMANOS;084783;-8;SEM INFORMACAO;0100;RECURSOS ORDINARIOS;1;ORCAMENTO FISCAL;3;DESPESAS CORRENTES;3;OUTRAS DESPESAS CORRENTES;00;[A DETALHAR];339000;APLICACOES DIRETAS;339000-9;NAO SE APLICA;-9;NAO SE APLICA;-9;NAO SE APLICA;-9;NAO SE APLICA;NAO SE APLICA;-9;-9;-9;RETORNO AO DISPONIVEL PARA EMPENHO NO PTRES 084782;-9;NAO SE APLICA;55.000,00;55.000,00;;;55.000,00;;;;;;;;;;;;;;;
14107;TRIBUNAL REGIONAL ELEITORAL DO DIST. FEDERAL;070025;TRIBUNAL REGIONAL ELEITORAL DO D. FEDERAL;02122057020GP0053;20GP;JULGAMENTO DE CAUSAS E GESTAO ADMINISTRATIVA NA JUSTICA ELEI;0002;CAPACITACAO DE RECURSOS HUMANOS;084783;-8;SEM INFORMACAO;0100;RECURSOS ORDINARIOS;1;ORCAMENTO FISCAL;3;DESPESAS CORRENTES;3;OUTRAS DESPESAS CORRENTES;00;[A DETALHAR];339000;APLICACOES DIRETAS;339000-9;NAO SE APLICA;-9;NAO SE APLICA;-9;NAO SE APLICA;-9;NAO SE APLICA;NAO SE APLICA;-9;-9;-9;RETORNO AO DISPONIVEL.;-9;NAO SE APLICA;2.632,50;2.632,50;;;2.632,50;;;;;;;;;;;;;;;
14107;TRIBUNAL REGIONAL ELEITORAL DO DIST. FEDERAL;070025;TRIBUNAL REGIONAL ELEITORAL DO D. FEDERAL;02122057020GP0053;20GP;JULGAMENTO DE CAUSAS E GESTAO ADMINISTRATIVA NA JUSTICA ELEI;0002;CAPACITACAO DE RECURSOS HUMANOS;084783;AOSA DIAMEM;DIARIAS PARA MEMBROS;0100;RECURSOS ORDINARIOS;1;ORCAMENTO FISCAL;3;DESPESAS CORRENTES;3;OUTRAS DESPESAS CORRENTES;14;DIARIAS - PESSOAL CIVIL;339014;DIARIAS - PESSOAL CIVIL;339014-9;NAO SE APLICA;-9;NAO SE APLICA;-9;NAO SE APLICA;-9;NAO SE APLICA;NAO SE APLICA;-9;-9;-9;ALTERACAO PARA EMISSAO DE NE - DIARIAS PARA MEMBROS E SERVIDORES;-9;NAO SE APLICA;25.000,00;25.000,00;;;25.000,00;;;;;;;;;;;;;;;
14107;TRIBUNAL REGIONAL ELEITORAL DO DIST. FEDERAL;070025;TRIBUNAL REGIONAL ELEITORAL DO D. FEDERAL;02122057020GP0053;20GP;JULGAMENTO DE CAUSAS E GESTAO ADMINISTRATIVA NA JUSTICA ELEI;0002;CAPACITACAO DE RECURSOS HUMANOS;084783;AOSA DIAMEM;DIARIAS PARA MEMBROS;0100;RECURSOS ORDINARIOS;1;ORCAMENTO FISCAL;3;DESPESAS CORRENTES;3;OUTRAS DESPESAS CORRENTES;14;DIARIAS - PESSOAL CIVIL;339014;DIARIAS - PESSOAL CIVIL;339014-9;NAO SE APLICA;-9;NAO SE APLICA;-9;NAO SE APLICA;-9;NAO SE APLICA;NAO SE APLICA;-9;-9;-9;RETORNO AO DISPONIVEL PARA EMPENHO NO PTRES 084782;-9;NAO SE APLICA;(25.000,00);(25.000,00);;;(25.000,00);;;;;;;;;;;;;;;
14107;TRIBUNAL REGIONAL ELEITORAL DO DIST. FEDERAL;070025;TRIBUNAL REGIONAL ELEITORAL DO D. FEDERAL;02122057020GP0053;20GP;JULGAMENTO DE CAUSAS E GESTAO ADMINISTRATIVA NA JUSTICA ELEI;0002;CAPACITACAO DE RECURSOS HUMANOS;084783;AOSA DIARIA;DIARIAS PARA SERVIDORES;0100;RECURSOS ORDINARIOS;1;ORCAMENTO FISCAL;3;DESPESAS CORRENTES;3;OUTRAS DESPESAS CORRENTES;14;DIARIAS - PESSOAL CIVIL;339014;DIARIAS - PESSOAL CIVIL;339014-9;NAO SE APLICA;-9;NAO SE APLICA;-9;NAO SE APLICA;-9;NAO SE APLICA;NAO SE APLICA;-9;-9;-9;ALTERACAO PARA EMISSAO DE NE - DIARIAS PARA MEMBROS E SERVIDORES;-9;NAO SE APLICA;30.000,00;30.000,00;;;30.000,00;;;;;;;;;;;;;;;
14107;TRIBUNAL REGIONAL ELEITORAL DO DIST. FEDERAL;070025;TRIBUNAL REGIONAL ELEITORAL DO D. FEDERAL;02122057020GP0053;20GP;JULGAMENTO DE CAUSAS E GESTAO ADMINISTRATIVA NA JUSTICA ELEI;0002;CAPACITACAO DE RECURSOS HUMANOS;084783;AOSA DIARIA;DIARIAS PARA SERVIDORES;0100;RECURSOS ORDINARIOS;1;ORCAMENTO FISCAL;3;DESPESAS CORRENTES;3;OUTRAS DESPESAS CORRENTES;14;DIARIAS - PESSOAL CIVIL;339014;DIARIAS - PESSOAL CIVIL;339014-9;NAO SE APLICA;-9;NAO SE APLICA;-9;NAO SE APLICA;-9;NAO SE APLICA;NAO SE APLICA;-9;-9;-9;RETORNO AO DISPONIVEL PARA EMPENHO NO PTRES 084782;-9;NAO SE APLICA;(30.000,00);(30.000,00);;;(30.000,00);;;;;;;;;;;;;;;
14107;TRIBUNAL REGIONAL ELEITORAL DO DIST. FEDERAL;070025;TRIBUNAL REGIONAL ELEITORAL DO D. FEDERAL;02122057020GP0053;20GP;JULGAMENTO DE CAUSAS E GESTAO ADMINISTRATIVA NA JUSTICA ELEI;0002;CAPACITACAO DE RECURSOS HUMANOS;084783;AOSA PASMEM;PASSAGENS PARA MEMBROS;0100;RECURSOS ORDINARIOS;1;ORCAMENTO FISCAL;3;DESPESAS CORRENTES;3;OUTRAS DESPESAS CORRENTES;92;DESPESAS DE EXERCICIOS ANTERIORES;339092;DESPESAS DE EXERCICIOS ANTERIORES;339092-9;NAO SE APLICA;-9;NAO SE APLICA;-9;NAO SE APLICA;-9;NAO SE APLICA;NAO SE APLICA;-9;-9;-9;13CT0003 - PRESTACAO DE SERVICOS DE AGENCIAMENTO DE VIAGENS. CONTRATO Nº 03/13TERMO ADITIVO Nº 05 - MEMBROS. EXERCICIOS ANTERIORES.;-9;NAO SE APLICA;;;;;(1.423,13);;;;;;;;;;;;;;;
14107;TRIBUNAL REGIONAL ELEITORAL DO DIST. FEDERAL;070025;TRIBUNAL REGIONAL ELEITORAL DO D. FEDERAL;02122057020GP0053;20GP;JULGAMENTO DE CAUSAS E GESTAO ADMINISTRATIVA NA JUSTICA ELEI;0002;CAPACITACAO DE RECURSOS HUMANOS;084783;AOSA PASMEM;PASSAGENS PARA MEMBROS;0100;RECURSOS ORDINARIOS;1;ORCAMENTO FISCAL;3;DESPESAS CORRENTES;3;OUTRAS DESPESAS CORRENTES;92;DESPESAS DE EXERCICIOS ANTERIORES;339092;DESPESAS DE EXERCICIOS ANTERIORES;339092-9;NAO SE APLICA;-9;NAO SE APLICA;-9;NAO SE APLICA;-9;NAO SE APLICA;NAO SE APLICA;-9;-9;-9;13CT0003 - PRESTACAO DE SERVICOS DE AGENCIAMENTO DE VIAGENS. CONTRATO Nº 03/13TERMO ADITIVO Nº 05 - MEMBROS. EXERCICIOS ANTERIORES.                         ANULACAO PARA CORRECAO DO PTRES.;-9;NAO SE APLICA;;;;;1.423,13;;;;;;;;;;;;;;;
14107;TRIBUNAL REGIONAL ELEITORAL DO DIST. FEDERAL;070025;TRIBUNAL REGIONAL ELEITORAL DO D. FEDERAL;02122057020GP0053;20GP;JULGAMENTO DE CAUSAS E GESTAO ADMINISTRATIVA NA JUSTICA ELEI;0002;CAPACITACAO DE RECURSOS HUMANOS;084783;AOSA PASMEM;PASSAGENS PARA MEMBROS;0100;RECURSOS ORDINARIOS;1;ORCAMENTO FISCAL;3;DESPESAS CORRENTES;3;OUTRAS DESPESAS CORRENTES;92;DESPESAS DE EXERCICIOS ANTERIORES;339092;DESPESAS DE EXERCICIOS ANTERIORES;339092-9;NAO SE APLICA;-9;NAO SE APLICA;-9;NAO SE APLICA;-9;NAO SE APLICA;NAO SE APLICA;-9;-9;-9;ALTERACAO P/ CORRIGIR PTRES (EXERCICIO ANTERIOR). SERVICOS DE AGENCIAMENTO DE VIAGENS DE MEMBROS E SERVIDORES. PAE 0002361-77.2016.6.07.8100;-9;NAO SE APLICA;(1.423,13);(1.423,13);;;(1.423,13);;;;;;;;;;;;;;;
14107;TRIBUNAL REGIONAL ELEITORAL DO DIST. FEDERAL;070025;TRIBUNAL REGIONAL ELEITORAL DO D. FEDERAL;02122057020GP0053;20GP;JULGAMENTO DE CAUSAS E GESTAO ADMINISTRATIVA NA JUSTICA ELEI;0002;CAPACITACAO DE RECURSOS HUMANOS;084783;AOSA PASMEM;PASSAGENS PARA MEMBROS;0100;RECURSOS ORDINARIOS;1;ORCAMENTO FISCAL;3;DESPESAS CORRENTES;3;OUTRAS DESPESAS CORRENTES;92;DESPESAS DE EXERCICIOS ANTERIORES;339092;DESPESAS DE EXERCICIOS ANTERIORES;339092-9;NAO SE APLICA;-9;NAO SE APLICA;-9;NAO SE APLICA;-9;NAO SE APLICA;NAO SE APLICA;-9;-9;-9;ALTERACAO PARA EMISSAO DE NE (EXERCICIO ANTERIOR). SERVICOS DE AGENCIAMENTO DEVIAGENS DE MEMBROS E SERVIDORES. PAE 0002361-77.2016.6.07.8100;-9;NAO SE APLICA;1.423,13;1.423,13;;;1.423,13;;;;;;;;;;;;;;;
14107;TRIBUNAL REGIONAL ELEITORAL DO DIST. FEDERAL;070025;TRIBUNAL REGIONAL ELEITORAL DO D. FEDERAL;02122057020GP0053;20GP;JULGAMENTO DE CAUSAS E GESTAO ADMINISTRATIVA NA JUSTICA ELEI;0002;CAPACITACAO DE RECURSOS HUMANOS;084783;AOSA PASMEM;PASSAGENS PARA MEMBROS;0100;RECURSOS ORDINARIOS;1;ORCAMENTO FISCAL;3;DESPESAS CORRENTES;3;OUTRAS DESPESAS CORRENTES;92;DESPESAS DE EXERCICIOS ANTERIORES;339092;DESPESAS DE EXERCICIOS ANTERIORES;33909233;PASSAGENS E DESPESAS COM LOCOMOCAO;1;ORDINARIO;12;PREGAO;-8;29/01/2018;JAN/2018;2018;070025000012018NE000078;00023617720166078100;13CT0003 - PRESTACAO DE SERVICOS DE AGENCIAMENTO DE VIAGENS. CONTRATO Nº 03/13TERMO ADITIVO Nº 05 - MEMBROS. EXERCICIOS ANTERIORES.;05120923000109;AEROTUR SERVICOS DE VIAGENS LTDA - EPP;;;;;;;;1.423,13;;;;;;;;;;;;
14107;TRIBUNAL REGIONAL ELEITORAL DO DIST. FEDERAL;070025;TRIBUNAL REGIONAL ELEITORAL DO D. FEDERAL;02122057020GP0053;20GP;JULGAMENTO DE CAUSAS E GESTAO ADMINISTRATIVA NA JUSTICA ELEI;0002;CAPACITACAO DE RECURSOS HUMANOS;084783;AOSA PASMEM;PASSAGENS PARA MEMBROS;0100;RECURSOS ORDINARIOS;1;ORCAMENTO FISCAL;3;DESPESAS CORRENTES;3;OUTRAS DESPESAS CORRENTES;92;DESPESAS DE EXERCICIOS ANTERIORES;339092;DESPESAS DE EXERCICIOS ANTERIORES;33909233;PASSAGENS E DESPESAS COM LOCOMOCAO;1;ORDINARIO;12;PREGAO;-8;29/01/2018;JAN/2018;2018;070025000012018NE000078;00023617720166078100;13CT0003 - PRESTACAO DE SERVICOS DE AGENCIAMENTO DE VIAGENS. CONTRATO Nº 03/13TERMO ADITIVO Nº 05 - MEMBROS. EXERCICIOS ANTERIORES.                         ANULACAO PARA CORRECAO DO PTRES.;05120923000109;AEROTUR SERVICOS DE VIAGENS LTDA - EPP;;;;;;;;(1.423,13);;;;;;;;;;;;
14107;TRIBUNAL REGIONAL ELEITORAL DO DIST. FEDERAL;070025;TRIBUNAL REGIONAL ELEITORAL DO D. FEDERAL;02122057020GP0053;20GP;JULGAMENTO DE CAUSAS E GESTAO ADMINISTRATIVA NA JUSTICA ELEI;0002;CAPACITACAO DE RECURSOS HUMANOS;084783;AOSA PASSAG;PASSAGENS PARA SERVIDORES;0100;RECURSOS ORDINARIOS;1;ORCAMENTO FISCAL;3;DESPESAS CORRENTES;3;OUTRAS DESPESAS CORRENTES;92;DESPESAS DE EXERCICIOS ANTERIORES;339092;DESPESAS DE EXERCICIOS ANTERIORES;339092-9;NAO SE APLICA;-9;NAO SE APLICA;-9;NAO SE APLICA;-9;NAO SE APLICA;NAO SE APLICA;-9;-9;-9;13CT0003 - PRESTACAO DE SERVICOS DE AGENCIAMENTO DE VIAGENS. CONTRATO Nº 03/13TERMO ADITIVO Nº 05 - SERVIDORES. EXERCICIOS ANTERIORES.;-9;NAO SE APLICA;;;;;(1.423,13);;;;;;;;;;;;;;;
14107;TRIBUNAL REGIONAL ELEITORAL DO DIST. FEDERAL;070025;TRIBUNAL REGIONAL ELEITORAL DO D. FEDERAL;02122057020GP0053;20GP;JULGAMENTO DE CAUSAS E GESTAO ADMINISTRATIVA NA JUSTICA ELEI;0002;CAPACITACAO DE RECURSOS HUMANOS;084783;AOSA PASSAG;PASSAGENS PARA SERVIDORES;0100;RECURSOS ORDINARIOS;1;ORCAMENTO FISCAL;3;DESPESAS CORRENTES;3;OUTRAS DESPESAS CORRENTES;92;DESPESAS DE EXERCICIOS ANTERIORES;339092;DESPESAS DE EXERCICIOS ANTERIORES;339092-9;NAO SE APLICA;-9;NAO SE APLICA;-9;NAO SE APLICA;-9;NAO SE APLICA;NAO SE APLICA;-9;-9;-9;13CT0003 - PRESTACAO DE SERVICOS DE AGENCIAMENTO DE VIAGENS. CONTRATO Nº 03/13TERMO ADITIVO Nº 05 - SERVIDORES. EXERCICIOS ANTERIORES.                      ANULACAO PARA CORRECAO DO PTRES.;-9;NAO SE APLICA;;;;;1.423,13;;;;;;;;;;;;;;;
14107;TRIBUNAL REGIONAL ELEITORAL DO DIST. FEDERAL;070025;TRIBUNAL REGIONAL ELEITORAL DO D. FEDERAL;02122057020GP0053;20GP;JULGAMENTO DE CAUSAS E GESTAO ADMINISTRATIVA NA JUSTICA ELEI;0002;CAPACITACAO DE RECURSOS HUMANOS;084783;AOSA PASSAG;PASSAGENS PARA SERVIDORES;0100;RECURSOS ORDINARIOS;1;ORCAMENTO FISCAL;3;DESPESAS CORRENTES;3;OUTRAS DESPESAS CORRENTES;92;DESPESAS DE EXERCICIOS ANTERIORES;339092;DESPESAS DE EXERCICIOS ANTERIORES;339092-9;NAO SE APLICA;-9;NAO SE APLICA;-9;NAO SE APLICA;-9;NAO SE APLICA;NAO SE APLICA;-9;-9;-9;ALTERACAO P/ CORRIGIR PTRES (EXERCICIO ANTERIOR). SERVICOS DE AGENCIAMENTO DE VIAGENS DE MEMBROS E SERVIDORES. PAE 0002361-77.2016.6.07.8100;-9;NAO SE APLICA;(1.423,13);(1.423,13);;;(1.423,13);;;;;;;;;;;;;;;
14107;TRIBUNAL REGIONAL ELEITORAL DO DIST. FEDERAL;070025;TRIBUNAL REGIONAL ELEITORAL DO D. FEDERAL;02122057020GP0053;20GP;JULGAMENTO DE CAUSAS E GESTAO ADMINISTRATIVA NA JUSTICA ELEI;0002;CAPACITACAO DE RECURSOS HUMANOS;084783;AOSA PASSAG;PASSAGENS PARA SERVIDORES;0100;RECURSOS ORDINARIOS;1;ORCAMENTO FISCAL;3;DESPESAS CORRENTES;3;OUTRAS DESPESAS CORRENTES;92;DESPESAS DE EXERCICIOS ANTERIORES;339092;DESPESAS DE EXERCICIOS ANTERIORES;339092-9;NAO SE APLICA;-9;NAO SE APLICA;-9;NAO SE APLICA;-9;NAO SE APLICA;NAO SE APLICA;-9;-9;-9;ALTERACAO PARA EMISSAO DE NE (EXERCICIO ANTERIOR). SERVICOS DE AGENCIAMENTO DEVIAGENS DE MEMBROS E SERVIDORES. PAE 0002361-77.2016.6.07.8100;-9;NAO SE APLICA;1.423,13;1.423,13;;;1.423,13;;;;;;;;;;;;;;;
14107;TRIBUNAL REGIONAL ELEITORAL DO DIST. FEDERAL;070025;TRIBUNAL REGIONAL ELEITORAL DO D. FEDERAL;02122057020GP0053;20GP;JULGAMENTO DE CAUSAS E GESTAO ADMINISTRATIVA NA JUSTICA ELEI;0002;CAPACITACAO DE RECURSOS HUMANOS;084783;AOSA PASSAG;PASSAGENS PARA SERVIDORES;0100;RECURSOS ORDINARIOS;1;ORCAMENTO FISCAL;3;DESPESAS CORRENTES;3;OUTRAS DESPESAS CORRENTES;92;DESPESAS DE EXERCICIOS ANTERIORES;339092;DESPESAS DE EXERCICIOS ANTERIORES;33909233;PASSAGENS E DESPESAS COM LOCOMOCAO;1;ORDINARIO;12;PREGAO;-8;29/01/2018;JAN/2018;2018;070025000012018NE000079;00023617720166078100;13CT0003 - PRESTACAO DE SERVICOS DE AGENCIAMENTO DE VIAGENS. CONTRATO Nº 03/13TERMO ADITIVO Nº 05 - SERVIDORES. EXERCICIOS ANTERIORES.;05120923000109;AEROTUR SERVICOS DE VIAGENS LTDA - EPP;;;;;;;;1.423,13;;;;;;;;;;;;
14107;TRIBUNAL REGIONAL ELEITORAL DO DIST. FEDERAL;070025;TRIBUNAL REGIONAL ELEITORAL DO D. FEDERAL;02122057020GP0053;20GP;JULGAMENTO DE CAUSAS E GESTAO ADMINISTRATIVA NA JUSTICA ELEI;0002;CAPACITACAO DE RECURSOS HUMANOS;084783;AOSA PASSAG;PASSAGENS PARA SERVIDORES;0100;RECURSOS ORDINARIOS;1;ORCAMENTO FISCAL;3;DESPESAS CORRENTES;3;OUTRAS DESPESAS CORRENTES;92;DESPESAS DE EXERCICIOS ANTERIORES;339092;DESPESAS DE EXERCICIOS ANTERIORES;33909233;PASSAGENS E DESPESAS COM LOCOMOCAO;1;ORDINARIO;12;PREGAO;-8;29/01/2018;JAN/2018;2018;070025000012018NE000079;00023617720166078100;13CT0003 - PRESTACAO DE SERVICOS DE AGENCIAMENTO DE VIAGENS. CONTRATO Nº 03/13TERMO ADITIVO Nº 05 - SERVIDORES. EXERCICIOS ANTERIORES.                      ANULACAO PARA CORRECAO DO PTRES.;05120923000109;AEROTUR SERVICOS DE VIAGENS LTDA - EPP;;;;;;;;(1.423,13);;;;;;;;;;;;
14107;TRIBUNAL REGIONAL ELEITORAL DO DIST. FEDERAL;070025;TRIBUNAL REGIONAL ELEITORAL DO D. FEDERAL;02122057020GP0053;20GP;JULGAMENTO DE CAUSAS E GESTAO ADMINISTRATIVA NA JUSTICA ELEI;0002;CAPACITACAO DE RECURSOS HUMANOS;084783;EDF TREINA;CAPACITACAO DE RH - PLANO DE CAPACITACAO;0100;RECURSOS ORDINARIOS;1;ORCAMENTO FISCAL;3;DESPESAS CORRENTES;3;OUTRAS DESPESAS CORRENTES;14;DIARIAS - PESSOAL CIVIL;339014;DIARIAS - PESSOAL CIVIL;339014-9;NAO SE APLICA;-9;NAO SE APLICA;-9;NAO SE APLICA;-9;NAO SE APLICA;NAO SE APLICA;-9;-9;-9;2018NECT - DIARIAS - CAPACITACAO.;-9;NAO SE APLICA;;;;;(20.000,00);;;;;;;;;;;;;;;
14107;TRIBUNAL REGIONAL ELEITORAL DO DIST. FEDERAL;070025;TRIBUNAL REGIONAL ELEITORAL DO D. FEDERAL;02122057020GP0053;20GP;JULGAMENTO DE CAUSAS E GESTAO ADMINISTRATIVA NA JUSTICA ELEI;0002;CAPACITACAO DE RECURSOS HUMANOS;084783;EDF TREINA;CAPACITACAO DE RH - PLANO DE CAPACITACAO;0100;RECURSOS ORDINARIOS;1;ORCAMENTO FISCAL;3;DESPESAS CORRENTES;3;OUTRAS DESPESAS CORRENTES;14;DIARIAS - PESSOAL CIVIL;339014;DIARIAS - PESSOAL CIVIL;339014-9;NAO SE APLICA;-9;NAO SE APLICA;-9;NAO SE APLICA;-9;NAO SE APLICA;NAO SE APLICA;-9;-9;-9;ALTERACAO PARA EMISSAO DE NE - DIARIAS CAPACITACAO DE SERVIDORES;-9;NAO SE APLICA;20.000,00;20.000,00;;;20.000,00;;;;;;;;;;;;;;;
14107;TRIBUNAL REGIONAL ELEITORAL DO DIST. FEDERAL;070025;TRIBUNAL REGIONAL ELEITORAL DO D. FEDERAL;02122057020GP0053;20GP;JULGAMENTO DE CAUSAS E GESTAO ADMINISTRATIVA NA JUSTICA ELEI;0002;CAPACITACAO DE RECURSOS HUMANOS;084783;EDF TREINA;CAPACITACAO DE RH - PLANO DE CAPACITACAO;0100;RECURSOS ORDINARIOS;1;ORCAMENTO FISCAL;3;DESPESAS CORRENTES;3;OUTRAS DESPESAS CORRENTES;14;DIARIAS - PESSOAL CIVIL;339014;DIARIAS - PESSOAL CIVIL;33901414;DIARIAS NO PAIS;3;ESTIMATIVO;08;NAO SE APLICA;-8;20/02/2018;FEV/2018;2018;070025000012018NE000116;DIARIAS CAPACITACAO;2018NECT - DIARIAS - CAPACITACAO.;070025;TRIBUNAL REGIONAL ELEITORAL DO D. FEDERAL;;;;;;;;20.000,00;;;;;;;;;;;;
14107;TRIBUNAL REGIONAL ELEITORAL DO DIST. FEDERAL;070025;TRIBUNAL REGIONAL ELEITORAL DO D. FEDERAL;02122057020GP0053;20GP;JULGAMENTO DE CAUSAS E GESTAO ADMINISTRATIVA NA JUSTICA ELEI;0002;CAPACITACAO DE RECURSOS HUMANOS;084783;EDF TREINA;CAPACITACAO DE RH - PLANO DE CAPACITACAO;0100;RECURSOS ORDINARIOS;1;ORCAMENTO FISCAL;3;DESPESAS CORRENTES;3;OUTRAS DESPESAS CORRENTES;14;DIARIAS - PESSOAL CIVIL;339014;DIARIAS - PESSOAL CIVIL;33901414;DIARIAS NO PAIS;3;ESTIMATIVO;08;NAO SE APLICA;-8;20/02/2018;FEV/2018;2018;070025000012018NE000116;DIARIAS CAPACITACAO;PAGTO 3,5 DIARIAS PARA PARTICIPACAO NO TREINAMENTO VEEAM, DE 18 A 22/2/2018 EM SAO PAULO-SP. PA 5589-26.2017;070025;TRIBUNAL REGIONAL ELEITORAL DO D. FEDERAL;;;;;;;;0,00;1.806,00;1.806,00;;;;;;;;;1.806,00;1.806,00
14107;TRIBUNAL REGIONAL ELEITORAL DO DIST. FEDERAL;070025;TRIBUNAL REGIONAL ELEITORAL DO D. FEDERAL;02122057020GP0053;20GP;JULGAMENTO DE CAUSAS E GESTAO ADMINISTRATIVA NA JUSTICA ELEI;0002;CAPACITACAO DE RECURSOS HUMANOS;084783;EDF TREINA;CAPACITACAO DE RH - PLANO DE CAPACITACAO;0100;RECURSOS ORDINARIOS;1;ORCAMENTO FISCAL;3;DESPESAS CORRENTES;3;OUTRAS DESPESAS CORRENTES;14;DIARIAS - PESSOAL CIVIL;339014;DIARIAS - PESSOAL CIVIL;33901414;DIARIAS NO PAIS;3;ESTIMATIVO;08;NAO SE APLICA;-8;20/02/2018;FEV/2018;2018;070025000012018NE000116;DIARIAS CAPACITACAO;PAGTO 5,5 DIARIAS PARA PARTICIPACAO NO 13O. CONGRESSO BRASILEIRO DE PREGOEIROS, 19 A 22/03/2018 EM FOZ DO IGUACU/PR. PA 5921-90.2017;070025;TRIBUNAL REGIONAL ELEITORAL DO D. FEDERAL;;;;;;;;0,00;5.292,00;5.292,00;;;;;;;;;5.292,00;5.292,00
14107;TRIBUNAL REGIONAL ELEITORAL DO DIST. FEDERAL;070025;TRIBUNAL REGIONAL ELEITORAL DO D. FEDERAL;02122057020GP0053;20GP;JULGAMENTO DE CAUSAS E GESTAO ADMINISTRATIVA NA JUSTICA ELEI;0002;CAPACITACAO DE RECURSOS HUMANOS;084783;EDF TREINA;CAPACITACAO DE RH - PLANO DE CAPACITACAO;0100;RECURSOS ORDINARIOS;1;ORCAMENTO FISCAL;3;DESPESAS CORRENTES;3;OUTRAS DESPESAS CORRENTES;33;PASSAGENS E DESPESAS COM LOCOMOCAO;339033;PASSAGENS E DESPESAS COM LOCOMOCAO;339033-9;NAO SE APLICA;-9;NAO SE APLICA;-9;NAO SE APLICA;-9;NAO SE APLICA;NAO SE APLICA;-9;-9;-9;13CT0003 - PRESTACAO DE SERVICOS DE AGENCIAMENTO DE VIAGENS. CONTRATO Nº 03/13TERMO ADITIVO Nº 05 - CAPACITACAO.;-9;NAO SE APLICA;;;;;(1.943,20);;;;;;;;;;;;;;;
14107;TRIBUNAL REGIONAL ELEITORAL DO DIST. FEDERAL;070025;TRIBUNAL REGIONAL ELEITORAL DO D. FEDERAL;02122057020GP0053;20GP;JULGAMENTO DE CAUSAS E GESTAO ADMINISTRATIVA NA JUSTICA ELEI;0002;CAPACITACAO DE RECURSOS HUMANOS;084783;EDF TREINA;CAPACITACAO DE RH - PLANO DE CAPACITACAO;0100;RECURSOS ORDINARIOS;1;ORCAMENTO FISCAL;3;DESPESAS CORRENTES;3;OUTRAS DESPESAS CORRENTES;33;PASSAGENS E DESPESAS COM LOCOMOCAO;339033;PASSAGENS E DESPESAS COM LOCOMOCAO;339033-9;NAO SE APLICA;-9;NAO SE APLICA;-9;NAO SE APLICA;-9;NAO SE APLICA;NAO SE APLICA;-9;-9;-9;13CT0003 - PRESTACAO DE SERVICOS DE AGENCIAMENTO DE VIAGENS. CONTRATO Nº 03/13TERMO ADITIVO Nº 05 - CAPACITACAO. REFORCO.;-9;NAO SE APLICA;;;;;(1.158,92);;;;;;;;;;;;;;;
14107;TRIBUNAL REGIONAL ELEITORAL DO DIST. FEDERAL;070025;TRIBUNAL REGIONAL ELEITORAL DO D. FEDERAL;02122057020GP0053;20GP;JULGAMENTO DE CAUSAS E GESTAO ADMINISTRATIVA NA JUSTICA ELEI;0002;CAPACITACAO DE RECURSOS HUMANOS;084783;EDF TREINA;CAPACITACAO DE RH - PLANO DE CAPACITACAO;0100;RECURSOS ORDINARIOS;1;ORCAMENTO FISCAL;3;DESPESAS CORRENTES;3;OUTRAS DESPESAS CORRENTES;33;PASSAGENS E DESPESAS COM LOCOMOCAO;339033;PASSAGENS E DESPESAS COM LOCOMOCAO;339033-9;NAO SE APLICA;-9;NAO SE APLICA;-9;NAO SE APLICA;-9;NAO SE APLICA;NAO SE APLICA;-9;-9;-9;18CT0002 - CONTRATO DE PRESTACAO DE SERVICOS DE AGENCIAMENTO DE VIAGENS,COMPREENDENDO OS SERVICOS DE EMISSAO, REMARCACAO E CANCELAMENTO DE PASSAGENS  AEREASNACIONAIS E INTERNACIONAIS - CAPACITACAO. ANULACAO.;-9;NAO SE APLICA;;;;;10.000,00;;;;;;;;;;;;;;;
14107;TRIBUNAL REGIONAL ELEITORAL DO DIST. FEDERAL;070025;TRIBUNAL REGIONAL ELEITORAL DO D. FEDERAL;02122057020GP0053;20GP;JULGAMENTO DE CAUSAS E GESTAO ADMINISTRATIVA NA JUSTICA ELEI;0002;CAPACITACAO DE RECURSOS HUMANOS;084783;EDF TREINA;CAPACITACAO DE RH - PLANO DE CAPACITACAO;0100;RECURSOS ORDINARIOS;1;ORCAMENTO FISCAL;3;DESPESAS CORRENTES;3;OUTRAS DESPESAS CORRENTES;33;PASSAGENS E DESPESAS COM LOCOMOCAO;339033;PASSAGENS E DESPESAS COM LOCOMOCAO;339033-9;NAO SE APLICA;-9;NAO SE APLICA;-9;NAO SE APLICA;-9;NAO SE APLICA;NAO SE APLICA;-9;-9;-9;18CT0002 - CONTRATO DE PRESTACAO DE SERVICOS DE AGENCIAMENTO DE VIAGENS,COMPREENDENDO OS SERVICOS DE EMISSAO, REMARCACAO E CANCELAMENTO DE PASSAGENS  AEREASNACIONAIS E INTERNACIONAIS - CAPACITACAO. PE Nº18/2017, ARP Nº31/2017.;-9;NAO SE APLICA;;;;;(10.000,00);;;;;;;;;;;;;;;
14107;TRIBUNAL REGIONAL ELEITORAL DO DIST. FEDERAL;070025;TRIBUNAL REGIONAL ELEITORAL DO D. FEDERAL;02122057020GP0053;20GP;JULGAMENTO DE CAUSAS E GESTAO ADMINISTRATIVA NA JUSTICA ELEI;0002;CAPACITACAO DE RECURSOS HUMANOS;084783;EDF TREINA;CAPACITACAO DE RH - PLANO DE CAPACITACAO;0100;RECURSOS ORDINARIOS;1;ORCAMENTO FISCAL;3;DESPESAS CORRENTES;3;OUTRAS DESPESAS CORRENTES;33;PASSAGENS E DESPESAS COM LOCOMOCAO;339033;PASSAGENS E DESPESAS COM LOCOMOCAO;339033-9;NAO SE APLICA;-9;NAO SE APLICA;-9;NAO SE APLICA;-9;NAO SE APLICA;NAO SE APLICA;-9;-9;-9;18CT0002 - SERVICOS DE AGENCIAMENTO DE VIAGENS. ADESAO A ARP Nº 31/2017 - PRE GAO ELETRONICO Nº 18/2017 DAS CENTRAIS ELETRICAS DE RONDONIA.                 CONTRATO Nº 02/2018. CAPACITACAO.;-9;NAO SE APLICA;;;;;(10.000,00);;;;;;;;;;;;;;;
14107;TRIBUNAL REGIONAL ELEITORAL DO DIST. FEDERAL;070025;TRIBUNAL REGIONAL ELEITORAL DO D. FEDERAL;02122057020GP0053;20GP;JULGAMENTO DE CAUSAS E GESTAO ADMINISTRATIVA NA JUSTICA ELEI;0002;CAPACITACAO DE RECURSOS HUMANOS;084783;EDF TREINA;CAPACITACAO DE RH - PLANO DE CAPACITACAO;0100;RECURSOS ORDINARIOS;1;ORCAMENTO FISCAL;3;DESPESAS CORRENTES;3;OUTRAS DESPESAS CORRENTES;33;PASSAGENS E DESPESAS COM LOCOMOCAO;339033;PASSAGENS E DESPESAS COM LOCOMOCAO;339033-9;NAO SE APLICA;-9;NAO SE APLICA;-9;NAO SE APLICA;-9;NAO SE APLICA;NAO SE APLICA;-9;-9;-9;ALTERACAO PARA EMISSAO DE NE. PASSAGENS PARA SERVIDORES (CAPACITACAO).        PAE 0002361-77.2016.6.07.8100;-9;NAO SE APLICA;1.943,20;1.943,20;;;1.943,20;;;;;;;;;;;;;;;
14107;TRIBUNAL REGIONAL ELEITORAL DO DIST. FEDERAL;070025;TRIBUNAL REGIONAL ELEITORAL DO D. FEDERAL;02122057020GP0053;20GP;JULGAMENTO DE CAUSAS E GESTAO ADMINISTRATIVA NA JUSTICA ELEI;0002;CAPACITACAO DE RECURSOS HUMANOS;084783;EDF TREINA;CAPACITACAO DE RH - PLANO DE CAPACITACAO;0100;RECURSOS ORDINARIOS;1;ORCAMENTO FISCAL;3;DESPESAS CORRENTES;3;OUTRAS DESPESAS CORRENTES;33;PASSAGENS E DESPESAS COM LOCOMOCAO;339033;PASSAGENS E DESPESAS COM LOCOMOCAO;339033-9;NAO SE APLICA;-9;NAO SE APLICA;-9;NAO SE APLICA;-9;NAO SE APLICA;NAO SE APLICA;-9;-9;-9;ALTERACAO PARA EMISSAO DE PRE-EMPENHO - SERVICOS DE AGENCIAMENTO DE VIAGENS   (PA 0004389-81.2017.6.07.8100);-9;NAO SE APLICA;10.000,00;10.000,00;;;10.000,00;;;;;;;;;;;;;;;
14107;TRIBUNAL REGIONAL ELEITORAL DO DIST. FEDERAL;070025;TRIBUNAL REGIONAL ELEITORAL DO D. FEDERAL;02122057020GP0053;20GP;JULGAMENTO DE CAUSAS E GESTAO ADMINISTRATIVA NA JUSTICA ELEI;0002;CAPACITACAO DE RECURSOS HUMANOS;084783;EDF TREINA;CAPACITACAO DE RH - PLANO DE CAPACITACAO;0100;RECURSOS ORDINARIOS;1;ORCAMENTO FISCAL;3;DESPESAS CORRENTES;3;OUTRAS DESPESAS CORRENTES;33;PASSAGENS E DESPESAS COM LOCOMOCAO;339033;PASSAGENS E DESPESAS COM LOCOMOCAO;339033-9;NAO SE APLICA;-9;NAO SE APLICA;-9;NAO SE APLICA;-9;NAO SE APLICA;NAO SE APLICA;-9;-9;-9;ALTERACAO PARA REFORCO DE NE. PASSAGENS PARA SERVIDORES - CAPACITACAO.        PAE 0002361-77.2016.6.07.8100;-9;NAO SE APLICA;1.158,92;1.158,92;;;1.158,92;;;;;;;;;;;;;;;
14107;TRIBUNAL REGIONAL ELEITORAL DO DIST. FEDERAL;070025;TRIBUNAL REGIONAL ELEITORAL DO D. FEDERAL;02122057020GP0053;20GP;JULGAMENTO DE CAUSAS E GESTAO ADMINISTRATIVA NA JUSTICA ELEI;0002;CAPACITACAO DE RECURSOS HUMANOS;084783;EDF TREINA;CAPACITACAO DE RH - PLANO DE CAPACITACAO;0100;RECURSOS ORDINARIOS;1;ORCAMENTO FISCAL;3;DESPESAS CORRENTES;3;OUTRAS DESPESAS CORRENTES;33;PASSAGENS E DESPESAS COM LOCOMOCAO;339033;PASSAGENS E DESPESAS COM LOCOMOCAO;339033-9;NAO SE APLICA;-9;NAO SE APLICA;-9;NAO SE APLICA;-9;NAO SE APLICA;NAO SE APLICA;-9;-9;-9;ANULACAO DE PE PARA EMISSAO DE NE - PRESTACAO DE SERVICOS DE AGENCIAMENTO DE  VIAGENS - CAPACITACAO. (PA 0004389-81.2017.6.07.8100);-9;NAO SE APLICA;;;;;10.000,00;(10.000,00);(10.000,00);;;;;;;;;;;;;
14107;TRIBUNAL REGIONAL ELEITORAL DO DIST. FEDERAL;070025;TRIBUNAL REGIONAL ELEITORAL DO D. FEDERAL;02122057020GP0053;20GP;JULGAMENTO DE CAUSAS E GESTAO ADMINISTRATIVA NA JUSTICA ELEI;0002;CAPACITACAO DE RECURSOS HUMANOS;084783;EDF TREINA;CAPACITACAO DE RH - PLANO DE CAPACITACAO;0100;RECURSOS ORDINARIOS;1;ORCAMENTO FISCAL;3;DESPESAS CORRENTES;3;OUTRAS DESPESAS CORRENTES;33;PASSAGENS E DESPESAS COM LOCOMOCAO;339033;PASSAGENS E DESPESAS COM LOCOMOCAO;339033-9;NAO SE APLICA;-9;NAO SE APLICA;-9;NAO SE APLICA;-9;NAO SE APLICA;NAO SE APLICA;-9;-9;-9;SERVICOS DE AGENCIAMENTO DE VIAGENS - CAPACITACAO DE RECURSOS HUMANOS         (PA 0004389-81.2017.6.07.8100);-9;NAO SE APLICA;;;;;(10.000,00);10.000,00;10.000,00;;;;;;;;;;;;;
14107;TRIBUNAL REGIONAL ELEITORAL DO DIST. FEDERAL;070025;TRIBUNAL REGIONAL ELEITORAL DO D. FEDERAL;02122057020GP0053;20GP;JULGAMENTO DE CAUSAS E GESTAO ADMINISTRATIVA NA JUSTICA ELEI;0002;CAPACITACAO DE RECURSOS HUMANOS;084783;EDF TREINA;CAPACITACAO DE RH - PLANO DE CAPACITACAO;0100;RECURSOS ORDINARIOS;1;ORCAMENTO FISCAL;3;DESPESAS CORRENTES;3;OUTRAS DESPESAS CORRENTES;33;PASSAGENS E DESPESAS COM LOCOMOCAO;339033;PASSAGENS E DESPESAS COM LOCOMOCAO;33903301;PASSAGENS PARA O PAIS;3;ESTIMATIVO;12;PREGAO;-8;23/02/2018;FEV/2018;2018;070025000012018NE000122;00043898120176078100;18CT0002 - CONTRATO DE PRESTACAO DE SERVICOS DE AGENCIAMENTO DE VIAGENS,COMPREENDENDO OS SERVICOS DE EMISSAO, REMARCACAO E CANCELAMENTO DE PASSAGENS  AEREASNACIONAIS E INTERNACIONAIS - CAPACITACAO. ANULACAO.;05917540000158;DECOLANDO TURISMO E REPRESENTACOES LTDA - ME;;;;;;;;(10.000,00);;;;;;;;;;;;
14107;TRIBUNAL REGIONAL ELEITORAL DO DIST. FEDERAL;070025;TRIBUNAL REGIONAL ELEITORAL DO D. FEDERAL;02122057020GP0053;20GP;JULGAMENTO DE CAUSAS E GESTAO ADMINISTRATIVA NA JUSTICA ELEI;0002;CAPACITACAO DE RECURSOS HUMANOS;084783;EDF TREINA;CAPACITACAO DE RH - PLANO DE CAPACITACAO;0100;RECURSOS ORDINARIOS;1;ORCAMENTO FISCAL;3;DESPESAS CORRENTES;3;OUTRAS DESPESAS CORRENTES;33;PASSAGENS E DESPESAS COM LOCOMOCAO;339033;PASSAGENS E DESPESAS COM LOCOMOCAO;33903301;PASSAGENS PARA O PAIS;3;ESTIMATIVO;12;PREGAO;-8;23/02/2018;FEV/2018;2018;070025000012018NE000122;00043898120176078100;18CT0002 - CONTRATO DE PRESTACAO DE SERVICOS DE AGENCIAMENTO DE VIAGENS,COMPREENDENDO OS SERVICOS DE EMISSAO, REMARCACAO E CANCELAMENTO DE PASSAGENS  AEREASNACIONAIS E INTERNACIONAIS - CAPACITACAO. PE Nº18/2017, ARP Nº31/2017.;05917540000158;DECOLANDO TURISMO E REPRESENTACOES LTDA - ME;;;;;;;;10.000,00;;;;;;;;;;;;
14107;TRIBUNAL REGIONAL ELEITORAL DO DIST. FEDERAL;070025;TRIBUNAL REGIONAL ELEITORAL DO D. FEDERAL;02122057020GP0053;20GP;JULGAMENTO DE CAUSAS E GESTAO ADMINISTRATIVA NA JUSTICA ELEI;0002;CAPACITACAO DE RECURSOS HUMANOS;084783;EDF TREINA;CAPACITACAO DE RH - PLANO DE CAPACITACAO;0100;RECURSOS ORDINARIOS;1;ORCAMENTO FISCAL;3;DESPESAS CORRENTES;3;OUTRAS DESPESAS CORRENTES;33;PASSAGENS E DESPESAS COM LOCOMOCAO;339033;PASSAGENS E DESPESAS COM LOCOMOCAO;33903301;PASSAGENS PARA O PAIS;3;ESTIMATIVO;12;PREGAO;-8;23/02/2018;FEV/2018;2018;070025000012018NE000128;00043898120176078100;18CT0002 - SERVICOS DE AGENCIAMENTO DE VIAGENS. ADESAO A ARP Nº 31/2017 - PRE GAO ELETRONICO Nº 18/2017 DAS CENTRAIS ELETRICAS DE RONDONIA.                 CONTRATO Nº 02/2018. CAPACITACAO.;05917540000158;DECOLANDO TURISMO E REPRESENTACOES LTDA - ME;;;;;;;;10.000,00;;;;;;;;;;;;
14107;TRIBUNAL REGIONAL ELEITORAL DO DIST. FEDERAL;070025;TRIBUNAL REGIONAL ELEITORAL DO D. FEDERAL;02122057020GP0053;20GP;JULGAMENTO DE CAUSAS E GESTAO ADMINISTRATIVA NA JUSTICA ELEI;0002;CAPACITACAO DE RECURSOS HUMANOS;084783;EDF TREINA;CAPACITACAO DE RH - PLANO DE CAPACITACAO;0100;RECURSOS ORDINARIOS;1;ORCAMENTO FISCAL;3;DESPESAS CORRENTES;3;OUTRAS DESPESAS CORRENTES;33;PASSAGENS E DESPESAS COM LOCOMOCAO;339033;PASSAGENS E DESPESAS COM LOCOMOCAO;33903301;PASSAGENS PARA O PAIS;3;ESTIMATIVO;12;PREGAO;-8;23/02/2018;FEV/2018;2018;070025000012018NE000128;00043898120176078100;PGTO NF 43.304. PASSAGENS AEREAS. RETENCAO IMP. FEDERAIS 7,05 (R$ 417,63). PA 1531-43.2018;05917540000158;DECOLANDO TURISMO E REPRESENTACOES LTDA - ME;;;;;;;;0,00;2.737,40;2.737,40;;;;;;;;;2.737,40;2.737,40
14107;TRIBUNAL REGIONAL ELEITORAL DO DIST. FEDERAL;070025;TRIBUNAL REGIONAL ELEITORAL DO D. FEDERAL;02122057020GP0053;20GP;JULGAMENTO DE CAUSAS E GESTAO ADMINISTRATIVA NA JUSTICA ELEI;0002;CAPACITACAO DE RECURSOS HUMANOS;084783;EDF TREINA;CAPACITACAO DE RH - PLANO DE CAPACITACAO;0100;RECURSOS ORDINARIOS;1;ORCAMENTO FISCAL;3;DESPESAS CORRENTES;3;OUTRAS DESPESAS CORRENTES;33;PASSAGENS E DESPESAS COM LOCOMOCAO;339033;PASSAGENS E DESPESAS COM LOCOMOCAO;33903301;PASSAGENS PARA O PAIS;3;ESTIMATIVO;12;PREGAO;-8;23/02/2018;FEV/2018;2018;070025000012018NE000128;00043898120176078100;PGTO NF 44.176. PASSAGENS AEREAS. RETENCAO IMP. FEDERAIS 7,05 (R$ 54,40). PA 1531-43.2018;05917540000158;DECOLANDO TURISMO E REPRESENTACOES LTDA - ME;;;;;;;;0,00;771,61;771,61;;;;;;;;;771,61;771,61
14107;TRIBUNAL REGIONAL ELEITORAL DO DIST. FEDERAL;070025;TRIBUNAL REGIONAL ELEITORAL DO D. FEDERAL;02122057020GP0053;20GP;JULGAMENTO DE CAUSAS E GESTAO ADMINISTRATIVA NA JUSTICA ELEI;0002;CAPACITACAO DE RECURSOS HUMANOS;084783;EDF TREINA;CAPACITACAO DE RH - PLANO DE CAPACITACAO;0100;RECURSOS ORDINARIOS;1;ORCAMENTO FISCAL;3;DESPESAS CORRENTES;3;OUTRAS DESPESAS CORRENTES;33;PASSAGENS E DESPESAS COM LOCOMOCAO;339033;PASSAGENS E DESPESAS COM LOCOMOCAO;33903301;PASSAGENS PARA O PAIS;3;ESTIMATIVO;12;PREGAO;-8;23/02/2018;FEV/2018;2018;070025000012018NE000128;00043898120176078100;PGTO NF 44.565. PASSAGENS AEREAS. RETENCAO IMP. FEDERAIS 7,05 (R$ 732,66). PA 1531-43.2018;05917540000158;DECOLANDO TURISMO E REPRESENTACOES LTDA - ME;;;;;;;;0,00;934,60;934,60;;;;;;;;;934,60;934,60
14107;TRIBUNAL REGIONAL ELEITORAL DO DIST. FEDERAL;070025;TRIBUNAL REGIONAL ELEITORAL DO D. FEDERAL;02122057020GP0053;20GP;JULGAMENTO DE CAUSAS E GESTAO ADMINISTRATIVA NA JUSTICA ELEI;0002;CAPACITACAO DE RECURSOS HUMANOS;084783;EDF TREINA;CAPACITACAO DE RH - PLANO DE CAPACITACAO;0100;RECURSOS ORDINARIOS;1;ORCAMENTO FISCAL;3;DESPESAS CORRENTES;3;OUTRAS DESPESAS CORRENTES;33;PASSAGENS E DESPESAS COM LOCOMOCAO;339033;PASSAGENS E DESPESAS COM LOCOMOCAO;33903301;PASSAGENS PARA O PAIS;3;ESTIMATIVO;12;PREGAO;-8;27/02/2018;FEV/2018;2018;070025000012018NE000137;00023617720166078100;13CT0003 - PRESTACAO DE SERVICOS DE AGENCIAMENTO DE VIAGENS. CONTRATO Nº 03/13TERMO ADITIVO Nº 05 - CAPACITACAO.;05120923000109;AEROTUR SERVICOS DE VIAGENS LTDA - EPP;;;;;;;;1.943,20;;;;;;;;;;;;
14107;TRIBUNAL REGIONAL ELEITORAL DO DIST. FEDERAL;070025;TRIBUNAL REGIONAL ELEITORAL DO D. FEDERAL;02122057020GP0053;20GP;JULGAMENTO DE CAUSAS E GESTAO ADMINISTRATIVA NA JUSTICA ELEI;0002;CAPACITACAO DE RECURSOS HUMANOS;084783;EDF TREINA;CAPACITACAO DE RH - PLANO DE CAPACITACAO;0100;RECURSOS ORDINARIOS;1;ORCAMENTO FISCAL;3;DESPESAS CORRENTES;3;OUTRAS DESPESAS CORRENTES;33;PASSAGENS E DESPESAS COM LOCOMOCAO;339033;PASSAGENS E DESPESAS COM LOCOMOCAO;33903301;PASSAGENS PARA O PAIS;3;ESTIMATIVO;12;PREGAO;-8;27/02/2018;FEV/2018;2018;070025000012018NE000137;00023617720166078100;13CT0003 - PRESTACAO DE SERVICOS DE AGENCIAMENTO DE VIAGENS. CONTRATO Nº 03/13TERMO ADITIVO Nº 05 - CAPACITACAO. REFORCO.;05120923000109;AEROTUR SERVICOS DE VIAGENS LTDA - EPP;;;;;;;;1.158,92;;;;;;;;;;;;
14107;TRIBUNAL REGIONAL ELEITORAL DO DIST. FEDERAL;070025;TRIBUNAL REGIONAL ELEITORAL DO D. FEDERAL;02122057020GP0053;20GP;JULGAMENTO DE CAUSAS E GESTAO ADMINISTRATIVA NA JUSTICA ELEI;0002;CAPACITACAO DE RECURSOS HUMANOS;084783;EDF TREINA;CAPACITACAO DE RH - PLANO DE CAPACITACAO;0100;RECURSOS ORDINARIOS;1;ORCAMENTO FISCAL;3;DESPESAS CORRENTES;3;OUTRAS DESPESAS CORRENTES;33;PASSAGENS E DESPESAS COM LOCOMOCAO;339033;PASSAGENS E DESPESAS COM LOCOMOCAO;33903301;PASSAGENS PARA O PAIS;3;ESTIMATIVO;12;PREGAO;-8;27/02/2018;FEV/2018;2018;070025000012018NE000137;00023617720166078100;PGTO FATURA 316502/18. SERVICO DE AGENCIAMENTO DE VIAGENS. RETENCAO IMP. FED. 7,05 TARIFA (R$ 499,18), 7,05 TAXA EMBARQUE (R$ 24,02) E 9,45 RAV (R$ 7,06). PA 2360-92.2016.;05120923000109;AEROTUR SERVICOS DE VIAGENS LTDA - EPP;;;;;;;;0,00;3.102,12;3.102,12;;;;;;;;;3.102,12;3.102,12
14107;TRIBUNAL REGIONAL ELEITORAL DO DIST. FEDERAL;070025;TRIBUNAL REGIONAL ELEITORAL DO D. FEDERAL;02122057020GP0053;20GP;JULGAMENTO DE CAUSAS E GESTAO ADMINISTRATIVA NA JUSTICA ELEI;0002;CAPACITACAO DE RECURSOS HUMANOS;084783;EDF TREINA;CAPACITACAO DE RH - PLANO DE CAPACITACAO;0100;RECURSOS ORDINARIOS;1;ORCAMENTO FISCAL;3;DESPESAS CORRENTES;3;OUTRAS DESPESAS CORRENTES;39;OUTROS SERVICOS DE TERCEIROS PJ - OP.INT.ORC.;339039;OUTROS SERVICOS DE TERCEIROS - PESSOA JURIDICA;339039-9;NAO SE APLICA;-9;NAO SE APLICA;-9;NAO SE APLICA;-9;NAO SE APLICA;NAO SE APLICA;-9;-9;-9;2018NECT - CURSO IN COMPANY:AS NOVAS REGRAS QUANTO AO PLANEJAMENTO,A GESTAO E A FISCALIZACAO ADMINISTRATIVA DOS CONTRATOS DE PRESTACAO DE SERVICOS ESTABELE CIDOS PELA INSTRUCAO NORMATIVA Nº 05/2017. O TERMO DE REFERENCIA INTEGRA A NE.;-9;NAO SE APLICA;;;;;(20.000,00);;;;;;;;;;;;;;;
14107;TRIBUNAL REGIONAL ELEITORAL DO DIST. FEDERAL;070025;TRIBUNAL REGIONAL ELEITORAL DO D. FEDERAL;02122057020GP0053;20GP;JULGAMENTO DE CAUSAS E GESTAO ADMINISTRATIVA NA JUSTICA ELEI;0002;CAPACITACAO DE RECURSOS HUMANOS;084783;EDF TREINA;CAPACITACAO DE RH - PLANO DE CAPACITACAO;0100;RECURSOS ORDINARIOS;1;ORCAMENTO FISCAL;3;DESPESAS CORRENTES;3;OUTRAS DESPESAS CORRENTES;39;OUTROS SERVICOS DE TERCEIROS PJ - OP.INT.ORC.;339039;OUTROS SERVICOS DE TERCEIROS - PESSOA JURIDICA;339039-9;NAO SE APLICA;-9;NAO SE APLICA;-9;NAO SE APLICA;-9;NAO SE APLICA;NAO SE APLICA;-9;-9;-9;2018NECT - PARTIC. DA SERVIDORA CAROLINA G. G. QUEIROZ NO CURSO COMPLETO DE LICITACOES PUBLICAS E CONTRATOS ADMINISTRATIVOS, CONTRATACAO DIRETA,PREGAO E SISTEMA DE REGISTRO DE PRECOS. O TR DA PRESENTE CONTRATACAO INTEGRA A NE.;-9;NAO SE APLICA;;;;;(2.890,00);;;;;;;;;;;;;;;
14107;TRIBUNAL REGIONAL ELEITORAL DO DIST. FEDERAL;070025;TRIBUNAL REGIONAL ELEITORAL DO D. FEDERAL;02122057020GP0053;20GP;JULGAMENTO DE CAUSAS E GESTAO ADMINISTRATIVA NA JUSTICA ELEI;0002;CAPACITACAO DE RECURSOS HUMANOS;084783;EDF TREINA;CAPACITACAO DE RH - PLANO DE CAPACITACAO;0100;RECURSOS ORDINARIOS;1;ORCAMENTO FISCAL;3;DESPESAS CORRENTES;3;OUTRAS DESPESAS CORRENTES;39;OUTROS SERVICOS DE TERCEIROS PJ - OP.INT.ORC.;339039;OUTROS SERVICOS DE TERCEIROS - PESSOA JURIDICA;339039-9;NAO SE APLICA;-9;NAO SE APLICA;-9;NAO SE APLICA;-9;NAO SE APLICA;NAO SE APLICA;-9;-9;-9;2018NECT - PARTIC. DA SERVIDORA CAROLINA G. G. QUEIROZ NO CURSO COMPLETO DE LICITACOES PUBLICAS E CONTRATOS ADMINISTRATIVOS, CONTRATACAO DIRETA,PREGAO E SISTEMA DE REGISTRO DE PRECOS.O TR DA PRESENTE CONTRATACAO INTEGRA A NE. ANULACAO;-9;NAO SE APLICA;;;;;2.890,00;;;;;;;;;;;;;;;
14107;TRIBUNAL REGIONAL ELEITORAL DO DIST. FEDERAL;070025;TRIBUNAL REGIONAL ELEITORAL DO D. FEDERAL;02122057020GP0053;20GP;JULGAMENTO DE CAUSAS E GESTAO ADMINISTRATIVA NA JUSTICA ELEI;0002;CAPACITACAO DE RECURSOS HUMANOS;084783;EDF TREINA;CAPACITACAO DE RH - PLANO DE CAPACITACAO;0100;RECURSOS ORDINARIOS;1;ORCAMENTO FISCAL;3;DESPESAS CORRENTES;3;OUTRAS DESPESAS CORRENTES;39;OUTROS SERVICOS DE TERCEIROS PJ - OP.INT.ORC.;339039;OUTROS SERVICOS DE TERCEIROS - PESSOA JURIDICA;339039-9;NAO SE APLICA;-9;NAO SE APLICA;-9;NAO SE APLICA;-9;NAO SE APLICA;NAO SE APLICA;-9;-9;-9;2018NECT - PARTIC.DAS SERVIDORAS CAROLINA G.G. QUEIROZ E  FRANCISCA MARIA N.S.MAIA NO CURSO TEMAS FUNDAMENTAIS E APLICADOS P/A CONTRAT.DE TERCEIRIZ.DE SERV.DE ACORDO COM A IN Nº05/17 E O TCU. O TR DA PRESENTE CONTRATACAO INTEGRA A NE.;-9;NAO SE APLICA;;;;;(7.580,00);;;;;;;;;;;;;;;
14107;TRIBUNAL REGIONAL ELEITORAL DO DIST. FEDERAL;070025;TRIBUNAL REGIONAL ELEITORAL DO D. FEDERAL;02122057020GP0053;20GP;JULGAMENTO DE CAUSAS E GESTAO ADMINISTRATIVA NA JUSTICA ELEI;0002;CAPACITACAO DE RECURSOS HUMANOS;084783;EDF TREINA;CAPACITACAO DE RH - PLANO DE CAPACITACAO;0100;RECURSOS ORDINARIOS;1;ORCAMENTO FISCAL;3;DESPESAS CORRENTES;3;OUTRAS DESPESAS CORRENTES;39;OUTROS SERVICOS DE TERCEIROS PJ - OP.INT.ORC.;339039;OUTROS SERVICOS DE TERCEIROS - PESSOA JURIDICA;339039-9;NAO SE APLICA;-9;NAO SE APLICA;-9;NAO SE APLICA;-9;NAO SE APLICA;NAO SE APLICA;-9;-9;-9;2018NECT - PARTIC.DAS SERVIDORAS DANIELLA L.C. DE SOUSA E FRANCISCA MARIA N.S.MAIA NO CURSO TEMAS FUNDAMENTAIS E APLICADOS P/A CONTRAT.DE TERCEIRIZ.DE SERV.DE ACORDO COM A IN Nº05/17 E O TCU. O TR DA PRESENTE CONTRATACAO INTEGRA A NE.;-9;NAO SE APLICA;;;;;(7.580,00);;;;;;;;;;;;;;;
14107;TRIBUNAL REGIONAL ELEITORAL DO DIST. FEDERAL;070025;TRIBUNAL REGIONAL ELEITORAL DO D. FEDERAL;02122057020GP0053;20GP;JULGAMENTO DE CAUSAS E GESTAO ADMINISTRATIVA NA JUSTICA ELEI;0002;CAPACITACAO DE RECURSOS HUMANOS;084783;EDF TREINA;CAPACITACAO DE RH - PLANO DE CAPACITACAO;0100;RECURSOS ORDINARIOS;1;ORCAMENTO FISCAL;3;DESPESAS CORRENTES;3;OUTRAS DESPESAS CORRENTES;39;OUTROS SERVICOS DE TERCEIROS PJ - OP.INT.ORC.;339039;OUTROS SERVICOS DE TERCEIROS - PESSOA JURIDICA;339039-9;NAO SE APLICA;-9;NAO SE APLICA;-9;NAO SE APLICA;-9;NAO SE APLICA;NAO SE APLICA;-9;-9;-9;2018NECT - PARTICIP. DA SERVIDORA BRUNA MACHADO VARGAS NO CURSO COMPLETO DE LICITACOES PUBLICAS E CONTRATOS ADMINISTRATIVOS, CONTRATACAO DIRETA,PREGAO E SISTEMA DE REGISTRO DE PRECOS. O TR DA PRESENTE CONTR.INTEGRA A NE. ANULACAO.;-9;NAO SE APLICA;;;;;2.890,00;;;;;;;;;;;;;;;
14107;TRIBUNAL REGIONAL ELEITORAL DO DIST. FEDERAL;070025;TRIBUNAL REGIONAL ELEITORAL DO D. FEDERAL;02122057020GP0053;20GP;JULGAMENTO DE CAUSAS E GESTAO ADMINISTRATIVA NA JUSTICA ELEI;0002;CAPACITACAO DE RECURSOS HUMANOS;084783;EDF TREINA;CAPACITACAO DE RH - PLANO DE CAPACITACAO;0100;RECURSOS ORDINARIOS;1;ORCAMENTO FISCAL;3;DESPESAS CORRENTES;3;OUTRAS DESPESAS CORRENTES;39;OUTROS SERVICOS DE TERCEIROS PJ - OP.INT.ORC.;339039;OUTROS SERVICOS DE TERCEIROS - PESSOA JURIDICA;339039-9;NAO SE APLICA;-9;NAO SE APLICA;-9;NAO SE APLICA;-9;NAO SE APLICA;NAO SE APLICA;-9;-9;-9;2018NECT - PARTICIP. DA SERVIDORA BRUNA MACHADO VARGAS NO CURSO COMPLETO DE LICITACOES PUBLICAS E CONTRATOS ADMINISTRATIVOS, CONTRATACAO DIRETA,PREGAO E SISTEMA DE REGISTRO DE PRECOS. O TR DA PRESENTE CONTRATACAO INTEGRA A NE.;-9;NAO SE APLICA;;;;;(2.890,00);;;;;;;;;;;;;;;
14107;TRIBUNAL REGIONAL ELEITORAL DO DIST. FEDERAL;070025;TRIBUNAL REGIONAL ELEITORAL DO D. FEDERAL;02122057020GP0053;20GP;JULGAMENTO DE CAUSAS E GESTAO ADMINISTRATIVA NA JUSTICA ELEI;0002;CAPACITACAO DE RECURSOS HUMANOS;084783;EDF TREINA;CAPACITACAO DE RH - PLANO DE CAPACITACAO;0100;RECURSOS ORDINARIOS;1;ORCAMENTO FISCAL;3;DESPESAS CORRENTES;3;OUTRAS DESPESAS CORRENTES;39;OUTROS SERVICOS DE TERCEIROS PJ - OP.INT.ORC.;339039;OUTROS SERVICOS DE TERCEIROS - PESSOA JURIDICA;339039-9;NAO SE APLICA;-9;NAO SE APLICA;-9;NAO SE APLICA;-9;NAO SE APLICA;NAO SE APLICA;-9;-9;-9;"2018NECT - PARTICIP. DO SERVIDOR DIEGO RODRIGUES NO EVENTO ""5º CONTRATOS WEEK-SEMANA NACIONAL DE ESTUDOS AVANCADOS EM CONTRATOS ADMINISTRATIVOS"". O TERMO DEREFERENCIA DA CONTRATACAO INTEGRA A NE.";-9;NAO SE APLICA;;;;;(3.971,00);;;;;;;;;;;;;;;
14107;TRIBUNAL REGIONAL ELEITORAL DO DIST. FEDERAL;070025;TRIBUNAL REGIONAL ELEITORAL DO D. FEDERAL;02122057020GP0053;20GP;JULGAMENTO DE CAUSAS E GESTAO ADMINISTRATIVA NA JUSTICA ELEI;0002;CAPACITACAO DE RECURSOS HUMANOS;084783;EDF TREINA;CAPACITACAO DE RH - PLANO DE CAPACITACAO;0100;RECURSOS ORDINARIOS;1;ORCAMENTO FISCAL;3;DESPESAS CORRENTES;3;OUTRAS DESPESAS CORRENTES;39;OUTROS SERVICOS DE TERCEIROS PJ - OP.INT.ORC.;339039;OUTROS SERVICOS DE TERCEIROS - PESSOA JURIDICA;339039-9;NAO SE APLICA;-9;NAO SE APLICA;-9;NAO SE APLICA;-9;NAO SE APLICA;NAO SE APLICA;-9;-9;-9;2018NECT - PARTICIP. DOS SERVIDORES IVANILDO T.DE OLIVEIRA E PATRICIA T.SUMIHARA NO CURSO PRATICO -TESOURO GERENCIAL- CONSULTAS ORCAMENTARIAS, FINANCEIRAS EPATRIMONIAIS DO GOVERNO FEDERAL. O TR DA PRESENTE CONTRATACAO INTEGRA A NE.;-9;NAO SE APLICA;;;;;(5.580,00);;;;;;;;;;;;;;;
14107;TRIBUNAL REGIONAL ELEITORAL DO DIST. FEDERAL;070025;TRIBUNAL REGIONAL ELEITORAL DO D. FEDERAL;02122057020GP0053;20GP;JULGAMENTO DE CAUSAS E GESTAO ADMINISTRATIVA NA JUSTICA ELEI;0002;CAPACITACAO DE RECURSOS HUMANOS;084783;EDF TREINA;CAPACITACAO DE RH - PLANO DE CAPACITACAO;0100;RECURSOS ORDINARIOS;1;ORCAMENTO FISCAL;3;DESPESAS CORRENTES;3;OUTRAS DESPESAS CORRENTES;39;OUTROS SERVICOS DE TERCEIROS PJ - OP.INT.ORC.;339039;OUTROS SERVICOS DE TERCEIROS - PESSOA JURIDICA;339039-9;NAO SE APLICA;-9;NAO SE APLICA;-9;NAO SE APLICA;-9;NAO SE APLICA;NAO SE APLICA;-9;-9;-9;"2018NECT - PARTICIPACAO  DO SERVIDOR  CARLOS EDUARDO BARBOSA DA SILVA NO CURSO""FOLHA DE PAGAMENTO DO FUNCIONALISMO PUBLICO"". O TERMO DE REFERENCIA DA PRESENTE CONTRATACAO INTEGRA ESTA NOTA DE EMPENHO.";-9;NAO SE APLICA;;;;;(2.490,00);;;;;;;;;;;;;;;
14107;TRIBUNAL REGIONAL ELEITORAL DO DIST. FEDERAL;070025;TRIBUNAL REGIONAL ELEITORAL DO D. FEDERAL;02122057020GP0053;20GP;JULGAMENTO DE CAUSAS E GESTAO ADMINISTRATIVA NA JUSTICA ELEI;0002;CAPACITACAO DE RECURSOS HUMANOS;084783;EDF TREINA;CAPACITACAO DE RH - PLANO DE CAPACITACAO;0100;RECURSOS ORDINARIOS;1;ORCAMENTO FISCAL;3;DESPESAS CORRENTES;3;OUTRAS DESPESAS CORRENTES;39;OUTROS SERVICOS DE TERCEIROS PJ - OP.INT.ORC.;339039;OUTROS SERVICOS DE TERCEIROS - PESSOA JURIDICA;339039-9;NAO SE APLICA;-9;NAO SE APLICA;-9;NAO SE APLICA;-9;NAO SE APLICA;NAO SE APLICA;-9;-9;-9;2018NECT - PARTICIPACAO DA SERV. ISABELA ANDRADE SANTIAGO NO CURSO PRATICO DE AVERBACAO DE TEMPO DE SERVICO E DE CONTRIBUICAO NA ADMIN. PUBLICA (PORT.  MIN.PREVID. 154/08 E EC'S Nº 20, 41, 47 E 70). O TERMO DE REFERENCIA INTEGRA A NE.;-9;NAO SE APLICA;;;;;(2.290,00);;;;;;;;;;;;;;;
14107;TRIBUNAL REGIONAL ELEITORAL DO DIST. FEDERAL;070025;TRIBUNAL REGIONAL ELEITORAL DO D. FEDERAL;02122057020GP0053;20GP;JULGAMENTO DE CAUSAS E GESTAO ADMINISTRATIVA NA JUSTICA ELEI;0002;CAPACITACAO DE RECURSOS HUMANOS;084783;EDF TREINA;CAPACITACAO DE RH - PLANO DE CAPACITACAO;0100;RECURSOS ORDINARIOS;1;ORCAMENTO FISCAL;3;DESPESAS CORRENTES;3;OUTRAS DESPESAS CORRENTES;39;OUTROS SERVICOS DE TERCEIROS PJ - OP.INT.ORC.;339039;OUTROS SERVICOS DE TERCEIROS - PESSOA JURIDICA;339039-9;NAO SE APLICA;-9;NAO SE APLICA;-9;NAO SE APLICA;-9;NAO SE APLICA;NAO SE APLICA;-9;-9;-9;2018NECT - PARTICIPACAO DA SERVIDORA CAROLINA GESTA QUEIROZ NO CURSO  COMPLETODE LICITACOES E CONTRATOS.  O TERMO DE REFERENCIA DA PRESENTE CONTRATACAO INTEGRA A NOTA DE EMPENHO.;-9;NAO SE APLICA;;;;;(2.490,00);;;;;;;;;;;;;;;
14107;TRIBUNAL REGIONAL ELEITORAL DO DIST. FEDERAL;070025;TRIBUNAL REGIONAL ELEITORAL DO D. FEDERAL;02122057020GP0053;20GP;JULGAMENTO DE CAUSAS E GESTAO ADMINISTRATIVA NA JUSTICA ELEI;0002;CAPACITACAO DE RECURSOS HUMANOS;084783;EDF TREINA;CAPACITACAO DE RH - PLANO DE CAPACITACAO;0100;RECURSOS ORDINARIOS;1;ORCAMENTO FISCAL;3;DESPESAS CORRENTES;3;OUTRAS DESPESAS CORRENTES;39;OUTROS SERVICOS DE TERCEIROS PJ - OP.INT.ORC.;339039;OUTROS SERVICOS DE TERCEIROS - PESSOA JURIDICA;339039-9;NAO SE APLICA;-9;NAO SE APLICA;-9;NAO SE APLICA;-9;NAO SE APLICA;NAO SE APLICA;-9;-9;-9;2018NECT - PARTICIPACAO DA SERVIDORA CAROLINA GESTA QUEIROZ NO CURSO  COMPLETODE LICITACOES E CONTRATOS.  O TERMO DE REFERENCIA DA PRESENTE CONTRATACAO INTEGRA A NOTA DE EMPENHO. ANULACAO.;-9;NAO SE APLICA;;;;;2.490,00;;;;;;;;;;;;;;;
14107;TRIBUNAL REGIONAL ELEITORAL DO DIST. FEDERAL;070025;TRIBUNAL REGIONAL ELEITORAL DO D. FEDERAL;02122057020GP0053;20GP;JULGAMENTO DE CAUSAS E GESTAO ADMINISTRATIVA NA JUSTICA ELEI;0002;CAPACITACAO DE RECURSOS HUMANOS;084783;EDF TREINA;CAPACITACAO DE RH - PLANO DE CAPACITACAO;0100;RECURSOS ORDINARIOS;1;ORCAMENTO FISCAL;3;DESPESAS CORRENTES;3;OUTRAS DESPESAS CORRENTES;39;OUTROS SERVICOS DE TERCEIROS PJ - OP.INT.ORC.;339039;OUTROS SERVICOS DE TERCEIROS - PESSOA JURIDICA;339039-9;NAO SE APLICA;-9;NAO SE APLICA;-9;NAO SE APLICA;-9;NAO SE APLICA;NAO SE APLICA;-9;-9;-9;"2018NECT - PARTICIPACAO DE 2 (DOIS) SERVIDORES DO TRE-DF NO ""13º CONGRESSO BRASILEITO DE PREGOEIROS"".O TERMO DE REFERENCIA DA PRESENTE CONTRATACAO INTEGRA ANOTA DE EMPENHO.";-9;NAO SE APLICA;;;;;(7.942,00);;;;;;;;;;;;;;;
14107;TRIBUNAL REGIONAL ELEITORAL DO DIST. FEDERAL;070025;TRIBUNAL REGIONAL ELEITORAL DO D. FEDERAL;02122057020GP0053;20GP;JULGAMENTO DE CAUSAS E GESTAO ADMINISTRATIVA NA JUSTICA ELEI;0002;CAPACITACAO DE RECURSOS HUMANOS;084783;EDF TREINA;CAPACITACAO DE RH - PLANO DE CAPACITACAO;0100;RECURSOS ORDINARIOS;1;ORCAMENTO FISCAL;3;DESPESAS CORRENTES;3;OUTRAS DESPESAS CORRENTES;39;OUTROS SERVICOS DE TERCEIROS PJ - OP.INT.ORC.;339039;OUTROS SERVICOS DE TERCEIROS - PESSOA JURIDICA;339039-9;NAO SE APLICA;-9;NAO SE APLICA;-9;NAO SE APLICA;-9;NAO SE APLICA;NAO SE APLICA;-9;-9;-9;"2018NECT - PARTICIPACAO DE JOSENIRA MACEDO DA SILVA NO CURSO ""GESTAO  CERIMONIAL, PROTOCOLO, ETIQUETA E ORGANIZACAO DE EVENTOS PARA O JUDICIARIO"".          O TERMO DE REFERENCIA DA PRESENTE CONTRATACAO INTEGRA A NOTA DE EMPENHO.";-9;NAO SE APLICA;;;;;(2.500,00);;;;;;;;;;;;;;;
14107;TRIBUNAL REGIONAL ELEITORAL DO DIST. FEDERAL;070025;TRIBUNAL REGIONAL ELEITORAL DO D. FEDERAL;02122057020GP0053;20GP;JULGAMENTO DE CAUSAS E GESTAO ADMINISTRATIVA NA JUSTICA ELEI;0002;CAPACITACAO DE RECURSOS HUMANOS;084783;EDF TREINA;CAPACITACAO DE RH - PLANO DE CAPACITACAO;0100;RECURSOS ORDINARIOS;1;ORCAMENTO FISCAL;3;DESPESAS CORRENTES;3;OUTRAS DESPESAS CORRENTES;39;OUTROS SERVICOS DE TERCEIROS PJ - OP.INT.ORC.;339039;OUTROS SERVICOS DE TERCEIROS - PESSOA JURIDICA;339039-9;NAO SE APLICA;-9;NAO SE APLICA;-9;NAO SE APLICA;-9;NAO SE APLICA;NAO SE APLICA;-9;-9;-9;"2018NECT - PARTICIPACAO DO SERVIDOR   JOSE AILTON FONSECA    NO CURSO  ""GESTAODA CONTA VINCULADA AOS CONTRATOS DE TERCEIRIZACAO"". O TERMO DE REFERENCIA   DAPRESENTE CONTRATACAO INTEGRA ESTA NOTA DE EMPENHO.";-9;NAO SE APLICA;;;;;(2.745,00);;;;;;;;;;;;;;;
14107;TRIBUNAL REGIONAL ELEITORAL DO DIST. FEDERAL;070025;TRIBUNAL REGIONAL ELEITORAL DO D. FEDERAL;02122057020GP0053;20GP;JULGAMENTO DE CAUSAS E GESTAO ADMINISTRATIVA NA JUSTICA ELEI;0002;CAPACITACAO DE RECURSOS HUMANOS;084783;EDF TREINA;CAPACITACAO DE RH - PLANO DE CAPACITACAO;0100;RECURSOS ORDINARIOS;1;ORCAMENTO FISCAL;3;DESPESAS CORRENTES;3;OUTRAS DESPESAS CORRENTES;39;OUTROS SERVICOS DE TERCEIROS PJ - OP.INT.ORC.;339039;OUTROS SERVICOS DE TERCEIROS - PESSOA JURIDICA;339039-9;NAO SE APLICA;-9;NAO SE APLICA;-9;NAO SE APLICA;-9;NAO SE APLICA;NAO SE APLICA;-9;-9;-9;2018NECT - PARTICIPACAO DO SERVIDOR  KELDER APARECIDO BORGES NO CURSO DE DIREITO PROCESSUAL CIVIL - 2 ANOS DO CPC NA VISAO DOS TRIBUNAIS. O TERMO DE REFERENCIA DA CONTRATACAO INTEGRA A NE.;-9;NAO SE APLICA;;;;;(980,00);;;;;;;;;;;;;;;
14107;TRIBUNAL REGIONAL ELEITORAL DO DIST. FEDERAL;070025;TRIBUNAL REGIONAL ELEITORAL DO D. FEDERAL;02122057020GP0053;20GP;JULGAMENTO DE CAUSAS E GESTAO ADMINISTRATIVA NA JUSTICA ELEI;0002;CAPACITACAO DE RECURSOS HUMANOS;084783;EDF TREINA;CAPACITACAO DE RH - PLANO DE CAPACITACAO;0100;RECURSOS ORDINARIOS;1;ORCAMENTO FISCAL;3;DESPESAS CORRENTES;3;OUTRAS DESPESAS CORRENTES;39;OUTROS SERVICOS DE TERCEIROS PJ - OP.INT.ORC.;339039;OUTROS SERVICOS DE TERCEIROS - PESSOA JURIDICA;339039-9;NAO SE APLICA;-9;NAO SE APLICA;-9;NAO SE APLICA;-9;NAO SE APLICA;NAO SE APLICA;-9;-9;-9;"2018NECT - PARTICIPACAO DOS SERVIDORES  JOSE AILTON FONSECA E  DIEGO RODRIGUESNO CURSO ""ENTENDENDO A PLANILHA DE CUSTOS E FORMACAO DE PRECOS DA IN 05/2017"".O TERMO DE REFERENCIA DA PRESENTE CONTRATACAO INTEGRA A NOTA DE EMPENHO.";-9;NAO SE APLICA;;;;;(4.387,50);;;;;;;;;;;;;;;
14107;TRIBUNAL REGIONAL ELEITORAL DO DIST. FEDERAL;070025;TRIBUNAL REGIONAL ELEITORAL DO D. FEDERAL;02122057020GP0053;20GP;JULGAMENTO DE CAUSAS E GESTAO ADMINISTRATIVA NA JUSTICA ELEI;0002;CAPACITACAO DE RECURSOS HUMANOS;084783;EDF TREINA;CAPACITACAO DE RH - PLANO DE CAPACITACAO;0100;RECURSOS ORDINARIOS;1;ORCAMENTO FISCAL;3;DESPESAS CORRENTES;3;OUTRAS DESPESAS CORRENTES;39;OUTROS SERVICOS DE TERCEIROS PJ - OP.INT.ORC.;339039;OUTROS SERVICOS DE TERCEIROS - PESSOA JURIDICA;339039-9;NAO SE APLICA;-9;NAO SE APLICA;-9;NAO SE APLICA;-9;NAO SE APLICA;NAO SE APLICA;-9;-9;-9;"2018NECT -PARTICIPACAO DOS SERVIDORES LUIZ INACIO DE LIMA NETO E BRUNA MACHADOVARGAS NO CURSO ""TEMAS AVANCADOS EM LICITACOES E CONTRATOS:  SOLUCOES PRATICASP/UMA LICITACAO LEGAL E EFICIENTE"". O TR DA PRESENTE CONTRATACAO INTEGRA A NE.";-9;NAO SE APLICA;;;;;(5.215,50);;;;;;;;;;;;;;;
14107;TRIBUNAL REGIONAL ELEITORAL DO DIST. FEDERAL;070025;TRIBUNAL REGIONAL ELEITORAL DO D. FEDERAL;02122057020GP0053;20GP;JULGAMENTO DE CAUSAS E GESTAO ADMINISTRATIVA NA JUSTICA ELEI;0002;CAPACITACAO DE RECURSOS HUMANOS;084783;EDF TREINA;CAPACITACAO DE RH - PLANO DE CAPACITACAO;0100;RECURSOS ORDINARIOS;1;ORCAMENTO FISCAL;3;DESPESAS CORRENTES;3;OUTRAS DESPESAS CORRENTES;39;OUTROS SERVICOS DE TERCEIROS PJ - OP.INT.ORC.;339039;OUTROS SERVICOS DE TERCEIROS - PESSOA JURIDICA;339039-9;NAO SE APLICA;-9;NAO SE APLICA;-9;NAO SE APLICA;-9;NAO SE APLICA;NAO SE APLICA;-9;-9;-9;2018NECT-PART.DAS SERVIDORAS CAROLINA G.G. QUEIROZ E FRANCISCA MARIA N.S. MAIANO CURSO TEMAS FUNDAMENTAIS E APLICADOS P/A CONTRAT.DE TERCEIR.DE SERV.DE ACORDO COM A IN Nº05/17 E O TCU.O TR DA PRESENTE CONTRAT. INTEGRA A NE. ANULACAO.;-9;NAO SE APLICA;;;;;7.580,00;;;;;;;;;;;;;;;
14107;TRIBUNAL REGIONAL ELEITORAL DO DIST. FEDERAL;070025;TRIBUNAL REGIONAL ELEITORAL DO D. FEDERAL;02122057020GP0053;20GP;JULGAMENTO DE CAUSAS E GESTAO ADMINISTRATIVA NA JUSTICA ELEI;0002;CAPACITACAO DE RECURSOS HUMANOS;084783;EDF TREINA;CAPACITACAO DE RH - PLANO DE CAPACITACAO;0100;RECURSOS ORDINARIOS;1;ORCAMENTO FISCAL;3;DESPESAS CORRENTES;3;OUTRAS DESPESAS CORRENTES;39;OUTROS SERVICOS DE TERCEIROS PJ - OP.INT.ORC.;339039;OUTROS SERVICOS DE TERCEIROS - PESSOA JURIDICA;339039-9;NAO SE APLICA;-9;NAO SE APLICA;-9;NAO SE APLICA;-9;NAO SE APLICA;NAO SE APLICA;-9;-9;-9;ALTERACAO PARA EMISSAO DE NE. CAPACITACAO.                                    PAE Nº 0005921-90.2017.6.07.8100;-9;NAO SE APLICA;7.942,00;7.942,00;;;7.942,00;;;;;;;;;;;;;;;
14107;TRIBUNAL REGIONAL ELEITORAL DO DIST. FEDERAL;070025;TRIBUNAL REGIONAL ELEITORAL DO D. FEDERAL;02122057020GP0053;20GP;JULGAMENTO DE CAUSAS E GESTAO ADMINISTRATIVA NA JUSTICA ELEI;0002;CAPACITACAO DE RECURSOS HUMANOS;084783;EDF TREINA;CAPACITACAO DE RH - PLANO DE CAPACITACAO;0100;RECURSOS ORDINARIOS;1;ORCAMENTO FISCAL;3;DESPESAS CORRENTES;3;OUTRAS DESPESAS CORRENTES;39;OUTROS SERVICOS DE TERCEIROS PJ - OP.INT.ORC.;339039;OUTROS SERVICOS DE TERCEIROS - PESSOA JURIDICA;339039-9;NAO SE APLICA;-9;NAO SE APLICA;-9;NAO SE APLICA;-9;NAO SE APLICA;NAO SE APLICA;-9;-9;-9;"ALTERACAO PARA EMISSAO DE PE - CURSO ""ENTENDENDO A PLANILHA DE CUSTOS E FORMA CAO DE PRECOS DA IN 05/2017 (PA 0000615-09.2018.6.07.8100)";-9;NAO SE APLICA;4.387,50;4.387,50;;;4.387,50;;;;;;;;;;;;;;;
14107;TRIBUNAL REGIONAL ELEITORAL DO DIST. FEDERAL;070025;TRIBUNAL REGIONAL ELEITORAL DO D. FEDERAL;02122057020GP0053;20GP;JULGAMENTO DE CAUSAS E GESTAO ADMINISTRATIVA NA JUSTICA ELEI;0002;CAPACITACAO DE RECURSOS HUMANOS;084783;EDF TREINA;CAPACITACAO DE RH - PLANO DE CAPACITACAO;0100;RECURSOS ORDINARIOS;1;ORCAMENTO FISCAL;3;DESPESAS CORRENTES;3;OUTRAS DESPESAS CORRENTES;39;OUTROS SERVICOS DE TERCEIROS PJ - OP.INT.ORC.;339039;OUTROS SERVICOS DE TERCEIROS - PESSOA JURIDICA;339039-9;NAO SE APLICA;-9;NAO SE APLICA;-9;NAO SE APLICA;-9;NAO SE APLICA;NAO SE APLICA;-9;-9;-9;"ALTERACAO PARA EMISSAO DE PE - CURSO ""GESTAO CERIMONIAL, PROTOCOLO, ETIQUETA EORGANIZACAO DE EVENTOS PARA O JUDICIARIO"" (PA 0001502-90.2018.6.07.8100)";-9;NAO SE APLICA;2.500,00;2.500,00;;;2.500,00;;;;;;;;;;;;;;;
14107;TRIBUNAL REGIONAL ELEITORAL DO DIST. FEDERAL;070025;TRIBUNAL REGIONAL ELEITORAL DO D. FEDERAL;02122057020GP0053;20GP;JULGAMENTO DE CAUSAS E GESTAO ADMINISTRATIVA NA JUSTICA ELEI;0002;CAPACITACAO DE RECURSOS HUMANOS;084783;EDF TREINA;CAPACITACAO DE RH - PLANO DE CAPACITACAO;0100;RECURSOS ORDINARIOS;1;ORCAMENTO FISCAL;3;DESPESAS CORRENTES;3;OUTRAS DESPESAS CORRENTES;39;OUTROS SERVICOS DE TERCEIROS PJ - OP.INT.ORC.;339039;OUTROS SERVICOS DE TERCEIROS - PESSOA JURIDICA;339039-9;NAO SE APLICA;-9;NAO SE APLICA;-9;NAO SE APLICA;-9;NAO SE APLICA;NAO SE APLICA;-9;-9;-9;ALTERACAO PARA EMISSAO DE PE - CURSOS (PA'S 1535-80.2018 E 1206-68.2018);-9;NAO SE APLICA;25.215,50;25.215,50;;;25.215,50;;;;;;;;;;;;;;;
14107;TRIBUNAL REGIONAL ELEITORAL DO DIST. FEDERAL;070025;TRIBUNAL REGIONAL ELEITORAL DO D. FEDERAL;02122057020GP0053;20GP;JULGAMENTO DE CAUSAS E GESTAO ADMINISTRATIVA NA JUSTICA ELEI;0002;CAPACITACAO DE RECURSOS HUMANOS;084783;EDF TREINA;CAPACITACAO DE RH - PLANO DE CAPACITACAO;0100;RECURSOS ORDINARIOS;1;ORCAMENTO FISCAL;3;DESPESAS CORRENTES;3;OUTRAS DESPESAS CORRENTES;39;OUTROS SERVICOS DE TERCEIROS PJ - OP.INT.ORC.;339039;OUTROS SERVICOS DE TERCEIROS - PESSOA JURIDICA;339039-9;NAO SE APLICA;-9;NAO SE APLICA;-9;NAO SE APLICA;-9;NAO SE APLICA;NAO SE APLICA;-9;-9;-9;ALTERACAO PARA EMISSAO DE PE - PARTIC. DA SERVIDORA CAROLINA G. G. QUEIROZ NO CURSO COMPLETO DE LICITACOES PUBLICAS E CONTRATOS ADMINISTRATIVOS,CONTRATACAO DIRETA, PREGAO E SISTEMA DE REGISTRO DE PRECOS.(PA 0001045-58.2018.6.07.8100);-9;NAO SE APLICA;2.890,00;2.890,00;;;2.890,00;;;;;;;;;;;;;;;
14107;TRIBUNAL REGIONAL ELEITORAL DO DIST. FEDERAL;070025;TRIBUNAL REGIONAL ELEITORAL DO D. FEDERAL;02122057020GP0053;20GP;JULGAMENTO DE CAUSAS E GESTAO ADMINISTRATIVA NA JUSTICA ELEI;0002;CAPACITACAO DE RECURSOS HUMANOS;084783;EDF TREINA;CAPACITACAO DE RH - PLANO DE CAPACITACAO;0100;RECURSOS ORDINARIOS;1;ORCAMENTO FISCAL;3;DESPESAS CORRENTES;3;OUTRAS DESPESAS CORRENTES;39;OUTROS SERVICOS DE TERCEIROS PJ - OP.INT.ORC.;339039;OUTROS SERVICOS DE TERCEIROS - PESSOA JURIDICA;339039-9;NAO SE APLICA;-9;NAO SE APLICA;-9;NAO SE APLICA;-9;NAO SE APLICA;NAO SE APLICA;-9;-9;-9;ALTERACAO PARA EMISSAO DE PE - PARTIC. DOS SERVIDORES IVANILDO T. DE  OLIVEIRAE PATRICIA T.SUMIHARA NO CURSO PRATICO - TESOURO GERENCIAL - CONSULTAS ORCAMENTARIAS, FINANCEIRAS E PATRIMONIAIS DO GOVERNO FEDERAL. (PA 0000940-81.2018);-9;NAO SE APLICA;5.580,00;5.580,00;;;5.580,00;;;;;;;;;;;;;;;
14107;TRIBUNAL REGIONAL ELEITORAL DO DIST. FEDERAL;070025;TRIBUNAL REGIONAL ELEITORAL DO D. FEDERAL;02122057020GP0053;20GP;JULGAMENTO DE CAUSAS E GESTAO ADMINISTRATIVA NA JUSTICA ELEI;0002;CAPACITACAO DE RECURSOS HUMANOS;084783;EDF TREINA;CAPACITACAO DE RH - PLANO DE CAPACITACAO;0100;RECURSOS ORDINARIOS;1;ORCAMENTO FISCAL;3;DESPESAS CORRENTES;3;OUTRAS DESPESAS CORRENTES;39;OUTROS SERVICOS DE TERCEIROS PJ - OP.INT.ORC.;339039;OUTROS SERVICOS DE TERCEIROS - PESSOA JURIDICA;339039-9;NAO SE APLICA;-9;NAO SE APLICA;-9;NAO SE APLICA;-9;NAO SE APLICA;NAO SE APLICA;-9;-9;-9;"ALTERACAO PARA EMISSAO DE PE - PARTICIPACAO DO SERVIDOR CARLOS EDUARDO BARBOSADA SILVA NO CURSO ""FOLHA DE PAGAMENTO DO FUNCIONALISMO PUBLICO"".              (PA 0001050-80.2018.6.07.8100)";-9;NAO SE APLICA;2.490,00;2.490,00;;;2.490,00;;;;;;;;;;;;;;;
14107;TRIBUNAL REGIONAL ELEITORAL DO DIST. FEDERAL;070025;TRIBUNAL REGIONAL ELEITORAL DO D. FEDERAL;02122057020GP0053;20GP;JULGAMENTO DE CAUSAS E GESTAO ADMINISTRATIVA NA JUSTICA ELEI;0002;CAPACITACAO DE RECURSOS HUMANOS;084783;EDF TREINA;CAPACITACAO DE RH - PLANO DE CAPACITACAO;0100;RECURSOS ORDINARIOS;1;ORCAMENTO FISCAL;3;DESPESAS CORRENTES;3;OUTRAS DESPESAS CORRENTES;39;OUTROS SERVICOS DE TERCEIROS PJ - OP.INT.ORC.;339039;OUTROS SERVICOS DE TERCEIROS - PESSOA JURIDICA;339039-9;NAO SE APLICA;-9;NAO SE APLICA;-9;NAO SE APLICA;-9;NAO SE APLICA;NAO SE APLICA;-9;-9;-9;"ALTERACAO PARA EMISSAO DE PE -PARTICIPACAO DA SERVIDORA ISABELA ANDRADE SANTIAGO NO""CURSO PRATICO DE AVERBACAO DE TEMPO DE SERV.E DE CONTR. NA ADMINISTRACAOPUBLICA. (PA 0001682-09.2018.6.07.8100)";-9;NAO SE APLICA;2.290,00;2.290,00;;;2.290,00;;;;;;;;;;;;;;;
14107;TRIBUNAL REGIONAL ELEITORAL DO DIST. FEDERAL;070025;TRIBUNAL REGIONAL ELEITORAL DO D. FEDERAL;02122057020GP0053;20GP;JULGAMENTO DE CAUSAS E GESTAO ADMINISTRATIVA NA JUSTICA ELEI;0002;CAPACITACAO DE RECURSOS HUMANOS;084783;EDF TREINA;CAPACITACAO DE RH - PLANO DE CAPACITACAO;0100;RECURSOS ORDINARIOS;1;ORCAMENTO FISCAL;3;DESPESAS CORRENTES;3;OUTRAS DESPESAS CORRENTES;39;OUTROS SERVICOS DE TERCEIROS PJ - OP.INT.ORC.;339039;OUTROS SERVICOS DE TERCEIROS - PESSOA JURIDICA;339039-9;NAO SE APLICA;-9;NAO SE APLICA;-9;NAO SE APLICA;-9;NAO SE APLICA;NAO SE APLICA;-9;-9;-9;ALTERACAO PARA EMISSAO DE PE -PARTICIPACAO DO SERVIDOR KELDER APARECIDO BORGESNO CURSO DE DIREITO PROCESSUAL CIVIL - 2 ANOS DO CPC NA VISAO DOS TRIBUNAIS.  (PA 0001971-39.2018.6.07.8100);-9;NAO SE APLICA;980,00;980,00;;;980,00;;;;;;;;;;;;;;;
14107;TRIBUNAL REGIONAL ELEITORAL DO DIST. FEDERAL;070025;TRIBUNAL REGIONAL ELEITORAL DO D. FEDERAL;02122057020GP0053;20GP;JULGAMENTO DE CAUSAS E GESTAO ADMINISTRATIVA NA JUSTICA ELEI;0002;CAPACITACAO DE RECURSOS HUMANOS;084783;EDF TREINA;CAPACITACAO DE RH - PLANO DE CAPACITACAO;0100;RECURSOS ORDINARIOS;1;ORCAMENTO FISCAL;3;DESPESAS CORRENTES;3;OUTRAS DESPESAS CORRENTES;39;OUTROS SERVICOS DE TERCEIROS PJ - OP.INT.ORC.;339039;OUTROS SERVICOS DE TERCEIROS - PESSOA JURIDICA;339039-9;NAO SE APLICA;-9;NAO SE APLICA;-9;NAO SE APLICA;-9;NAO SE APLICA;NAO SE APLICA;-9;-9;-9;"ALTERACAO PARA EMISSAO DE PE- PARTICIPACAO DO SERVIDOR DIEGO RODRIGUES NO EVENTO ""5º CONTRATOS WEEK - SEMANA NACIONAL DE ESTUDOS AVANCADOS EM CONTRATOS ADMINISTRATIVOS"". (PA 0001523-66.2018.6.07.8100)";-9;NAO SE APLICA;3.971,00;3.971,00;;;3.971,00;;;;;;;;;;;;;;;
14107;TRIBUNAL REGIONAL ELEITORAL DO DIST. FEDERAL;070025;TRIBUNAL REGIONAL ELEITORAL DO D. FEDERAL;02122057020GP0053;20GP;JULGAMENTO DE CAUSAS E GESTAO ADMINISTRATIVA NA JUSTICA ELEI;0002;CAPACITACAO DE RECURSOS HUMANOS;084783;EDF TREINA;CAPACITACAO DE RH - PLANO DE CAPACITACAO;0100;RECURSOS ORDINARIOS;1;ORCAMENTO FISCAL;3;DESPESAS CORRENTES;3;OUTRAS DESPESAS CORRENTES;39;OUTROS SERVICOS DE TERCEIROS PJ - OP.INT.ORC.;339039;OUTROS SERVICOS DE TERCEIROS - PESSOA JURIDICA;339039-9;NAO SE APLICA;-9;NAO SE APLICA;-9;NAO SE APLICA;-9;NAO SE APLICA;NAO SE APLICA;-9;-9;-9;ALTERACAO PARA EMISSAO DE PE. CAPACITACAO DE SERVIDORES.                      PAE 0000770-12.2018.6.07.8100;-9;NAO SE APLICA;2.745,00;2.745,00;;;2.745,00;;;;;;;;;;;;;;;
14107;TRIBUNAL REGIONAL ELEITORAL DO DIST. FEDERAL;070025;TRIBUNAL REGIONAL ELEITORAL DO D. FEDERAL;02122057020GP0053;20GP;JULGAMENTO DE CAUSAS E GESTAO ADMINISTRATIVA NA JUSTICA ELEI;0002;CAPACITACAO DE RECURSOS HUMANOS;084783;EDF TREINA;CAPACITACAO DE RH - PLANO DE CAPACITACAO;0100;RECURSOS ORDINARIOS;1;ORCAMENTO FISCAL;3;DESPESAS CORRENTES;3;OUTRAS DESPESAS CORRENTES;39;OUTROS SERVICOS DE TERCEIROS PJ - OP.INT.ORC.;339039;OUTROS SERVICOS DE TERCEIROS - PESSOA JURIDICA;339039-9;NAO SE APLICA;-9;NAO SE APLICA;-9;NAO SE APLICA;-9;NAO SE APLICA;NAO SE APLICA;-9;-9;-9;ALTERACAO PARA EMISSAO DE PE. CAPACITACAO.                                    PAE Nº 0006071-71.2017.6.07.8100;-9;NAO SE APLICA;2.490,00;2.490,00;;;2.490,00;;;;;;;;;;;;;;;
14107;TRIBUNAL REGIONAL ELEITORAL DO DIST. FEDERAL;070025;TRIBUNAL REGIONAL ELEITORAL DO D. FEDERAL;02122057020GP0053;20GP;JULGAMENTO DE CAUSAS E GESTAO ADMINISTRATIVA NA JUSTICA ELEI;0002;CAPACITACAO DE RECURSOS HUMANOS;084783;EDF TREINA;CAPACITACAO DE RH - PLANO DE CAPACITACAO;0100;RECURSOS ORDINARIOS;1;ORCAMENTO FISCAL;3;DESPESAS CORRENTES;3;OUTRAS DESPESAS CORRENTES;39;OUTROS SERVICOS DE TERCEIROS PJ - OP.INT.ORC.;339039;OUTROS SERVICOS DE TERCEIROS - PESSOA JURIDICA;339039-9;NAO SE APLICA;-9;NAO SE APLICA;-9;NAO SE APLICA;-9;NAO SE APLICA;NAO SE APLICA;-9;-9;-9;ALTERACAO PARA REFORCO DO PE 32 (PA 0000615-09.2018);-9;NAO SE APLICA;2.632,50;2.632,50;;;2.632,50;;;;;;;;;;;;;;;
14107;TRIBUNAL REGIONAL ELEITORAL DO DIST. FEDERAL;070025;TRIBUNAL REGIONAL ELEITORAL DO D. FEDERAL;02122057020GP0053;20GP;JULGAMENTO DE CAUSAS E GESTAO ADMINISTRATIVA NA JUSTICA ELEI;0002;CAPACITACAO DE RECURSOS HUMANOS;084783;EDF TREINA;CAPACITACAO DE RH - PLANO DE CAPACITACAO;0100;RECURSOS ORDINARIOS;1;ORCAMENTO FISCAL;3;DESPESAS CORRENTES;3;OUTRAS DESPESAS CORRENTES;39;OUTROS SERVICOS DE TERCEIROS PJ - OP.INT.ORC.;339039;OUTROS SERVICOS DE TERCEIROS - PESSOA JURIDICA;339039-9;NAO SE APLICA;-9;NAO SE APLICA;-9;NAO SE APLICA;-9;NAO SE APLICA;NAO SE APLICA;-9;-9;-9;ALTERCAO PARA EMISSAO DE PE - CURSO TEMAS FUNDAMENTAIS E APLICADOS PARA A  CONTRATACAO DE TERCEIRIZACAO DE SERVICOS DE ACORDO COM A IN Nº 05/17 E O TCU.    (PA 0000801-32.2018.6.07.8100);-9;NAO SE APLICA;7.580,00;7.580,00;;;7.580,00;;;;;;;;;;;;;;;
14107;TRIBUNAL REGIONAL ELEITORAL DO DIST. FEDERAL;070025;TRIBUNAL REGIONAL ELEITORAL DO D. FEDERAL;02122057020GP0053;20GP;JULGAMENTO DE CAUSAS E GESTAO ADMINISTRATIVA NA JUSTICA ELEI;0002;CAPACITACAO DE RECURSOS HUMANOS;084783;EDF TREINA;CAPACITACAO DE RH - PLANO DE CAPACITACAO;0100;RECURSOS ORDINARIOS;1;ORCAMENTO FISCAL;3;DESPESAS CORRENTES;3;OUTRAS DESPESAS CORRENTES;39;OUTROS SERVICOS DE TERCEIROS PJ - OP.INT.ORC.;339039;OUTROS SERVICOS DE TERCEIROS - PESSOA JURIDICA;339039-9;NAO SE APLICA;-9;NAO SE APLICA;-9;NAO SE APLICA;-9;NAO SE APLICA;NAO SE APLICA;-9;-9;-9;ANULACAO DA NE 44/2018 - PARTICIPACAO DA SERVIDORA CAROLINA GESTA QUEIROZ NO  CURSO COMPLETO DE LICITACOES E CONTRATOS. (PA 0006071-71.2017.6.07.8100);-9;NAO SE APLICA;(2.490,00);(2.490,00);;;(2.490,00);;;;;;;;;;;;;;;
14107;TRIBUNAL REGIONAL ELEITORAL DO DIST. FEDERAL;070025;TRIBUNAL REGIONAL ELEITORAL DO D. FEDERAL;02122057020GP0053;20GP;JULGAMENTO DE CAUSAS E GESTAO ADMINISTRATIVA NA JUSTICA ELEI;0002;CAPACITACAO DE RECURSOS HUMANOS;084783;EDF TREINA;CAPACITACAO DE RH - PLANO DE CAPACITACAO;0100;RECURSOS ORDINARIOS;1;ORCAMENTO FISCAL;3;DESPESAS CORRENTES;3;OUTRAS DESPESAS CORRENTES;39;OUTROS SERVICOS DE TERCEIROS PJ - OP.INT.ORC.;339039;OUTROS SERVICOS DE TERCEIROS - PESSOA JURIDICA;339039-9;NAO SE APLICA;-9;NAO SE APLICA;-9;NAO SE APLICA;-9;NAO SE APLICA;NAO SE APLICA;-9;-9;-9;"ANULACAO DE PE PARA EMISSAO DE NE - CURSO ""ENTENDENDO A PLANILHA DE CUSTOS E  FORMACAO DE PREOOS DA IN05/2017"". (PA 0000615-09.2018.6.07.8100)";-9;NAO SE APLICA;;;;;4.387,50;(4.387,50);(4.387,50);;;;;;;;;;;;;
14107;TRIBUNAL REGIONAL ELEITORAL DO DIST. FEDERAL;070025;TRIBUNAL REGIONAL ELEITORAL DO D. FEDERAL;02122057020GP0053;20GP;JULGAMENTO DE CAUSAS E GESTAO ADMINISTRATIVA NA JUSTICA ELEI;0002;CAPACITACAO DE RECURSOS HUMANOS;084783;EDF TREINA;CAPACITACAO DE RH - PLANO DE CAPACITACAO;0100;RECURSOS ORDINARIOS;1;ORCAMENTO FISCAL;3;DESPESAS CORRENTES;3;OUTRAS DESPESAS CORRENTES;39;OUTROS SERVICOS DE TERCEIROS PJ - OP.INT.ORC.;339039;OUTROS SERVICOS DE TERCEIROS - PESSOA JURIDICA;339039-9;NAO SE APLICA;-9;NAO SE APLICA;-9;NAO SE APLICA;-9;NAO SE APLICA;NAO SE APLICA;-9;-9;-9;ANULACAO DE PE PARA EMISSAO DE NE - CURSO IN COMPANY:AS NOVAS REGRAS QUANTO AOPLANEJAMENTO,A GESTAO E A FISCALIZACAO ADMINISTRATIVA DOS CONTRATOS DE  PRESTACAO DE SERVICOS ESTAB.PELA INSTRUCAO NORMATIVA Nº 05/2017. (PA0001206-68.2018);-9;NAO SE APLICA;;;;;20.000,00;(20.000,00);(20.000,00);;;;;;;;;;;;;
14107;TRIBUNAL REGIONAL ELEITORAL DO DIST. FEDERAL;070025;TRIBUNAL REGIONAL ELEITORAL DO D. FEDERAL;02122057020GP0053;20GP;JULGAMENTO DE CAUSAS E GESTAO ADMINISTRATIVA NA JUSTICA ELEI;0002;CAPACITACAO DE RECURSOS HUMANOS;084783;EDF TREINA;CAPACITACAO DE RH - PLANO DE CAPACITACAO;0100;RECURSOS ORDINARIOS;1;ORCAMENTO FISCAL;3;DESPESAS CORRENTES;3;OUTRAS DESPESAS CORRENTES;39;OUTROS SERVICOS DE TERCEIROS PJ - OP.INT.ORC.;339039;OUTROS SERVICOS DE TERCEIROS - PESSOA JURIDICA;339039-9;NAO SE APLICA;-9;NAO SE APLICA;-9;NAO SE APLICA;-9;NAO SE APLICA;NAO SE APLICA;-9;-9;-9;ANULACAO DE PE PARA EMISSAO DE NE - PARTIC. DA SERVIDORA CAROLINA G. G.QUEIROZNO CURSO COMPLETO DE LICITACOES PUBLICAS E CONTRATOS ADMINISTRATIVOS, CONTRATACAO DIRETA,PREGAO E SISTEMA DE REGISTRO DE PRECOS. (PA 0001045-58.2018);-9;NAO SE APLICA;;;;;2.890,00;(2.890,00);(2.890,00);;;;;;;;;;;;;
14107;TRIBUNAL REGIONAL ELEITORAL DO DIST. FEDERAL;070025;TRIBUNAL REGIONAL ELEITORAL DO D. FEDERAL;02122057020GP0053;20GP;JULGAMENTO DE CAUSAS E GESTAO ADMINISTRATIVA NA JUSTICA ELEI;0002;CAPACITACAO DE RECURSOS HUMANOS;084783;EDF TREINA;CAPACITACAO DE RH - PLANO DE CAPACITACAO;0100;RECURSOS ORDINARIOS;1;ORCAMENTO FISCAL;3;DESPESAS CORRENTES;3;OUTRAS DESPESAS CORRENTES;39;OUTROS SERVICOS DE TERCEIROS PJ - OP.INT.ORC.;339039;OUTROS SERVICOS DE TERCEIROS - PESSOA JURIDICA;339039-9;NAO SE APLICA;-9;NAO SE APLICA;-9;NAO SE APLICA;-9;NAO SE APLICA;NAO SE APLICA;-9;-9;-9;"ANULACAO DE PE PARA EMISSAO DE NE - PARTIC.DO SERVIDOR DIEGO RODRIGUES NO EVENTO ""5º CONTRATOS WEEK - SEMANA NACIONAL DE ESTUDOS AVANCADOS EM CONTRATOS ADMINISTRATIVOS"". (PA 0001523-66.2018.6.07.8100)";-9;NAO SE APLICA;;;;;3.971,00;(3.971,00);(3.971,00);;;;;;;;;;;;;
14107;TRIBUNAL REGIONAL ELEITORAL DO DIST. FEDERAL;070025;TRIBUNAL REGIONAL ELEITORAL DO D. FEDERAL;02122057020GP0053;20GP;JULGAMENTO DE CAUSAS E GESTAO ADMINISTRATIVA NA JUSTICA ELEI;0002;CAPACITACAO DE RECURSOS HUMANOS;084783;EDF TREINA;CAPACITACAO DE RH - PLANO DE CAPACITACAO;0100;RECURSOS ORDINARIOS;1;ORCAMENTO FISCAL;3;DESPESAS CORRENTES;3;OUTRAS DESPESAS CORRENTES;39;OUTROS SERVICOS DE TERCEIROS PJ - OP.INT.ORC.;339039;OUTROS SERVICOS DE TERCEIROS - PESSOA JURIDICA;339039-9;NAO SE APLICA;-9;NAO SE APLICA;-9;NAO SE APLICA;-9;NAO SE APLICA;NAO SE APLICA;-9;-9;-9;ANULACAO DE PE PARA EMISSAO DE NE - PARTIC.DO SERVIDOR KELDER APARECIDO BORGESNO CURSO DE DIREITO PROCESSUAL CIVIL - 2 ANOS DO CPC NA VISAO DOS TRIBUNAIS.  (PA 0001971-39.2018.6.07.8100);-9;NAO SE APLICA;;;;;980,00;(980,00);(980,00);;;;;;;;;;;;;
14107;TRIBUNAL REGIONAL ELEITORAL DO DIST. FEDERAL;070025;TRIBUNAL REGIONAL ELEITORAL DO D. FEDERAL;02122057020GP0053;20GP;JULGAMENTO DE CAUSAS E GESTAO ADMINISTRATIVA NA JUSTICA ELEI;0002;CAPACITACAO DE RECURSOS HUMANOS;084783;EDF TREINA;CAPACITACAO DE RH - PLANO DE CAPACITACAO;0100;RECURSOS ORDINARIOS;1;ORCAMENTO FISCAL;3;DESPESAS CORRENTES;3;OUTRAS DESPESAS CORRENTES;39;OUTROS SERVICOS DE TERCEIROS PJ - OP.INT.ORC.;339039;OUTROS SERVICOS DE TERCEIROS - PESSOA JURIDICA;339039-9;NAO SE APLICA;-9;NAO SE APLICA;-9;NAO SE APLICA;-9;NAO SE APLICA;NAO SE APLICA;-9;-9;-9;ANULACAO DE PE PARA EMISSAO DE NE - PARTICIP. DOS SERVIDORES IVANILDO T.DE OLIVEIRA E PATRICIA T.SUMIHARA NO CURSO PRATICO -TESOURO GERENCIAL-CONSULTAS ORCAMENTARIAS, FINANCEIRAS E PATRIMONIAIS DO GOVERNO FEDERAL. (PA 0000940-81.2018);-9;NAO SE APLICA;;;;;5.580,00;(5.580,00);(5.580,00);;;;;;;;;;;;;
14107;TRIBUNAL REGIONAL ELEITORAL DO DIST. FEDERAL;070025;TRIBUNAL REGIONAL ELEITORAL DO D. FEDERAL;02122057020GP0053;20GP;JULGAMENTO DE CAUSAS E GESTAO ADMINISTRATIVA NA JUSTICA ELEI;0002;CAPACITACAO DE RECURSOS HUMANOS;084783;EDF TREINA;CAPACITACAO DE RH - PLANO DE CAPACITACAO;0100;RECURSOS ORDINARIOS;1;ORCAMENTO FISCAL;3;DESPESAS CORRENTES;3;OUTRAS DESPESAS CORRENTES;39;OUTROS SERVICOS DE TERCEIROS PJ - OP.INT.ORC.;339039;OUTROS SERVICOS DE TERCEIROS - PESSOA JURIDICA;339039-9;NAO SE APLICA;-9;NAO SE APLICA;-9;NAO SE APLICA;-9;NAO SE APLICA;NAO SE APLICA;-9;-9;-9;ANULACAO DE PE PARA EMISSAO DE NE - PARTICIPACAO DA SERVIDORA CAROLINA GESTA  QUEIROZ NO CURSO COMPLETO DE LICITACOES E CONTRATOS.                          (PA 0006071-71.2017.6.07.8100);-9;NAO SE APLICA;;;;;2.490,00;(2.490,00);(2.490,00);;;;;;;;;;;;;
14107;TRIBUNAL REGIONAL ELEITORAL DO DIST. FEDERAL;070025;TRIBUNAL REGIONAL ELEITORAL DO D. FEDERAL;02122057020GP0053;20GP;JULGAMENTO DE CAUSAS E GESTAO ADMINISTRATIVA NA JUSTICA ELEI;0002;CAPACITACAO DE RECURSOS HUMANOS;084783;EDF TREINA;CAPACITACAO DE RH - PLANO DE CAPACITACAO;0100;RECURSOS ORDINARIOS;1;ORCAMENTO FISCAL;3;DESPESAS CORRENTES;3;OUTRAS DESPESAS CORRENTES;39;OUTROS SERVICOS DE TERCEIROS PJ - OP.INT.ORC.;339039;OUTROS SERVICOS DE TERCEIROS - PESSOA JURIDICA;339039-9;NAO SE APLICA;-9;NAO SE APLICA;-9;NAO SE APLICA;-9;NAO SE APLICA;NAO SE APLICA;-9;-9;-9;"ANULACAO DE PE PARA EMISSAO DE NE - PARTICIPACAO DOS SERVIDORES LUIZ INACIO DELIMA NETO E BRUNA MACHADO VARGAS NO CURSO ""TEMAS AVANCADOS EM LICITACOES E CONTRATOS: SOLUCOES PRATICAS PARA UMA LIC.LEGAL E EFICIENTE."" (PA0001535-80.2018)";-9;NAO SE APLICA;;;;;5.215,50;(5.215,50);(5.215,50);;;;;;;;;;;;;
14107;TRIBUNAL REGIONAL ELEITORAL DO DIST. FEDERAL;070025;TRIBUNAL REGIONAL ELEITORAL DO D. FEDERAL;02122057020GP0053;20GP;JULGAMENTO DE CAUSAS E GESTAO ADMINISTRATIVA NA JUSTICA ELEI;0002;CAPACITACAO DE RECURSOS HUMANOS;084783;EDF TREINA;CAPACITACAO DE RH - PLANO DE CAPACITACAO;0100;RECURSOS ORDINARIOS;1;ORCAMENTO FISCAL;3;DESPESAS CORRENTES;3;OUTRAS DESPESAS CORRENTES;39;OUTROS SERVICOS DE TERCEIROS PJ - OP.INT.ORC.;339039;OUTROS SERVICOS DE TERCEIROS - PESSOA JURIDICA;339039-9;NAO SE APLICA;-9;NAO SE APLICA;-9;NAO SE APLICA;-9;NAO SE APLICA;NAO SE APLICA;-9;-9;-9;ANULACAO DE PE PARA EMISSAO DE NE -PARTIC.DAS SERVIDORAS CAROLINA G.G. QUEIROZE  FRANCISCA MARIA N.S.MAIA NO CURSO TEMAS FUNDAMENTAIS E APLICADOS P/A CONTR.DE TERCEIRIZ.DE SERV.DE ACORDO COM A IN Nº05/17 E O TCU. (PA 0000801-32.2018);-9;NAO SE APLICA;;;;;7.580,00;(7.580,00);(7.580,00);;;;;;;;;;;;;
14107;TRIBUNAL REGIONAL ELEITORAL DO DIST. FEDERAL;070025;TRIBUNAL REGIONAL ELEITORAL DO D. FEDERAL;02122057020GP0053;20GP;JULGAMENTO DE CAUSAS E GESTAO ADMINISTRATIVA NA JUSTICA ELEI;0002;CAPACITACAO DE RECURSOS HUMANOS;084783;EDF TREINA;CAPACITACAO DE RH - PLANO DE CAPACITACAO;0100;RECURSOS ORDINARIOS;1;ORCAMENTO FISCAL;3;DESPESAS CORRENTES;3;OUTRAS DESPESAS CORRENTES;39;OUTROS SERVICOS DE TERCEIROS PJ - OP.INT.ORC.;339039;OUTROS SERVICOS DE TERCEIROS - PESSOA JURIDICA;339039-9;NAO SE APLICA;-9;NAO SE APLICA;-9;NAO SE APLICA;-9;NAO SE APLICA;NAO SE APLICA;-9;-9;-9;"ANULACAO DE PE PARA EMISSAO DE NE -PARTICIPACAO DO SERVIDOR CARLOS EDUARDO BARBOSA DA SILVA NO CURSO ""FOLHA DE PAGAMENTO DO FUNCIONALISMO PUBLICO"".         (PA 0001050-80.2018.6.07.8100)";-9;NAO SE APLICA;;;;;2.490,00;(2.490,00);(2.490,00);;;;;;;;;;;;;
14107;TRIBUNAL REGIONAL ELEITORAL DO DIST. FEDERAL;070025;TRIBUNAL REGIONAL ELEITORAL DO D. FEDERAL;02122057020GP0053;20GP;JULGAMENTO DE CAUSAS E GESTAO ADMINISTRATIVA NA JUSTICA ELEI;0002;CAPACITACAO DE RECURSOS HUMANOS;084783;EDF TREINA;CAPACITACAO DE RH - PLANO DE CAPACITACAO;0100;RECURSOS ORDINARIOS;1;ORCAMENTO FISCAL;3;DESPESAS CORRENTES;3;OUTRAS DESPESAS CORRENTES;39;OUTROS SERVICOS DE TERCEIROS PJ - OP.INT.ORC.;339039;OUTROS SERVICOS DE TERCEIROS - PESSOA JURIDICA;339039-9;NAO SE APLICA;-9;NAO SE APLICA;-9;NAO SE APLICA;-9;NAO SE APLICA;NAO SE APLICA;-9;-9;-9;"ANULACAO DE REFORCO DE PE - CURSO ""ENTENDENDO A PLANILHA DE CUSTOS E FORMACAO DE PRECOS DA IN 05/2017"".";-9;NAO SE APLICA;;;;;2.632,50;(2.632,50);(2.632,50);;;;;;;;;;;;;
14107;TRIBUNAL REGIONAL ELEITORAL DO DIST. FEDERAL;070025;TRIBUNAL REGIONAL ELEITORAL DO D. FEDERAL;02122057020GP0053;20GP;JULGAMENTO DE CAUSAS E GESTAO ADMINISTRATIVA NA JUSTICA ELEI;0002;CAPACITACAO DE RECURSOS HUMANOS;084783;EDF TREINA;CAPACITACAO DE RH - PLANO DE CAPACITACAO;0100;RECURSOS ORDINARIOS;1;ORCAMENTO FISCAL;3;DESPESAS CORRENTES;3;OUTRAS DESPESAS CORRENTES;39;OUTROS SERVICOS DE TERCEIROS PJ - OP.INT.ORC.;339039;OUTROS SERVICOS DE TERCEIROS - PESSOA JURIDICA;339039-9;NAO SE APLICA;-9;NAO SE APLICA;-9;NAO SE APLICA;-9;NAO SE APLICA;NAO SE APLICA;-9;-9;-9;ANULACAO DO PE 93 PARA EMISSAO DE NE (PA 0001502-90.2018.6.07.8100);-9;NAO SE APLICA;;;;;2.500,00;(2.500,00);(2.500,00);;;;;;;;;;;;;
14107;TRIBUNAL REGIONAL ELEITORAL DO DIST. FEDERAL;070025;TRIBUNAL REGIONAL ELEITORAL DO D. FEDERAL;02122057020GP0053;20GP;JULGAMENTO DE CAUSAS E GESTAO ADMINISTRATIVA NA JUSTICA ELEI;0002;CAPACITACAO DE RECURSOS HUMANOS;084783;EDF TREINA;CAPACITACAO DE RH - PLANO DE CAPACITACAO;0100;RECURSOS ORDINARIOS;1;ORCAMENTO FISCAL;3;DESPESAS CORRENTES;3;OUTRAS DESPESAS CORRENTES;39;OUTROS SERVICOS DE TERCEIROS PJ - OP.INT.ORC.;339039;OUTROS SERVICOS DE TERCEIROS - PESSOA JURIDICA;339039-9;NAO SE APLICA;-9;NAO SE APLICA;-9;NAO SE APLICA;-9;NAO SE APLICA;NAO SE APLICA;-9;-9;-9;AS NOVAS REGRAS QUANTO AO PLANEJAMENTO, A GESTAO E A FISCALIZACAO ADMINISTRATIVA DOS CONTRATOS DE PRESTACAO DE SERVICOS ESTABELECIDAS PELA INSTRUCAO NORMATIVA Nº 05/2017. (PA 0001206-68.2018.6.07.8100);-9;NAO SE APLICA;;;;;(20.000,00);20.000,00;20.000,00;;;;;;;;;;;;;
14107;TRIBUNAL REGIONAL ELEITORAL DO DIST. FEDERAL;070025;TRIBUNAL REGIONAL ELEITORAL DO D. FEDERAL;02122057020GP0053;20GP;JULGAMENTO DE CAUSAS E GESTAO ADMINISTRATIVA NA JUSTICA ELEI;0002;CAPACITACAO DE RECURSOS HUMANOS;084783;EDF TREINA;CAPACITACAO DE RH - PLANO DE CAPACITACAO;0100;RECURSOS ORDINARIOS;1;ORCAMENTO FISCAL;3;DESPESAS CORRENTES;3;OUTRAS DESPESAS CORRENTES;39;OUTROS SERVICOS DE TERCEIROS PJ - OP.INT.ORC.;339039;OUTROS SERVICOS DE TERCEIROS - PESSOA JURIDICA;339039-9;NAO SE APLICA;-9;NAO SE APLICA;-9;NAO SE APLICA;-9;NAO SE APLICA;NAO SE APLICA;-9;-9;-9;"CURSO ""ENTENDENDO A PLANILHA DE CUSTOS E FORMACAO DE PRECOS DA IN 05/2017""    (PA 0000615-09.2018.6.07.8100)";-9;NAO SE APLICA;;;;;(4.387,50);4.387,50;4.387,50;;;;;;;;;;;;;
14107;TRIBUNAL REGIONAL ELEITORAL DO DIST. FEDERAL;070025;TRIBUNAL REGIONAL ELEITORAL DO D. FEDERAL;02122057020GP0053;20GP;JULGAMENTO DE CAUSAS E GESTAO ADMINISTRATIVA NA JUSTICA ELEI;0002;CAPACITACAO DE RECURSOS HUMANOS;084783;EDF TREINA;CAPACITACAO DE RH - PLANO DE CAPACITACAO;0100;RECURSOS ORDINARIOS;1;ORCAMENTO FISCAL;3;DESPESAS CORRENTES;3;OUTRAS DESPESAS CORRENTES;39;OUTROS SERVICOS DE TERCEIROS PJ - OP.INT.ORC.;339039;OUTROS SERVICOS DE TERCEIROS - PESSOA JURIDICA;339039-9;NAO SE APLICA;-9;NAO SE APLICA;-9;NAO SE APLICA;-9;NAO SE APLICA;NAO SE APLICA;-9;-9;-9;"CURSO ""GESTAO CERIMONIAL, PROTOCOLO, ETIQUETA E ORGANIZACAO DE EVENTOS PARA O JUDICIARIO"" (PA 0001502-90.2018.6.07.8100)";-9;NAO SE APLICA;;;;;(2.500,00);2.500,00;2.500,00;;;;;;;;;;;;;
14107;TRIBUNAL REGIONAL ELEITORAL DO DIST. FEDERAL;070025;TRIBUNAL REGIONAL ELEITORAL DO D. FEDERAL;02122057020GP0053;20GP;JULGAMENTO DE CAUSAS E GESTAO ADMINISTRATIVA NA JUSTICA ELEI;0002;CAPACITACAO DE RECURSOS HUMANOS;084783;EDF TREINA;CAPACITACAO DE RH - PLANO DE CAPACITACAO;0100;RECURSOS ORDINARIOS;1;ORCAMENTO FISCAL;3;DESPESAS CORRENTES;3;OUTRAS DESPESAS CORRENTES;39;OUTROS SERVICOS DE TERCEIROS PJ - OP.INT.ORC.;339039;OUTROS SERVICOS DE TERCEIROS - PESSOA JURIDICA;339039-9;NAO SE APLICA;-9;NAO SE APLICA;-9;NAO SE APLICA;-9;NAO SE APLICA;NAO SE APLICA;-9;-9;-9;"PART.DA SERV.ISABELA A.SANTIAGO NO""CURSO PRATICO DE AVERBACAO DE TEMPO DE SER.E DE CONT.NA ADM PUB.NOS TERMOS DA PORTARIA DO MINIST. DA PREVIDENCIA Nº154/08EM CONSONANCIA COM AS EC Nº20/98,41/03,47/05 E 70/12"". (PA 0001682-09.2018)";-9;NAO SE APLICA;;;;;0,00;0,00;0,00;;;;;;;;;;;;;
14107;TRIBUNAL REGIONAL ELEITORAL DO DIST. FEDERAL;070025;TRIBUNAL REGIONAL ELEITORAL DO D. FEDERAL;02122057020GP0053;20GP;JULGAMENTO DE CAUSAS E GESTAO ADMINISTRATIVA NA JUSTICA ELEI;0002;CAPACITACAO DE RECURSOS HUMANOS;084783;EDF TREINA;CAPACITACAO DE RH - PLANO DE CAPACITACAO;0100;RECURSOS ORDINARIOS;1;ORCAMENTO FISCAL;3;DESPESAS CORRENTES;3;OUTRAS DESPESAS CORRENTES;39;OUTROS SERVICOS DE TERCEIROS PJ - OP.INT.ORC.;339039;OUTROS SERVICOS DE TERCEIROS - PESSOA JURIDICA;339039-9;NAO SE APLICA;-9;NAO SE APLICA;-9;NAO SE APLICA;-9;NAO SE APLICA;NAO SE APLICA;-9;-9;-9;PARTICIPACAO DA SERVIDORA CAROLINA GONCALVES GESTA QUEIROZ  NO  CURSO COMPLETODE LICITACOES PUBLICAS E CONTRATOS ADMINISTRATIVOS, CONTRATACAO DIRETA, PREGAOE SISTEMA DE REGISTRO DE PRECOS. (PA 0001045-58.2018.6.07.8100);-9;NAO SE APLICA;;;;;(2.890,00);2.890,00;2.890,00;;;;;;;;;;;;;
14107;TRIBUNAL REGIONAL ELEITORAL DO DIST. FEDERAL;070025;TRIBUNAL REGIONAL ELEITORAL DO D. FEDERAL;02122057020GP0053;20GP;JULGAMENTO DE CAUSAS E GESTAO ADMINISTRATIVA NA JUSTICA ELEI;0002;CAPACITACAO DE RECURSOS HUMANOS;084783;EDF TREINA;CAPACITACAO DE RH - PLANO DE CAPACITACAO;0100;RECURSOS ORDINARIOS;1;ORCAMENTO FISCAL;3;DESPESAS CORRENTES;3;OUTRAS DESPESAS CORRENTES;39;OUTROS SERVICOS DE TERCEIROS PJ - OP.INT.ORC.;339039;OUTROS SERVICOS DE TERCEIROS - PESSOA JURIDICA;339039-9;NAO SE APLICA;-9;NAO SE APLICA;-9;NAO SE APLICA;-9;NAO SE APLICA;NAO SE APLICA;-9;-9;-9;PARTICIPACAO DAS SERVIDORAS CAROLINA G. G. QUEIROZ E FRANCISCA M. N. DE SIQUEIRA MAIA NO CURSO TEMAS FUNDAMENTAIS E APLICADOS PARA A CONTRATACAO DE TERCEIRIZACAO DE SERVICOS DE ACORDO COM A IN Nº 05/17 E O TCU. (PA 0000801-32.2018);-9;NAO SE APLICA;;;;;(7.580,00);7.580,00;7.580,00;;;;;;;;;;;;;
14107;TRIBUNAL REGIONAL ELEITORAL DO DIST. FEDERAL;070025;TRIBUNAL REGIONAL ELEITORAL DO D. FEDERAL;02122057020GP0053;20GP;JULGAMENTO DE CAUSAS E GESTAO ADMINISTRATIVA NA JUSTICA ELEI;0002;CAPACITACAO DE RECURSOS HUMANOS;084783;EDF TREINA;CAPACITACAO DE RH - PLANO DE CAPACITACAO;0100;RECURSOS ORDINARIOS;1;ORCAMENTO FISCAL;3;DESPESAS CORRENTES;3;OUTRAS DESPESAS CORRENTES;39;OUTROS SERVICOS DE TERCEIROS PJ - OP.INT.ORC.;339039;OUTROS SERVICOS DE TERCEIROS - PESSOA JURIDICA;339039-9;NAO SE APLICA;-9;NAO SE APLICA;-9;NAO SE APLICA;-9;NAO SE APLICA;NAO SE APLICA;-9;-9;-9;"PARTICIPACAO DO SERVIDOR CARLOS EDUARDO BARBOSA DA SILVA NO CURSO ""FOLHA DE PAGAMENTO DO FUNCIONALISMO PUBLICO"". (PA 0001050-80.2018.6.07.8100)";-9;NAO SE APLICA;;;;;(2.490,00);2.490,00;2.490,00;;;;;;;;;;;;;
14107;TRIBUNAL REGIONAL ELEITORAL DO DIST. FEDERAL;070025;TRIBUNAL REGIONAL ELEITORAL DO D. FEDERAL;02122057020GP0053;20GP;JULGAMENTO DE CAUSAS E GESTAO ADMINISTRATIVA NA JUSTICA ELEI;0002;CAPACITACAO DE RECURSOS HUMANOS;084783;EDF TREINA;CAPACITACAO DE RH - PLANO DE CAPACITACAO;0100;RECURSOS ORDINARIOS;1;ORCAMENTO FISCAL;3;DESPESAS CORRENTES;3;OUTRAS DESPESAS CORRENTES;39;OUTROS SERVICOS DE TERCEIROS PJ - OP.INT.ORC.;339039;OUTROS SERVICOS DE TERCEIROS - PESSOA JURIDICA;339039-9;NAO SE APLICA;-9;NAO SE APLICA;-9;NAO SE APLICA;-9;NAO SE APLICA;NAO SE APLICA;-9;-9;-9;"PARTICIPACAO DO SERVIDOR DIEGO RODRIGUES NO EVENTO ""5º CONTRATOS WEEK - SEMANANACIONAL DE ESTUDOS AVANCADOS EM CONTRATOS ADMINISTRATIVOS"".                  (PA 0001523-66.2018.6.07.8100)";-9;NAO SE APLICA;;;;;(3.971,00);3.971,00;3.971,00;;;;;;;;;;;;;
14107;TRIBUNAL REGIONAL ELEITORAL DO DIST. FEDERAL;070025;TRIBUNAL REGIONAL ELEITORAL DO D. FEDERAL;02122057020GP0053;20GP;JULGAMENTO DE CAUSAS E GESTAO ADMINISTRATIVA NA JUSTICA ELEI;0002;CAPACITACAO DE RECURSOS HUMANOS;084783;EDF TREINA;CAPACITACAO DE RH - PLANO DE CAPACITACAO;0100;RECURSOS ORDINARIOS;1;ORCAMENTO FISCAL;3;DESPESAS CORRENTES;3;OUTRAS DESPESAS CORRENTES;39;OUTROS SERVICOS DE TERCEIROS PJ - OP.INT.ORC.;339039;OUTROS SERVICOS DE TERCEIROS - PESSOA JURIDICA;339039-9;NAO SE APLICA;-9;NAO SE APLICA;-9;NAO SE APLICA;-9;NAO SE APLICA;NAO SE APLICA;-9;-9;-9;PARTICIPACAO DO SERVIDOR JOSE AILTON FONSECA NO CURSO GESTAO DA CONTA VINCULA-DA AOS CONTRATOS DE TERCEIRIZACAO, NO PERIODO DE 15 A 16/3/18.                PAE 0000770-12.2018.6.07.8100. ANULACAO PARA EMISSAO DE EMPENHO.;-9;NAO SE APLICA;;;;;2.745,00;(2.745,00);(2.745,00);;;;;;;;;;;;;
14107;TRIBUNAL REGIONAL ELEITORAL DO DIST. FEDERAL;070025;TRIBUNAL REGIONAL ELEITORAL DO D. FEDERAL;02122057020GP0053;20GP;JULGAMENTO DE CAUSAS E GESTAO ADMINISTRATIVA NA JUSTICA ELEI;0002;CAPACITACAO DE RECURSOS HUMANOS;084783;EDF TREINA;CAPACITACAO DE RH - PLANO DE CAPACITACAO;0100;RECURSOS ORDINARIOS;1;ORCAMENTO FISCAL;3;DESPESAS CORRENTES;3;OUTRAS DESPESAS CORRENTES;39;OUTROS SERVICOS DE TERCEIROS PJ - OP.INT.ORC.;339039;OUTROS SERVICOS DE TERCEIROS - PESSOA JURIDICA;339039-9;NAO SE APLICA;-9;NAO SE APLICA;-9;NAO SE APLICA;-9;NAO SE APLICA;NAO SE APLICA;-9;-9;-9;PARTICIPACAO DO SERVIDOR KELDER APARECIDO BORGES NO CURSO DE DIREITO PROCESSU AL CIVIL - 2 ANOS DO CPC NA VISAO DOS TRIBUNAIS. (PA0001971-39.2018.6.07.8100);-9;NAO SE APLICA;;;;;(980,00);980,00;980,00;;;;;;;;;;;;;
14107;TRIBUNAL REGIONAL ELEITORAL DO DIST. FEDERAL;070025;TRIBUNAL REGIONAL ELEITORAL DO D. FEDERAL;02122057020GP0053;20GP;JULGAMENTO DE CAUSAS E GESTAO ADMINISTRATIVA NA JUSTICA ELEI;0002;CAPACITACAO DE RECURSOS HUMANOS;084783;EDF TREINA;CAPACITACAO DE RH - PLANO DE CAPACITACAO;0100;RECURSOS ORDINARIOS;1;ORCAMENTO FISCAL;3;DESPESAS CORRENTES;3;OUTRAS DESPESAS CORRENTES;39;OUTROS SERVICOS DE TERCEIROS PJ - OP.INT.ORC.;339039;OUTROS SERVICOS DE TERCEIROS - PESSOA JURIDICA;339039-9;NAO SE APLICA;-9;NAO SE APLICA;-9;NAO SE APLICA;-9;NAO SE APLICA;NAO SE APLICA;-9;-9;-9;PARTICIPACAO DOS SERVIDORES IVANILDO TOMAZ DE OLIVEIRA E PATRICIA TRAJANO SUMIHARA NO CURSO PRATICO - TESOURO GERENCIAL - CONSULTAS ORCAMENTARIAS,  FINANCEIRAS E PATRIMONIAIS DO GOVERNO FEDERAL. (PA 0000940-81.2018.6.07.8100);-9;NAO SE APLICA;;;;;(5.580,00);5.580,00;5.580,00;;;;;;;;;;;;;
14107;TRIBUNAL REGIONAL ELEITORAL DO DIST. FEDERAL;070025;TRIBUNAL REGIONAL ELEITORAL DO D. FEDERAL;02122057020GP0053;20GP;JULGAMENTO DE CAUSAS E GESTAO ADMINISTRATIVA NA JUSTICA ELEI;0002;CAPACITACAO DE RECURSOS HUMANOS;084783;EDF TREINA;CAPACITACAO DE RH - PLANO DE CAPACITACAO;0100;RECURSOS ORDINARIOS;1;ORCAMENTO FISCAL;3;DESPESAS CORRENTES;3;OUTRAS DESPESAS CORRENTES;39;OUTROS SERVICOS DE TERCEIROS PJ - OP.INT.ORC.;339039;OUTROS SERVICOS DE TERCEIROS - PESSOA JURIDICA;339039-9;NAO SE APLICA;-9;NAO SE APLICA;-9;NAO SE APLICA;-9;NAO SE APLICA;NAO SE APLICA;-9;-9;-9;REFORCO DO PE 32 - INCLUSAO DE MAIS 1 SERVIDOR NO TREINAMENTO (PA 615-09.2018);-9;NAO SE APLICA;;;;;(2.632,50);2.632,50;2.632,50;;;;;;;;;;;;;
14107;TRIBUNAL REGIONAL ELEITORAL DO DIST. FEDERAL;070025;TRIBUNAL REGIONAL ELEITORAL DO D. FEDERAL;02122057020GP0053;20GP;JULGAMENTO DE CAUSAS E GESTAO ADMINISTRATIVA NA JUSTICA ELEI;0002;CAPACITACAO DE RECURSOS HUMANOS;084783;EDF TREINA;CAPACITACAO DE RH - PLANO DE CAPACITACAO;0100;RECURSOS ORDINARIOS;1;ORCAMENTO FISCAL;3;DESPESAS CORRENTES;3;OUTRAS DESPESAS CORRENTES;39;OUTROS SERVICOS DE TERCEIROS PJ - OP.INT.ORC.;339039;OUTROS SERVICOS DE TERCEIROS - PESSOA JURIDICA;339039-9;NAO SE APLICA;-9;NAO SE APLICA;-9;NAO SE APLICA;-9;NAO SE APLICA;NAO SE APLICA;-9;-9;-9;RESERVA PARA PARTICIPACAO DO SERVIDOR JOSE AILTON FONSECA NO CURSO GESTAO   DACONTA VINCULADA AOS CONTRATOS DE TERCEIRIZACAO, NO PERIODO DE 15 A 16/3/18.   PAE 0000770-12.2018.6.07.8100;-9;NAO SE APLICA;;;;;(2.745,00);2.745,00;2.745,00;;;;;;;;;;;;;
14107;TRIBUNAL REGIONAL ELEITORAL DO DIST. FEDERAL;070025;TRIBUNAL REGIONAL ELEITORAL DO D. FEDERAL;02122057020GP0053;20GP;JULGAMENTO DE CAUSAS E GESTAO ADMINISTRATIVA NA JUSTICA ELEI;0002;CAPACITACAO DE RECURSOS HUMANOS;084783;EDF TREINA;CAPACITACAO DE RH - PLANO DE CAPACITACAO;0100;RECURSOS ORDINARIOS;1;ORCAMENTO FISCAL;3;DESPESAS CORRENTES;3;OUTRAS DESPESAS CORRENTES;39;OUTROS SERVICOS DE TERCEIROS PJ - OP.INT.ORC.;339039;OUTROS SERVICOS DE TERCEIROS - PESSOA JURIDICA;339039-9;NAO SE APLICA;-9;NAO SE APLICA;-9;NAO SE APLICA;-9;NAO SE APLICA;NAO SE APLICA;-9;-9;-9;RESERVA REFERENTE A INSCRICAO DE SERVIDORA EM CURSO COMPLETO DE LICITACOES E  CONTRATOS. PAE 0006071-71.2017.6.07.8100;-9;NAO SE APLICA;;;;;(2.490,00);2.490,00;2.490,00;;;;;;;;;;;;;
14107;TRIBUNAL REGIONAL ELEITORAL DO DIST. FEDERAL;070025;TRIBUNAL REGIONAL ELEITORAL DO D. FEDERAL;02122057020GP0053;20GP;JULGAMENTO DE CAUSAS E GESTAO ADMINISTRATIVA NA JUSTICA ELEI;0002;CAPACITACAO DE RECURSOS HUMANOS;084783;EDF TREINA;CAPACITACAO DE RH - PLANO DE CAPACITACAO;0100;RECURSOS ORDINARIOS;1;ORCAMENTO FISCAL;3;DESPESAS CORRENTES;3;OUTRAS DESPESAS CORRENTES;39;OUTROS SERVICOS DE TERCEIROS PJ - OP.INT.ORC.;339039;OUTROS SERVICOS DE TERCEIROS - PESSOA JURIDICA;339039-9;NAO SE APLICA;-9;NAO SE APLICA;-9;NAO SE APLICA;-9;NAO SE APLICA;NAO SE APLICA;-9;-9;-9;RETORNO AO DISPONIVEL - ANULACAO NE Nº162/2018. (PA 0001045-58.2018.6.07.8100);-9;NAO SE APLICA;(2.890,00);(2.890,00);;;(2.890,00);;;;;;;;;;;;;;;
14107;TRIBUNAL REGIONAL ELEITORAL DO DIST. FEDERAL;070025;TRIBUNAL REGIONAL ELEITORAL DO D. FEDERAL;02122057020GP0053;20GP;JULGAMENTO DE CAUSAS E GESTAO ADMINISTRATIVA NA JUSTICA ELEI;0002;CAPACITACAO DE RECURSOS HUMANOS;084783;EDF TREINA;CAPACITACAO DE RH - PLANO DE CAPACITACAO;0100;RECURSOS ORDINARIOS;1;ORCAMENTO FISCAL;3;DESPESAS CORRENTES;3;OUTRAS DESPESAS CORRENTES;39;OUTROS SERVICOS DE TERCEIROS PJ - OP.INT.ORC.;339039;OUTROS SERVICOS DE TERCEIROS - PESSOA JURIDICA;339039-9;NAO SE APLICA;-9;NAO SE APLICA;-9;NAO SE APLICA;-9;NAO SE APLICA;NAO SE APLICA;-9;-9;-9;RETORNO AO DISPONIVEL.;-9;NAO SE APLICA;(2.632,50);(2.632,50);;;(2.632,50);;;;;;;;;;;;;;;
14107;TRIBUNAL REGIONAL ELEITORAL DO DIST. FEDERAL;070025;TRIBUNAL REGIONAL ELEITORAL DO D. FEDERAL;02122057020GP0053;20GP;JULGAMENTO DE CAUSAS E GESTAO ADMINISTRATIVA NA JUSTICA ELEI;0002;CAPACITACAO DE RECURSOS HUMANOS;084783;EDF TREINA;CAPACITACAO DE RH - PLANO DE CAPACITACAO;0100;RECURSOS ORDINARIOS;1;ORCAMENTO FISCAL;3;DESPESAS CORRENTES;3;OUTRAS DESPESAS CORRENTES;39;OUTROS SERVICOS DE TERCEIROS PJ - OP.INT.ORC.;339039;OUTROS SERVICOS DE TERCEIROS - PESSOA JURIDICA;339039-9;NAO SE APLICA;-9;NAO SE APLICA;-9;NAO SE APLICA;-9;NAO SE APLICA;NAO SE APLICA;-9;-9;-9;TEMAS AVANCADOS EM LICITACOES E CONTRATOS: SOLUCOES PRATICAS PARA UMA LICITA  CAO LEGAL E EFICIENTE.                                                        (PA 0001535-80.2018.6.07.8100);-9;NAO SE APLICA;;;;;(5.215,50);5.215,50;5.215,50;;;;;;;;;;;;;
14107;TRIBUNAL REGIONAL ELEITORAL DO DIST. FEDERAL;070025;TRIBUNAL REGIONAL ELEITORAL DO D. FEDERAL;02122057020GP0053;20GP;JULGAMENTO DE CAUSAS E GESTAO ADMINISTRATIVA NA JUSTICA ELEI;0002;CAPACITACAO DE RECURSOS HUMANOS;084783;EDF TREINA;CAPACITACAO DE RH - PLANO DE CAPACITACAO;0100;RECURSOS ORDINARIOS;1;ORCAMENTO FISCAL;3;DESPESAS CORRENTES;3;OUTRAS DESPESAS CORRENTES;39;OUTROS SERVICOS DE TERCEIROS PJ - OP.INT.ORC.;339039;OUTROS SERVICOS DE TERCEIROS - PESSOA JURIDICA;33903948;SERVICO DE SELECAO E TREINAMENTO;1;ORDINARIO;06;DISPENSA DE LICITACAO;02;21/07/2017;JUL/2017;2017;070025000012017NE000346;00029434320176078100;NAO SE APLICA;14687773000100;MASTERHOUSE TREINAMENTOS E SOLUCOES EM TI LTDA - ME;;;;;;;;;;;;;1.500,00;;;;;1.500,00;;
14107;TRIBUNAL REGIONAL ELEITORAL DO DIST. FEDERAL;070025;TRIBUNAL REGIONAL ELEITORAL DO D. FEDERAL;02122057020GP0053;20GP;JULGAMENTO DE CAUSAS E GESTAO ADMINISTRATIVA NA JUSTICA ELEI;0002;CAPACITACAO DE RECURSOS HUMANOS;084783;EDF TREINA;CAPACITACAO DE RH - PLANO DE CAPACITACAO;0100;RECURSOS ORDINARIOS;1;ORCAMENTO FISCAL;3;DESPESAS CORRENTES;3;OUTRAS DESPESAS CORRENTES;39;OUTROS SERVICOS DE TERCEIROS PJ - OP.INT.ORC.;339039;OUTROS SERVICOS DE TERCEIROS - PESSOA JURIDICA;33903948;SERVICO DE SELECAO E TREINAMENTO;1;ORDINARIO;06;DISPENSA DE LICITACAO;02;21/07/2017;JUL/2017;2017;070025000012017NE000346;00029434320176078100;PGTO NF 340. CURSO GESTAO DE SEGURANCA. OPTANTE PELO SIMPLES. PA 2943-43.2017;14687773000100;MASTERHOUSE TREINAMENTOS E SOLUCOES EM TI LTDA - ME;;;;;;;;;;;;;;;;1.500,00;1.500,00;(1.500,00);1.500,00;1.500,00
14107;TRIBUNAL REGIONAL ELEITORAL DO DIST. FEDERAL;070025;TRIBUNAL REGIONAL ELEITORAL DO D. FEDERAL;02122057020GP0053;20GP;JULGAMENTO DE CAUSAS E GESTAO ADMINISTRATIVA NA JUSTICA ELEI;0002;CAPACITACAO DE RECURSOS HUMANOS;084783;EDF TREINA;CAPACITACAO DE RH - PLANO DE CAPACITACAO;0100;RECURSOS ORDINARIOS;1;ORCAMENTO FISCAL;3;DESPESAS CORRENTES;3;OUTRAS DESPESAS CORRENTES;39;OUTROS SERVICOS DE TERCEIROS PJ - OP.INT.ORC.;339039;OUTROS SERVICOS DE TERCEIROS - PESSOA JURIDICA;33903948;SERVICO DE SELECAO E TREINAMENTO;1;ORDINARIO;07;INEXIGIBILIDADE;02;24/10/2017;OUT/2017;2017;070025000012017NE000475;00042945120176078100;NAO SE APLICA;02875020000131;ASSOCIACAO DE ARQUIVISTAS DE SAO PAULO (ARQ/SP);;;;;;;;;;;;;260,00;;;;;260,00;;
14107;TRIBUNAL REGIONAL ELEITORAL DO DIST. FEDERAL;070025;TRIBUNAL REGIONAL ELEITORAL DO D. FEDERAL;02122057020GP0053;20GP;JULGAMENTO DE CAUSAS E GESTAO ADMINISTRATIVA NA JUSTICA ELEI;0002;CAPACITACAO DE RECURSOS HUMANOS;084783;EDF TREINA;CAPACITACAO DE RH - PLANO DE CAPACITACAO;0100;RECURSOS ORDINARIOS;1;ORCAMENTO FISCAL;3;DESPESAS CORRENTES;3;OUTRAS DESPESAS CORRENTES;39;OUTROS SERVICOS DE TERCEIROS PJ - OP.INT.ORC.;339039;OUTROS SERVICOS DE TERCEIROS - PESSOA JURIDICA;33903948;SERVICO DE SELECAO E TREINAMENTO;1;ORDINARIO;07;INEXIGIBILIDADE;02;24/10/2017;OUT/2017;2017;070025000012017NE000475;00042945120176078100;PAGTO NF 348. EVENTO JORNADAS DE ATUALIZACAO PROFISSIONAL - GESTAO DE REPOSITORIOS DIGITAIS. PA 4294-51.2017.;02875020000131;ASSOCIACAO DE ARQUIVISTAS DE SAO PAULO (ARQ/SP);;;;;;;;;;;;;;;;260,00;260,00;(260,00);260,00;260,00
14107;TRIBUNAL REGIONAL ELEITORAL DO DIST. FEDERAL;070025;TRIBUNAL REGIONAL ELEITORAL DO D. FEDERAL;02122057020GP0053;20GP;JULGAMENTO DE CAUSAS E GESTAO ADMINISTRATIVA NA JUSTICA ELEI;0002;CAPACITACAO DE RECURSOS HUMANOS;084783;EDF TREINA;CAPACITACAO DE RH - PLANO DE CAPACITACAO;0100;RECURSOS ORDINARIOS;1;ORCAMENTO FISCAL;3;DESPESAS CORRENTES;3;OUTRAS DESPESAS CORRENTES;39;OUTROS SERVICOS DE TERCEIROS PJ - OP.INT.ORC.;339039;OUTROS SERVICOS DE TERCEIROS - PESSOA JURIDICA;33903948;SERVICO DE SELECAO E TREINAMENTO;1;ORDINARIO;07;INEXIGIBILIDADE;02;03/01/2018;JAN/2018;2018;070025000012018NE000024;00059219020176078100;"2018NECT - PARTICIPACAO DE 2 (DOIS) SERVIDORES DO TRE-DF NO ""13º CONGRESSO BRASILEITO DE PREGOEIROS"".O TERMO DE REFERENCIA DA PRESENTE CONTRATACAO INTEGRA ANOTA DE EMPENHO.";10498974000109;INSTITUTO NEGOCIOS PUBLICOS DO BRASIL - ESTUDOS E PESQ;;;;;;;;7.942,00;;;;;;;;;;;;
14107;TRIBUNAL REGIONAL ELEITORAL DO DIST. FEDERAL;070025;TRIBUNAL REGIONAL ELEITORAL DO D. FEDERAL;02122057020GP0053;20GP;JULGAMENTO DE CAUSAS E GESTAO ADMINISTRATIVA NA JUSTICA ELEI;0002;CAPACITACAO DE RECURSOS HUMANOS;084783;EDF TREINA;CAPACITACAO DE RH - PLANO DE CAPACITACAO;0100;RECURSOS ORDINARIOS;1;ORCAMENTO FISCAL;3;DESPESAS CORRENTES;3;OUTRAS DESPESAS CORRENTES;39;OUTROS SERVICOS DE TERCEIROS PJ - OP.INT.ORC.;339039;OUTROS SERVICOS DE TERCEIROS - PESSOA JURIDICA;33903948;SERVICO DE SELECAO E TREINAMENTO;1;ORDINARIO;07;INEXIGIBILIDADE;02;03/01/2018;JAN/2018;2018;070025000012018NE000024;00059219020176078100;PGTO NF 5965. CURSO DE CAPACITACAO: 13º CONGRESSO BRASILEIRO DE PREGOEIROS. RETENCAO IMP. FED. 9,45 (R$ 750,52). PA 5921-90.2017;10498974000109;INSTITUTO NEGOCIOS PUBLICOS DO BRASIL - ESTUDOS E PESQ;;;;;;;;0,00;7.942,00;7.942,00;;;;;;;;;7.942,00;7.942,00
14107;TRIBUNAL REGIONAL ELEITORAL DO DIST. FEDERAL;070025;TRIBUNAL REGIONAL ELEITORAL DO D. FEDERAL;02122057020GP0053;20GP;JULGAMENTO DE CAUSAS E GESTAO ADMINISTRATIVA NA JUSTICA ELEI;0002;CAPACITACAO DE RECURSOS HUMANOS;084783;EDF TREINA;CAPACITACAO DE RH - PLANO DE CAPACITACAO;0100;RECURSOS ORDINARIOS;1;ORCAMENTO FISCAL;3;DESPESAS CORRENTES;3;OUTRAS DESPESAS CORRENTES;39;OUTROS SERVICOS DE TERCEIROS PJ - OP.INT.ORC.;339039;OUTROS SERVICOS DE TERCEIROS - PESSOA JURIDICA;33903948;SERVICO DE SELECAO E TREINAMENTO;1;ORDINARIO;07;INEXIGIBILIDADE;02;11/01/2018;JAN/2018;2018;070025000012018NE000044;00060717120176078100;2018NECT - PARTICIPACAO DA SERVIDORA CAROLINA GESTA QUEIROZ NO CURSO  COMPLETODE LICITACOES E CONTRATOS.  O TERMO DE REFERENCIA DA PRESENTE CONTRATACAO INTEGRA A NOTA DE EMPENHO.;09375180000160;PROFESSORA ANTONIETA CURSOS E CAPACITACAO PROFISSIONAL;;;;;;;;2.490,00;;;;;;;;;;;;
14107;TRIBUNAL REGIONAL ELEITORAL DO DIST. FEDERAL;070025;TRIBUNAL REGIONAL ELEITORAL DO D. FEDERAL;02122057020GP0053;20GP;JULGAMENTO DE CAUSAS E GESTAO ADMINISTRATIVA NA JUSTICA ELEI;0002;CAPACITACAO DE RECURSOS HUMANOS;084783;EDF TREINA;CAPACITACAO DE RH - PLANO DE CAPACITACAO;0100;RECURSOS ORDINARIOS;1;ORCAMENTO FISCAL;3;DESPESAS CORRENTES;3;OUTRAS DESPESAS CORRENTES;39;OUTROS SERVICOS DE TERCEIROS PJ - OP.INT.ORC.;339039;OUTROS SERVICOS DE TERCEIROS - PESSOA JURIDICA;33903948;SERVICO DE SELECAO E TREINAMENTO;1;ORDINARIO;07;INEXIGIBILIDADE;02;11/01/2018;JAN/2018;2018;070025000012018NE000044;00060717120176078100;2018NECT - PARTICIPACAO DA SERVIDORA CAROLINA GESTA QUEIROZ NO CURSO  COMPLETODE LICITACOES E CONTRATOS.  O TERMO DE REFERENCIA DA PRESENTE CONTRATACAO INTEGRA A NOTA DE EMPENHO. ANULACAO.;09375180000160;PROFESSORA ANTONIETA CURSOS E CAPACITACAO PROFISSIONAL;;;;;;;;(2.490,00);;;;;;;;;;;;
14107;TRIBUNAL REGIONAL ELEITORAL DO DIST. FEDERAL;070025;TRIBUNAL REGIONAL ELEITORAL DO D. FEDERAL;02122057020GP0053;20GP;JULGAMENTO DE CAUSAS E GESTAO ADMINISTRATIVA NA JUSTICA ELEI;0002;CAPACITACAO DE RECURSOS HUMANOS;084783;EDF TREINA;CAPACITACAO DE RH - PLANO DE CAPACITACAO;0100;RECURSOS ORDINARIOS;1;ORCAMENTO FISCAL;3;DESPESAS CORRENTES;3;OUTRAS DESPESAS CORRENTES;39;OUTROS SERVICOS DE TERCEIROS PJ - OP.INT.ORC.;339039;OUTROS SERVICOS DE TERCEIROS - PESSOA JURIDICA;33903948;SERVICO DE SELECAO E TREINAMENTO;1;ORDINARIO;07;INEXIGIBILIDADE;02;21/02/2018;FEV/2018;2018;070025000012018NE000120;00006150920186078100;"2018NECT - PARTICIPACAO DOS SERVIDORES  JOSE AILTON FONSECA E  DIEGO RODRIGUESNO CURSO ""ENTENDENDO A PLANILHA DE CUSTOS E FORMACAO DE PRECOS DA IN 05/2017"".O TERMO DE REFERENCIA DA PRESENTE CONTRATACAO INTEGRA A NOTA DE EMPENHO.";00714403000100;ELO CONSULTORIA EMPRESARIAL E PRODUCAO DE EVENTOS LTDA;;;;;;;;4.387,50;;;;;;;;;;;;
14107;TRIBUNAL REGIONAL ELEITORAL DO DIST. FEDERAL;070025;TRIBUNAL REGIONAL ELEITORAL DO D. FEDERAL;02122057020GP0053;20GP;JULGAMENTO DE CAUSAS E GESTAO ADMINISTRATIVA NA JUSTICA ELEI;0002;CAPACITACAO DE RECURSOS HUMANOS;084783;EDF TREINA;CAPACITACAO DE RH - PLANO DE CAPACITACAO;0100;RECURSOS ORDINARIOS;1;ORCAMENTO FISCAL;3;DESPESAS CORRENTES;3;OUTRAS DESPESAS CORRENTES;39;OUTROS SERVICOS DE TERCEIROS PJ - OP.INT.ORC.;339039;OUTROS SERVICOS DE TERCEIROS - PESSOA JURIDICA;33903948;SERVICO DE SELECAO E TREINAMENTO;1;ORDINARIO;07;INEXIGIBILIDADE;02;21/02/2018;FEV/2018;2018;070025000012018NE000120;00006150920186078100;PAGTO NF 2243. PARTICIPACAO SERVIDORES CURSO ENTENDENDO PLANILHA DE CUSTOS E FORMACAO DE PRECOS IN 5/2017. RETENCAO 9,45 IMP FED (R$ 414,62) E 2,00 ISS (R$ 87,75). PA 0615-09.2018;00714403000100;ELO CONSULTORIA EMPRESARIAL E PRODUCAO DE EVENTOS LTDA;;;;;;;;0,00;4.387,50;4.387,50;;;;;;;;;4.387,50;4.387,50
14107;TRIBUNAL REGIONAL ELEITORAL DO DIST. FEDERAL;070025;TRIBUNAL REGIONAL ELEITORAL DO D. FEDERAL;02122057020GP0053;20GP;JULGAMENTO DE CAUSAS E GESTAO ADMINISTRATIVA NA JUSTICA ELEI;0002;CAPACITACAO DE RECURSOS HUMANOS;084783;EDF TREINA;CAPACITACAO DE RH - PLANO DE CAPACITACAO;0100;RECURSOS ORDINARIOS;1;ORCAMENTO FISCAL;3;DESPESAS CORRENTES;3;OUTRAS DESPESAS CORRENTES;39;OUTROS SERVICOS DE TERCEIROS PJ - OP.INT.ORC.;339039;OUTROS SERVICOS DE TERCEIROS - PESSOA JURIDICA;33903948;SERVICO DE SELECAO E TREINAMENTO;1;ORDINARIO;07;INEXIGIBILIDADE;02;28/02/2018;FEV/2018;2018;070025000012018NE000138;00007701220186078100;"2018NECT - PARTICIPACAO DO SERVIDOR   JOSE AILTON FONSECA    NO CURSO  ""GESTAODA CONTA VINCULADA AOS CONTRATOS DE TERCEIRIZACAO"". O TERMO DE REFERENCIA   DAPRESENTE CONTRATACAO INTEGRA ESTA NOTA DE EMPENHO.";00714403000100;ELO CONSULTORIA EMPRESARIAL E PRODUCAO DE EVENTOS LTDA;;;;;;;;2.745,00;;;;;;;;;;;;
14107;TRIBUNAL REGIONAL ELEITORAL DO DIST. FEDERAL;070025;TRIBUNAL REGIONAL ELEITORAL DO D. FEDERAL;02122057020GP0053;20GP;JULGAMENTO DE CAUSAS E GESTAO ADMINISTRATIVA NA JUSTICA ELEI;0002;CAPACITACAO DE RECURSOS HUMANOS;084783;EDF TREINA;CAPACITACAO DE RH - PLANO DE CAPACITACAO;0100;RECURSOS ORDINARIOS;1;ORCAMENTO FISCAL;3;DESPESAS CORRENTES;3;OUTRAS DESPESAS CORRENTES;39;OUTROS SERVICOS DE TERCEIROS PJ - OP.INT.ORC.;339039;OUTROS SERVICOS DE TERCEIROS - PESSOA JURIDICA;33903948;SERVICO DE SELECAO E TREINAMENTO;1;ORDINARIO;07;INEXIGIBILIDADE;02;28/02/2018;FEV/2018;2018;070025000012018NE000138;00007701220186078100;PGTO NF 2275. TREINAMENTO DE SERVIDOR. RETENCAO TRIBUTARIA IMP. FED. 9,45 (R$ 259,40) ISS 2,00 (R$ 54,90). PA770-12.2018.;00714403000100;ELO CONSULTORIA EMPRESARIAL E PRODUCAO DE EVENTOS LTDA;;;;;;;;0,00;2.745,00;2.745,00;;;;;;;;;2.745,00;2.745,00
14107;TRIBUNAL REGIONAL ELEITORAL DO DIST. FEDERAL;070025;TRIBUNAL REGIONAL ELEITORAL DO D. FEDERAL;02122057020GP0053;20GP;JULGAMENTO DE CAUSAS E GESTAO ADMINISTRATIVA NA JUSTICA ELEI;0002;CAPACITACAO DE RECURSOS HUMANOS;084783;EDF TREINA;CAPACITACAO DE RH - PLANO DE CAPACITACAO;0100;RECURSOS ORDINARIOS;1;ORCAMENTO FISCAL;3;DESPESAS CORRENTES;3;OUTRAS DESPESAS CORRENTES;39;OUTROS SERVICOS DE TERCEIROS PJ - OP.INT.ORC.;339039;OUTROS SERVICOS DE TERCEIROS - PESSOA JURIDICA;33903948;SERVICO DE SELECAO E TREINAMENTO;1;ORDINARIO;07;INEXIGIBILIDADE;02;09/03/2018;MAR/2018;2018;070025000012018NE000147;00009408120186078100;2018NECT - PARTICIP. DOS SERVIDORES IVANILDO T.DE OLIVEIRA E PATRICIA T.SUMIHARA NO CURSO PRATICO -TESOURO GERENCIAL- CONSULTAS ORCAMENTARIAS, FINANCEIRAS EPATRIMONIAIS DO GOVERNO FEDERAL. O TR DA PRESENTE CONTRATACAO INTEGRA A NE.;06012731000133;ONE CURSOS - TREINAMENTO, DESENVOLVIMENTO E CAPACITACA;;;;;;;;5.580,00;;;;;;;;;;;;
14107;TRIBUNAL REGIONAL ELEITORAL DO DIST. FEDERAL;070025;TRIBUNAL REGIONAL ELEITORAL DO D. FEDERAL;02122057020GP0053;20GP;JULGAMENTO DE CAUSAS E GESTAO ADMINISTRATIVA NA JUSTICA ELEI;0002;CAPACITACAO DE RECURSOS HUMANOS;084783;EDF TREINA;CAPACITACAO DE RH - PLANO DE CAPACITACAO;0100;RECURSOS ORDINARIOS;1;ORCAMENTO FISCAL;3;DESPESAS CORRENTES;3;OUTRAS DESPESAS CORRENTES;39;OUTROS SERVICOS DE TERCEIROS PJ - OP.INT.ORC.;339039;OUTROS SERVICOS DE TERCEIROS - PESSOA JURIDICA;33903948;SERVICO DE SELECAO E TREINAMENTO;1;ORDINARIO;07;INEXIGIBILIDADE;02;13/03/2018;MAR/2018;2018;070025000012018NE000154;00008013220186078100;2018NECT - PARTIC.DAS SERVIDORAS CAROLINA G.G. QUEIROZ E  FRANCISCA MARIA N.S.MAIA NO CURSO TEMAS FUNDAMENTAIS E APLICADOS P/A CONTRAT.DE TERCEIRIZ.DE SERV.DE ACORDO COM A IN Nº05/17 E O TCU. O TR DA PRESENTE CONTRATACAO INTEGRA A NE.;86781069000115;ZENITE INFORMACAO E CONSULTORIA S/A;;;;;;;;7.580,00;;;;;;;;;;;;
14107;TRIBUNAL REGIONAL ELEITORAL DO DIST. FEDERAL;070025;TRIBUNAL REGIONAL ELEITORAL DO D. FEDERAL;02122057020GP0053;20GP;JULGAMENTO DE CAUSAS E GESTAO ADMINISTRATIVA NA JUSTICA ELEI;0002;CAPACITACAO DE RECURSOS HUMANOS;084783;EDF TREINA;CAPACITACAO DE RH - PLANO DE CAPACITACAO;0100;RECURSOS ORDINARIOS;1;ORCAMENTO FISCAL;3;DESPESAS CORRENTES;3;OUTRAS DESPESAS CORRENTES;39;OUTROS SERVICOS DE TERCEIROS PJ - OP.INT.ORC.;339039;OUTROS SERVICOS DE TERCEIROS - PESSOA JURIDICA;33903948;SERVICO DE SELECAO E TREINAMENTO;1;ORDINARIO;07;INEXIGIBILIDADE;02;13/03/2018;MAR/2018;2018;070025000012018NE000154;00008013220186078100;2018NECT-PART.DAS SERVIDORAS CAROLINA G.G. QUEIROZ E FRANCISCA MARIA N.S. MAIANO CURSO TEMAS FUNDAMENTAIS E APLICADOS P/A CONTRAT.DE TERCEIR.DE SERV.DE ACORDO COM A IN Nº05/17 E O TCU.O TR DA PRESENTE CONTRAT. INTEGRA A NE. ANULACAO.;86781069000115;ZENITE INFORMACAO E CONSULTORIA S/A;;;;;;;;(7.580,00);;;;;;;;;;;;
14107;TRIBUNAL REGIONAL ELEITORAL DO DIST. FEDERAL;070025;TRIBUNAL REGIONAL ELEITORAL DO D. FEDERAL;02122057020GP0053;20GP;JULGAMENTO DE CAUSAS E GESTAO ADMINISTRATIVA NA JUSTICA ELEI;0002;CAPACITACAO DE RECURSOS HUMANOS;084783;EDF TREINA;CAPACITACAO DE RH - PLANO DE CAPACITACAO;0100;RECURSOS ORDINARIOS;1;ORCAMENTO FISCAL;3;DESPESAS CORRENTES;3;OUTRAS DESPESAS CORRENTES;39;OUTROS SERVICOS DE TERCEIROS PJ - OP.INT.ORC.;339039;OUTROS SERVICOS DE TERCEIROS - PESSOA JURIDICA;33903948;SERVICO DE SELECAO E TREINAMENTO;1;ORDINARIO;07;INEXIGIBILIDADE;02;16/03/2018;MAR/2018;2018;070025000012018NE000160;00010455820186078100;2018NECT - PARTIC. DA SERVIDORA CAROLINA G. G. QUEIROZ NO CURSO COMPLETO DE LICITACOES PUBLICAS E CONTRATOS ADMINISTRATIVOS, CONTRATACAO DIRETA,PREGAO E SISTEMA DE REGISTRO DE PRECOS. O TR DA PRESENTE CONTRATACAO INTEGRA A NE.;10825457000199;IOC CAPACITACAO LTDA;;;;;;;;2.890,00;;;;;;;;;;;;
14107;TRIBUNAL REGIONAL ELEITORAL DO DIST. FEDERAL;070025;TRIBUNAL REGIONAL ELEITORAL DO D. FEDERAL;02122057020GP0053;20GP;JULGAMENTO DE CAUSAS E GESTAO ADMINISTRATIVA NA JUSTICA ELEI;0002;CAPACITACAO DE RECURSOS HUMANOS;084783;EDF TREINA;CAPACITACAO DE RH - PLANO DE CAPACITACAO;0100;RECURSOS ORDINARIOS;1;ORCAMENTO FISCAL;3;DESPESAS CORRENTES;3;OUTRAS DESPESAS CORRENTES;39;OUTROS SERVICOS DE TERCEIROS PJ - OP.INT.ORC.;339039;OUTROS SERVICOS DE TERCEIROS - PESSOA JURIDICA;33903948;SERVICO DE SELECAO E TREINAMENTO;1;ORDINARIO;07;INEXIGIBILIDADE;02;16/03/2018;MAR/2018;2018;070025000012018NE000160;00010455820186078100;2018NECT - PARTIC. DA SERVIDORA CAROLINA G. G. QUEIROZ NO CURSO COMPLETO DE LICITACOES PUBLICAS E CONTRATOS ADMINISTRATIVOS, CONTRATACAO DIRETA,PREGAO E SISTEMA DE REGISTRO DE PRECOS.O TR DA PRESENTE CONTRATACAO INTEGRA A NE. ANULACAO;10825457000199;IOC CAPACITACAO LTDA;;;;;;;;(2.890,00);;;;;;;;;;;;
14107;TRIBUNAL REGIONAL ELEITORAL DO DIST. FEDERAL;070025;TRIBUNAL REGIONAL ELEITORAL DO D. FEDERAL;02122057020GP0053;20GP;JULGAMENTO DE CAUSAS E GESTAO ADMINISTRATIVA NA JUSTICA ELEI;0002;CAPACITACAO DE RECURSOS HUMANOS;084783;EDF TREINA;CAPACITACAO DE RH - PLANO DE CAPACITACAO;0100;RECURSOS ORDINARIOS;1;ORCAMENTO FISCAL;3;DESPESAS CORRENTES;3;OUTRAS DESPESAS CORRENTES;39;OUTROS SERVICOS DE TERCEIROS PJ - OP.INT.ORC.;339039;OUTROS SERVICOS DE TERCEIROS - PESSOA JURIDICA;33903948;SERVICO DE SELECAO E TREINAMENTO;1;ORDINARIO;07;INEXIGIBILIDADE;02;16/03/2018;MAR/2018;2018;070025000012018NE000162;00010455820186078100;2018NECT - PARTICIP. DA SERVIDORA BRUNA MACHADO VARGAS NO CURSO COMPLETO DE LICITACOES PUBLICAS E CONTRATOS ADMINISTRATIVOS, CONTRATACAO DIRETA,PREGAO E SISTEMA DE REGISTRO DE PRECOS. O TR DA PRESENTE CONTR.INTEGRA A NE. ANULACAO.;10825457000199;IOC CAPACITACAO LTDA;;;;;;;;(2.890,00);;;;;;;;;;;;
14107;TRIBUNAL REGIONAL ELEITORAL DO DIST. FEDERAL;070025;TRIBUNAL REGIONAL ELEITORAL DO D. FEDERAL;02122057020GP0053;20GP;JULGAMENTO DE CAUSAS E GESTAO ADMINISTRATIVA NA JUSTICA ELEI;0002;CAPACITACAO DE RECURSOS HUMANOS;084783;EDF TREINA;CAPACITACAO DE RH - PLANO DE CAPACITACAO;0100;RECURSOS ORDINARIOS;1;ORCAMENTO FISCAL;3;DESPESAS CORRENTES;3;OUTRAS DESPESAS CORRENTES;39;OUTROS SERVICOS DE TERCEIROS PJ - OP.INT.ORC.;339039;OUTROS SERVICOS DE TERCEIROS - PESSOA JURIDICA;33903948;SERVICO DE SELECAO E TREINAMENTO;1;ORDINARIO;07;INEXIGIBILIDADE;02;16/03/2018;MAR/2018;2018;070025000012018NE000162;00010455820186078100;2018NECT - PARTICIP. DA SERVIDORA BRUNA MACHADO VARGAS NO CURSO COMPLETO DE LICITACOES PUBLICAS E CONTRATOS ADMINISTRATIVOS, CONTRATACAO DIRETA,PREGAO E SISTEMA DE REGISTRO DE PRECOS. O TR DA PRESENTE CONTRATACAO INTEGRA A NE.;10825457000199;IOC CAPACITACAO LTDA;;;;;;;;2.890,00;;;;;;;;;;;;
14107;TRIBUNAL REGIONAL ELEITORAL DO DIST. FEDERAL;070025;TRIBUNAL REGIONAL ELEITORAL DO D. FEDERAL;02122057020GP0053;20GP;JULGAMENTO DE CAUSAS E GESTAO ADMINISTRATIVA NA JUSTICA ELEI;0002;CAPACITACAO DE RECURSOS HUMANOS;084783;EDF TREINA;CAPACITACAO DE RH - PLANO DE CAPACITACAO;0100;RECURSOS ORDINARIOS;1;ORCAMENTO FISCAL;3;DESPESAS CORRENTES;3;OUTRAS DESPESAS CORRENTES;39;OUTROS SERVICOS DE TERCEIROS PJ - OP.INT.ORC.;339039;OUTROS SERVICOS DE TERCEIROS - PESSOA JURIDICA;33903948;SERVICO DE SELECAO E TREINAMENTO;1;ORDINARIO;07;INEXIGIBILIDADE;02;19/03/2018;MAR/2018;2018;070025000012018NE000166;00008013220186078100;2018NECT - PARTIC.DAS SERVIDORAS DANIELLA L.C. DE SOUSA E FRANCISCA MARIA N.S.MAIA NO CURSO TEMAS FUNDAMENTAIS E APLICADOS P/A CONTRAT.DE TERCEIRIZ.DE SERV.DE ACORDO COM A IN Nº05/17 E O TCU. O TR DA PRESENTE CONTRATACAO INTEGRA A NE.;86781069000115;ZENITE INFORMACAO E CONSULTORIA S/A;;;;;;;;7.580,00;;;;;;;;;;;;
14107;TRIBUNAL REGIONAL ELEITORAL DO DIST. FEDERAL;070025;TRIBUNAL REGIONAL ELEITORAL DO D. FEDERAL;02122057020GP0053;20GP;JULGAMENTO DE CAUSAS E GESTAO ADMINISTRATIVA NA JUSTICA ELEI;0002;CAPACITACAO DE RECURSOS HUMANOS;084783;EDF TREINA;CAPACITACAO DE RH - PLANO DE CAPACITACAO;0100;RECURSOS ORDINARIOS;1;ORCAMENTO FISCAL;3;DESPESAS CORRENTES;3;OUTRAS DESPESAS CORRENTES;39;OUTROS SERVICOS DE TERCEIROS PJ - OP.INT.ORC.;339039;OUTROS SERVICOS DE TERCEIROS - PESSOA JURIDICA;33903948;SERVICO DE SELECAO E TREINAMENTO;1;ORDINARIO;07;INEXIGIBILIDADE;02;19/03/2018;MAR/2018;2018;070025000012018NE000166;00008013220186078100;PGTO NF 17.743. CURSO TEMAS FUNDAMENTAIS E APLICADOS PARA A CONTRATACAO DE TERCEIRIZACAO DE SERVICOS DE ACORDO COM A IN Nº 05/17 E O TCU. RETENCAO IMP. FED. 9,45 (R$ 716,31), ISS 2,00 (R$ 151,60). PA 801-32.2018;86781069000115;ZENITE INFORMACAO E CONSULTORIA S/A;;;;;;;;0,00;7.580,00;7.580,00;;;;;;;;;7.580,00;7.580,00
14107;TRIBUNAL REGIONAL ELEITORAL DO DIST. FEDERAL;070025;TRIBUNAL REGIONAL ELEITORAL DO D. FEDERAL;02122057020GP0053;20GP;JULGAMENTO DE CAUSAS E GESTAO ADMINISTRATIVA NA JUSTICA ELEI;0002;CAPACITACAO DE RECURSOS HUMANOS;084783;EDF TREINA;CAPACITACAO DE RH - PLANO DE CAPACITACAO;0100;RECURSOS ORDINARIOS;1;ORCAMENTO FISCAL;3;DESPESAS CORRENTES;3;OUTRAS DESPESAS CORRENTES;39;OUTROS SERVICOS DE TERCEIROS PJ - OP.INT.ORC.;339039;OUTROS SERVICOS DE TERCEIROS - PESSOA JURIDICA;33903948;SERVICO DE SELECAO E TREINAMENTO;1;ORDINARIO;07;INEXIGIBILIDADE;02;23/03/2018;MAR/2018;2018;070025000012018NE000184;00010508020186078100;"2018NECT - PARTICIPACAO  DO SERVIDOR  CARLOS EDUARDO BARBOSA DA SILVA NO CURSO""FOLHA DE PAGAMENTO DO FUNCIONALISMO PUBLICO"". O TERMO DE REFERENCIA DA PRESENTE CONTRATACAO INTEGRA ESTA NOTA DE EMPENHO.";35963479000146;ESAFI - ESCOLA DE ADMINISTRACAO E TREINAMENTO LTDA - EP;;;;;;;;2.490,00;;;;;;;;;;;;
14107;TRIBUNAL REGIONAL ELEITORAL DO DIST. FEDERAL;070025;TRIBUNAL REGIONAL ELEITORAL DO D. FEDERAL;02122057020GP0053;20GP;JULGAMENTO DE CAUSAS E GESTAO ADMINISTRATIVA NA JUSTICA ELEI;0002;CAPACITACAO DE RECURSOS HUMANOS;084783;EDF TREINA;CAPACITACAO DE RH - PLANO DE CAPACITACAO;0100;RECURSOS ORDINARIOS;1;ORCAMENTO FISCAL;3;DESPESAS CORRENTES;3;OUTRAS DESPESAS CORRENTES;39;OUTROS SERVICOS DE TERCEIROS PJ - OP.INT.ORC.;339039;OUTROS SERVICOS DE TERCEIROS - PESSOA JURIDICA;33903948;SERVICO DE SELECAO E TREINAMENTO;1;ORDINARIO;07;INEXIGIBILIDADE;02;03/04/2018;ABR/2018;2018;070025000012018NE000198;00015029020186078100;"2018NECT - PARTICIPACAO DE JOSENIRA MACEDO DA SILVA NO CURSO ""GESTAO  CERIMONIAL, PROTOCOLO, ETIQUETA E ORGANIZACAO DE EVENTOS PARA O JUDICIARIO"".          O TERMO DE REFERENCIA DA PRESENTE CONTRATACAO INTEGRA A NOTA DE EMPENHO.";18500164000143;L K A GESTAO DE EVENTOS, CURSOS E NEGOCIOS LTDA;;;;;;;;2.500,00;;;;;;;;;;;;
14107;TRIBUNAL REGIONAL ELEITORAL DO DIST. FEDERAL;070025;TRIBUNAL REGIONAL ELEITORAL DO D. FEDERAL;02122057020GP0053;20GP;JULGAMENTO DE CAUSAS E GESTAO ADMINISTRATIVA NA JUSTICA ELEI;0002;CAPACITACAO DE RECURSOS HUMANOS;084783;EDF TREINA;CAPACITACAO DE RH - PLANO DE CAPACITACAO;0100;RECURSOS ORDINARIOS;1;ORCAMENTO FISCAL;3;DESPESAS CORRENTES;3;OUTRAS DESPESAS CORRENTES;39;OUTROS SERVICOS DE TERCEIROS PJ - OP.INT.ORC.;339039;OUTROS SERVICOS DE TERCEIROS - PESSOA JURIDICA;33903948;SERVICO DE SELECAO E TREINAMENTO;1;ORDINARIO;07;INEXIGIBILIDADE;02;03/04/2018;ABR/2018;2018;070025000012018NE000198;00015029020186078100;PGTO NF 72. CURSO (CERIMONIAL, PROTOCOLO E EVENTOS) PARA SERVIDORA. RETENCAO ISS 2,00 (R$ 50,00). PA 1502-90.2018;18500164000143;L K A GESTAO DE EVENTOS, CURSOS E NEGOCIOS LTDA;;;;;;;;0,00;2.500,00;2.500,00;;;;;;;;;2.500,00;2.500,00
14107;TRIBUNAL REGIONAL ELEITORAL DO DIST. FEDERAL;070025;TRIBUNAL REGIONAL ELEITORAL DO D. FEDERAL;02122057020GP0053;20GP;JULGAMENTO DE CAUSAS E GESTAO ADMINISTRATIVA NA JUSTICA ELEI;0002;CAPACITACAO DE RECURSOS HUMANOS;084783;EDF TREINA;CAPACITACAO DE RH - PLANO DE CAPACITACAO;0100;RECURSOS ORDINARIOS;1;ORCAMENTO FISCAL;3;DESPESAS CORRENTES;3;OUTRAS DESPESAS CORRENTES;39;OUTROS SERVICOS DE TERCEIROS PJ - OP.INT.ORC.;339039;OUTROS SERVICOS DE TERCEIROS - PESSOA JURIDICA;33903948;SERVICO DE SELECAO E TREINAMENTO;1;ORDINARIO;07;INEXIGIBILIDADE;02;09/04/2018;ABR/2018;2018;070025000012018NE000200;00012066820186078100;2018NECT - CURSO IN COMPANY:AS NOVAS REGRAS QUANTO AO PLANEJAMENTO,A GESTAO E A FISCALIZACAO ADMINISTRATIVA DOS CONTRATOS DE PRESTACAO DE SERVICOS ESTABELE CIDOS PELA INSTRUCAO NORMATIVA Nº 05/2017. O TERMO DE REFERENCIA INTEGRA A NE.;20184853000138;INSIGNE MAGISTERIO E TREINAMENTO JURIDICOS LTDA;;;;;;;;20.000,00;;;;;;;;;;;;
14107;TRIBUNAL REGIONAL ELEITORAL DO DIST. FEDERAL;070025;TRIBUNAL REGIONAL ELEITORAL DO D. FEDERAL;02122057020GP0053;20GP;JULGAMENTO DE CAUSAS E GESTAO ADMINISTRATIVA NA JUSTICA ELEI;0002;CAPACITACAO DE RECURSOS HUMANOS;084783;EDF TREINA;CAPACITACAO DE RH - PLANO DE CAPACITACAO;0100;RECURSOS ORDINARIOS;1;ORCAMENTO FISCAL;3;DESPESAS CORRENTES;3;OUTRAS DESPESAS CORRENTES;39;OUTROS SERVICOS DE TERCEIROS PJ - OP.INT.ORC.;339039;OUTROS SERVICOS DE TERCEIROS - PESSOA JURIDICA;33903948;SERVICO DE SELECAO E TREINAMENTO;1;ORDINARIO;07;INEXIGIBILIDADE;02;09/04/2018;ABR/2018;2018;070025000012018NE000200;00012066820186078100;PGTO NF 141. CURSO IN COMPANY. RETENCAO ISS 3,19 (R$ 698,00). OPTANTE PELO SIMPLES.  PA 1206-68.2018;20184853000138;INSIGNE MAGISTERIO E TREINAMENTO JURIDICOS LTDA;;;;;;;;0,00;20.000,00;19.302,00;;;;;;;;;20.000,00;19.302,00
14107;TRIBUNAL REGIONAL ELEITORAL DO DIST. FEDERAL;070025;TRIBUNAL REGIONAL ELEITORAL DO D. FEDERAL;02122057020GP0053;20GP;JULGAMENTO DE CAUSAS E GESTAO ADMINISTRATIVA NA JUSTICA ELEI;0002;CAPACITACAO DE RECURSOS HUMANOS;084783;EDF TREINA;CAPACITACAO DE RH - PLANO DE CAPACITACAO;0100;RECURSOS ORDINARIOS;1;ORCAMENTO FISCAL;3;DESPESAS CORRENTES;3;OUTRAS DESPESAS CORRENTES;39;OUTROS SERVICOS DE TERCEIROS PJ - OP.INT.ORC.;339039;OUTROS SERVICOS DE TERCEIROS - PESSOA JURIDICA;33903948;SERVICO DE SELECAO E TREINAMENTO;1;ORDINARIO;07;INEXIGIBILIDADE;02;09/04/2018;ABR/2018;2018;070025000012018NE000200;00012066820186078100;PGTO NF 141. CURSO IN COMPANY. RETENCAO ISS 3,19 (R$ 698,00). OPTANTE PELO SIMPLES. PA 1206-68.2018;20184853000138;INSIGNE MAGISTERIO E TREINAMENTO JURIDICOS LTDA;;;;;;;;0,00;0,00;698,00;;;;;;;;;0,00;698,00
14107;TRIBUNAL REGIONAL ELEITORAL DO DIST. FEDERAL;070025;TRIBUNAL REGIONAL ELEITORAL DO D. FEDERAL;02122057020GP0053;20GP;JULGAMENTO DE CAUSAS E GESTAO ADMINISTRATIVA NA JUSTICA ELEI;0002;CAPACITACAO DE RECURSOS HUMANOS;084783;EDF TREINA;CAPACITACAO DE RH - PLANO DE CAPACITACAO;0100;RECURSOS ORDINARIOS;1;ORCAMENTO FISCAL;3;DESPESAS CORRENTES;3;OUTRAS DESPESAS CORRENTES;39;OUTROS SERVICOS DE TERCEIROS PJ - OP.INT.ORC.;339039;OUTROS SERVICOS DE TERCEIROS - PESSOA JURIDICA;33903948;SERVICO DE SELECAO E TREINAMENTO;1;ORDINARIO;07;INEXIGIBILIDADE;02;10/04/2018;ABR/2018;2018;070025000012018NE000202;00015358020186078100;"2018NECT -PARTICIPACAO DOS SERVIDORES LUIZ INACIO DE LIMA NETO E BRUNA MACHADOVARGAS NO CURSO ""TEMAS AVANCADOS EM LICITACOES E CONTRATOS:  SOLUCOES PRATICASP/UMA LICITACAO LEGAL E EFICIENTE"". O TR DA PRESENTE CONTRATACAO INTEGRA A NE.";00714403000100;ELO CONSULTORIA EMPRESARIAL E PRODUCAO DE EVENTOS LTDA;;;;;;;;5.215,50;;;;;;;;;;;;
14107;TRIBUNAL REGIONAL ELEITORAL DO DIST. FEDERAL;070025;TRIBUNAL REGIONAL ELEITORAL DO D. FEDERAL;02122057020GP0053;20GP;JULGAMENTO DE CAUSAS E GESTAO ADMINISTRATIVA NA JUSTICA ELEI;0002;CAPACITACAO DE RECURSOS HUMANOS;084783;EDF TREINA;CAPACITACAO DE RH - PLANO DE CAPACITACAO;0100;RECURSOS ORDINARIOS;1;ORCAMENTO FISCAL;3;DESPESAS CORRENTES;3;OUTRAS DESPESAS CORRENTES;39;OUTROS SERVICOS DE TERCEIROS PJ - OP.INT.ORC.;339039;OUTROS SERVICOS DE TERCEIROS - PESSOA JURIDICA;33903948;SERVICO DE SELECAO E TREINAMENTO;1;ORDINARIO;07;INEXIGIBILIDADE;02;13/04/2018;ABR/2018;2018;070025000012018NE000208;00016820920186078100;2018NECT - PARTICIPACAO DA SERV. ISABELA ANDRADE SANTIAGO NO CURSO PRATICO DE AVERBACAO DE TEMPO DE SERVICO E DE CONTRIBUICAO NA ADMIN. PUBLICA (PORT.  MIN.PREVID. 154/08 E EC'S Nº 20, 41, 47 E 70). O TERMO DE REFERENCIA INTEGRA A NE.;10825457000199;IOC CAPACITACAO LTDA;;;;;;;;2.290,00;;;;;;;;;;;;
14107;TRIBUNAL REGIONAL ELEITORAL DO DIST. FEDERAL;070025;TRIBUNAL REGIONAL ELEITORAL DO D. FEDERAL;02122057020GP0053;20GP;JULGAMENTO DE CAUSAS E GESTAO ADMINISTRATIVA NA JUSTICA ELEI;0002;CAPACITACAO DE RECURSOS HUMANOS;084783;EDF TREINA;CAPACITACAO DE RH - PLANO DE CAPACITACAO;0100;RECURSOS ORDINARIOS;1;ORCAMENTO FISCAL;3;DESPESAS CORRENTES;3;OUTRAS DESPESAS CORRENTES;39;OUTROS SERVICOS DE TERCEIROS PJ - OP.INT.ORC.;339039;OUTROS SERVICOS DE TERCEIROS - PESSOA JURIDICA;33903948;SERVICO DE SELECAO E TREINAMENTO;1;ORDINARIO;07;INEXIGIBILIDADE;02;13/04/2018;ABR/2018;2018;070025000012018NE000208;00016820920186078100;NF 1.535. CURSO PARA SERVIDORA ISABELA ANDRADE SANTIAGO.RETENCAO ISS 5,00 (R$ 114,50). OPTANTE PELO SIMPLES. PA 1682-09.2018;10825457000199;IOC CAPACITACAO LTDA;;;;;;;;0,00;2.290,00;2.290,00;;;;;;;;;2.290,00;2.290,00
14107;TRIBUNAL REGIONAL ELEITORAL DO DIST. FEDERAL;070025;TRIBUNAL REGIONAL ELEITORAL DO D. FEDERAL;02122057020GP0053;20GP;JULGAMENTO DE CAUSAS E GESTAO ADMINISTRATIVA NA JUSTICA ELEI;0002;CAPACITACAO DE RECURSOS HUMANOS;084783;EDF TREINA;CAPACITACAO DE RH - PLANO DE CAPACITACAO;0100;RECURSOS ORDINARIOS;1;ORCAMENTO FISCAL;3;DESPESAS CORRENTES;3;OUTRAS DESPESAS CORRENTES;39;OUTROS SERVICOS DE TERCEIROS PJ - OP.INT.ORC.;339039;OUTROS SERVICOS DE TERCEIROS - PESSOA JURIDICA;33903948;SERVICO DE SELECAO E TREINAMENTO;1;ORDINARIO;07;INEXIGIBILIDADE;02;25/04/2018;ABR/2018;2018;070025000012018NE000214;00019713920186078100;2018NECT - PARTICIPACAO DO SERVIDOR  KELDER APARECIDO BORGES NO CURSO DE DIREITO PROCESSUAL CIVIL - 2 ANOS DO CPC NA VISAO DOS TRIBUNAIS. O TERMO DE REFERENCIA DA CONTRATACAO INTEGRA A NE.;26989137000104;FUNDACAO ESCOLA SUPERIOR DO MINISTERIO PUBLICO DO DIST;;;;;;;;980,00;;;;;;;;;;;;
14107;TRIBUNAL REGIONAL ELEITORAL DO DIST. FEDERAL;070025;TRIBUNAL REGIONAL ELEITORAL DO D. FEDERAL;02122057020GP0053;20GP;JULGAMENTO DE CAUSAS E GESTAO ADMINISTRATIVA NA JUSTICA ELEI;0002;CAPACITACAO DE RECURSOS HUMANOS;084783;EDF TREINA;CAPACITACAO DE RH - PLANO DE CAPACITACAO;0100;RECURSOS ORDINARIOS;1;ORCAMENTO FISCAL;3;DESPESAS CORRENTES;3;OUTRAS DESPESAS CORRENTES;39;OUTROS SERVICOS DE TERCEIROS PJ - OP.INT.ORC.;339039;OUTROS SERVICOS DE TERCEIROS - PESSOA JURIDICA;33903948;SERVICO DE SELECAO E TREINAMENTO;1;ORDINARIO;07;INEXIGIBILIDADE;02;25/04/2018;ABR/2018;2018;070025000012018NE000215;00015236620186078100;"2018NECT - PARTICIP. DO SERVIDOR DIEGO RODRIGUES NO EVENTO ""5º CONTRATOS WEEK-SEMANA NACIONAL DE ESTUDOS AVANCADOS EM CONTRATOS ADMINISTRATIVOS"". O TERMO DEREFERENCIA DA CONTRATACAO INTEGRA A NE.";10498974000109;INSTITUTO NEGOCIOS PUBLICOS DO BRASIL - ESTUDOS E PESQ;;;;;;;;3.971,00;;;;;;;;;;;;
14107;TRIBUNAL REGIONAL ELEITORAL DO DIST. FEDERAL;070025;TRIBUNAL REGIONAL ELEITORAL DO D. FEDERAL;02122057020TP0053;20TP;ATIVOS CIVIS DA UNIAO;0000;ATIVOS CIVIS DA UNIAO;084774;-8;SEM INFORMACAO;0100;RECURSOS ORDINARIOS;1;ORCAMENTO FISCAL;3;DESPESAS CORRENTES;1;PESSOAL E ENCARGOS SOCIAIS;00;[A DETALHAR];319000;APLICACOES DIRETAS;319000-9;NAO SE APLICA;-9;NAO SE APLICA;-9;NAO SE APLICA;-9;NAO SE APLICA;NAO SE APLICA;-9;-9;-9;ALTERACAO PARA EMISSAO DE NE. CONTRIBUICAO PREVIDENCIARIA. INSS.;-9;NAO SE APLICA;(70.000,00);(70.000,00);;;(70.000,00);;;;;;;;;;;;;;;
14107;TRIBUNAL REGIONAL ELEITORAL DO DIST. FEDERAL;070025;TRIBUNAL REGIONAL ELEITORAL DO D. FEDERAL;02122057020TP0053;20TP;ATIVOS CIVIS DA UNIAO;0000;ATIVOS CIVIS DA UNIAO;084774;-8;SEM INFORMACAO;0100;RECURSOS ORDINARIOS;1;ORCAMENTO FISCAL;3;DESPESAS CORRENTES;1;PESSOAL E ENCARGOS SOCIAIS;00;[A DETALHAR];319000;APLICACOES DIRETAS;319000-9;NAO SE APLICA;-9;NAO SE APLICA;-9;NAO SE APLICA;-9;NAO SE APLICA;NAO SE APLICA;-9;-9;-9;ALTERACAO PARA EMISSAO DE NE. DESPESAS DE PESSOAL.;-9;NAO SE APLICA;(46.343.796,00);(46.343.796,00);;;(46.343.796,00);;;;;;;;;;;;;;;
14107;TRIBUNAL REGIONAL ELEITORAL DO DIST. FEDERAL;070025;TRIBUNAL REGIONAL ELEITORAL DO D. FEDERAL;02122057020TP0053;20TP;ATIVOS CIVIS DA UNIAO;0000;ATIVOS CIVIS DA UNIAO;084774;-8;SEM INFORMACAO;0100;RECURSOS ORDINARIOS;1;ORCAMENTO FISCAL;3;DESPESAS CORRENTES;1;PESSOAL E ENCARGOS SOCIAIS;00;[A DETALHAR];319000;APLICACOES DIRETAS;319000-9;NAO SE APLICA;-9;NAO SE APLICA;-9;NAO SE APLICA;-9;NAO SE APLICA;NAO SE APLICA;-9;-9;-9;DOCUMENTO LANCADO PELA FITA SOF ESB0009;-9;NAO SE APLICA;46.413.796,00;46.413.796,00;;;46.413.796,00;;;;;;;;;;;;;;;
14107;TRIBUNAL REGIONAL ELEITORAL DO DIST. FEDERAL;070025;TRIBUNAL REGIONAL ELEITORAL DO D. FEDERAL;02122057020TP0053;20TP;ATIVOS CIVIS DA UNIAO;0000;ATIVOS CIVIS DA UNIAO;084774;-8;SEM INFORMACAO;0100;RECURSOS ORDINARIOS;1;ORCAMENTO FISCAL;3;DESPESAS CORRENTES;1;PESSOAL E ENCARGOS SOCIAIS;00;[A DETALHAR];319100;APLICACOES DIRETAS - OPER.INTRA-ORCAMENTARIAS;319100-9;NAO SE APLICA;-9;NAO SE APLICA;-9;NAO SE APLICA;-9;NAO SE APLICA;NAO SE APLICA;-9;-9;-9;ALTERACAO PARA EMISSAO DE NE. CONTRIBUICAO PREVIDENCIARIA. INSS.;-9;NAO SE APLICA;(20.000,00);(20.000,00);;;(20.000,00);;;;;;;;;;;;;;;
14107;TRIBUNAL REGIONAL ELEITORAL DO DIST. FEDERAL;070025;TRIBUNAL REGIONAL ELEITORAL DO D. FEDERAL;02122057020TP0053;20TP;ATIVOS CIVIS DA UNIAO;0000;ATIVOS CIVIS DA UNIAO;084774;-8;SEM INFORMACAO;0100;RECURSOS ORDINARIOS;1;ORCAMENTO FISCAL;3;DESPESAS CORRENTES;1;PESSOAL E ENCARGOS SOCIAIS;00;[A DETALHAR];319100;APLICACOES DIRETAS - OPER.INTRA-ORCAMENTARIAS;319100-9;NAO SE APLICA;-9;NAO SE APLICA;-9;NAO SE APLICA;-9;NAO SE APLICA;NAO SE APLICA;-9;-9;-9;DOCUMENTO LANCADO PELA FITA SOF ESB0009;-9;NAO SE APLICA;20.000,00;20.000,00;;;20.000,00;;;;;;;;;;;;;;;
14107;TRIBUNAL REGIONAL ELEITORAL DO DIST. FEDERAL;070025;TRIBUNAL REGIONAL ELEITORAL DO D. FEDERAL;02122057020TP0053;20TP;ATIVOS CIVIS DA UNIAO;0000;ATIVOS CIVIS DA UNIAO;084774;FOL GRAJUS;GRATIF. ELEIT. JUIZES SUBSTITUTOS;0100;RECURSOS ORDINARIOS;1;ORCAMENTO FISCAL;3;DESPESAS CORRENTES;1;PESSOAL E ENCARGOS SOCIAIS;11;VENCIMENTOS E VANTAGENS FIXAS - PESSOAL CIVIL;319011;VENCIMENTOS E VANTAGENS FIXAS - PESSOAL CIVIL;319011-9;NAO SE APLICA;-9;NAO SE APLICA;-9;NAO SE APLICA;-9;NAO SE APLICA;NAO SE APLICA;-9;-9;-9;2018NECT - AUTORIDADES ELEITORAIS. JUIZES ELEITORAIS SUBSTITUTOS.;-9;NAO SE APLICA;;;;;(85.000,00);;;;;;;;;;;;;;;
14107;TRIBUNAL REGIONAL ELEITORAL DO DIST. FEDERAL;070025;TRIBUNAL REGIONAL ELEITORAL DO D. FEDERAL;02122057020TP0053;20TP;ATIVOS CIVIS DA UNIAO;0000;ATIVOS CIVIS DA UNIAO;084774;FOL GRAJUS;GRATIF. ELEIT. JUIZES SUBSTITUTOS;0100;RECURSOS ORDINARIOS;1;ORCAMENTO FISCAL;3;DESPESAS CORRENTES;1;PESSOAL E ENCARGOS SOCIAIS;11;VENCIMENTOS E VANTAGENS FIXAS - PESSOAL CIVIL;319011;VENCIMENTOS E VANTAGENS FIXAS - PESSOAL CIVIL;319011-9;NAO SE APLICA;-9;NAO SE APLICA;-9;NAO SE APLICA;-9;NAO SE APLICA;NAO SE APLICA;-9;-9;-9;ALTERACAO PARA EMISSAO DE NE. DESPESAS DE PESSOAL.;-9;NAO SE APLICA;85.000,00;85.000,00;;;85.000,00;;;;;;;;;;;;;;;
14107;TRIBUNAL REGIONAL ELEITORAL DO DIST. FEDERAL;070025;TRIBUNAL REGIONAL ELEITORAL DO D. FEDERAL;02122057020TP0053;20TP;ATIVOS CIVIS DA UNIAO;0000;ATIVOS CIVIS DA UNIAO;084774;FOL GRAJUS;GRATIF. ELEIT. JUIZES SUBSTITUTOS;0100;RECURSOS ORDINARIOS;1;ORCAMENTO FISCAL;3;DESPESAS CORRENTES;1;PESSOAL E ENCARGOS SOCIAIS;11;VENCIMENTOS E VANTAGENS FIXAS - PESSOAL CIVIL;319011;VENCIMENTOS E VANTAGENS FIXAS - PESSOAL CIVIL;31901175;REPRESENTACAO MENSAL;5;GLOBAL;08;NAO SE APLICA;-8;03/01/2018;JAN/2018;2018;070025000012018NE000007;AUT. ELEITORAIS;2018NECT - AUTORIDADES ELEITORAIS. JUIZES ELEITORAIS SUBSTITUTOS.;070025;TRIBUNAL REGIONAL ELEITORAL DO D. FEDERAL;;;;;;;;85.000,00;;;;;;;;;;;;
14107;TRIBUNAL REGIONAL ELEITORAL DO DIST. FEDERAL;070025;TRIBUNAL REGIONAL ELEITORAL DO D. FEDERAL;02122057020TP0053;20TP;ATIVOS CIVIS DA UNIAO;0000;ATIVOS CIVIS DA UNIAO;084774;FOL GRAJUS;GRATIF. ELEIT. JUIZES SUBSTITUTOS;0100;RECURSOS ORDINARIOS;1;ORCAMENTO FISCAL;3;DESPESAS CORRENTES;1;PESSOAL E ENCARGOS SOCIAIS;11;VENCIMENTOS E VANTAGENS FIXAS - PESSOAL CIVIL;319011;VENCIMENTOS E VANTAGENS FIXAS - PESSOAL CIVIL;31901175;REPRESENTACAO MENSAL;5;GLOBAL;08;NAO SE APLICA;-8;03/01/2018;JAN/2018;2018;070025000012018NE000007;AUT. ELEITORAIS;FOLHA DE PAGAMENTO DAS AUTORIDADES ELEITORAIS REFERENTE AO MES DE ABRIL DE 2018. PA 0002427-86.2018.6.07.8100.;070025;TRIBUNAL REGIONAL ELEITORAL DO D. FEDERAL;;;;;;;;0,00;5.557,90;;;;;;;;;;5.557,90;
14107;TRIBUNAL REGIONAL ELEITORAL DO DIST. FEDERAL;070025;TRIBUNAL REGIONAL ELEITORAL DO D. FEDERAL;02122057020TP0053;20TP;ATIVOS CIVIS DA UNIAO;0000;ATIVOS CIVIS DA UNIAO;084774;FOL GRAJUS;GRATIF. ELEIT. JUIZES SUBSTITUTOS;0100;RECURSOS ORDINARIOS;1;ORCAMENTO FISCAL;3;DESPESAS CORRENTES;1;PESSOAL E ENCARGOS SOCIAIS;11;VENCIMENTOS E VANTAGENS FIXAS - PESSOAL CIVIL;319011;VENCIMENTOS E VANTAGENS FIXAS - PESSOAL CIVIL;31901175;REPRESENTACAO MENSAL;5;GLOBAL;08;NAO SE APLICA;-8;03/01/2018;JAN/2018;2018;070025000012018NE000007;AUT. ELEITORAIS;FOLHA DE PAGAMENTO DAS AUTORIDADES ELEITORAIS REFERENTE AO MES DE ABRIL DE 2018. PA 0002427-86.2018.6.07.8100.  INCLUSAO DOS DADOS BANCARIOS.;070025;TRIBUNAL REGIONAL ELEITORAL DO D. FEDERAL;;;;;;;;0,00;0,00;5.557,90;;;;;;;;;0,00;5.557,90
14107;TRIBUNAL REGIONAL ELEITORAL DO DIST. FEDERAL;070025;TRIBUNAL REGIONAL ELEITORAL DO D. FEDERAL;02122057020TP0053;20TP;ATIVOS CIVIS DA UNIAO;0000;ATIVOS CIVIS DA UNIAO;084774;FOL GRAJUS;GRATIF. ELEIT. JUIZES SUBSTITUTOS;0100;RECURSOS ORDINARIOS;1;ORCAMENTO FISCAL;3;DESPESAS CORRENTES;1;PESSOAL E ENCARGOS SOCIAIS;11;VENCIMENTOS E VANTAGENS FIXAS - PESSOAL CIVIL;319011;VENCIMENTOS E VANTAGENS FIXAS - PESSOAL CIVIL;31901175;REPRESENTACAO MENSAL;5;GLOBAL;08;NAO SE APLICA;-8;03/01/2018;JAN/2018;2018;070025000012018NE000007;AUT. ELEITORAIS;FOLHA DE PAGAMENTO DAS AUTORIDADES ELEITORAIS REFERENTE AO MES DE FEVEREIRO DE 2018. PA 0001095-84.2018.6.07.8100.;070025;TRIBUNAL REGIONAL ELEITORAL DO D. FEDERAL;;;;;;;;0,00;11.579,04;;;;;;;;;;11.579,04;
14107;TRIBUNAL REGIONAL ELEITORAL DO DIST. FEDERAL;070025;TRIBUNAL REGIONAL ELEITORAL DO D. FEDERAL;02122057020TP0053;20TP;ATIVOS CIVIS DA UNIAO;0000;ATIVOS CIVIS DA UNIAO;084774;FOL GRAJUS;GRATIF. ELEIT. JUIZES SUBSTITUTOS;0100;RECURSOS ORDINARIOS;1;ORCAMENTO FISCAL;3;DESPESAS CORRENTES;1;PESSOAL E ENCARGOS SOCIAIS;11;VENCIMENTOS E VANTAGENS FIXAS - PESSOAL CIVIL;319011;VENCIMENTOS E VANTAGENS FIXAS - PESSOAL CIVIL;31901175;REPRESENTACAO MENSAL;5;GLOBAL;08;NAO SE APLICA;-8;03/01/2018;JAN/2018;2018;070025000012018NE000007;AUT. ELEITORAIS;FOLHA DE PAGAMENTO DAS AUTORIDADES ELEITORAIS REFERENTE AO MES DE JANEIRO DE 2018. PA 0000614-24.2018.6.07.8100.;070025;TRIBUNAL REGIONAL ELEITORAL DO D. FEDERAL;;;;;;;;0,00;7.779,10;;;;;;;;;;7.779,10;
14107;TRIBUNAL REGIONAL ELEITORAL DO DIST. FEDERAL;070025;TRIBUNAL REGIONAL ELEITORAL DO D. FEDERAL;02122057020TP0053;20TP;ATIVOS CIVIS DA UNIAO;0000;ATIVOS CIVIS DA UNIAO;084774;FOL GRAJUS;GRATIF. ELEIT. JUIZES SUBSTITUTOS;0100;RECURSOS ORDINARIOS;1;ORCAMENTO FISCAL;3;DESPESAS CORRENTES;1;PESSOAL E ENCARGOS SOCIAIS;11;VENCIMENTOS E VANTAGENS FIXAS - PESSOAL CIVIL;319011;VENCIMENTOS E VANTAGENS FIXAS - PESSOAL CIVIL;31901175;REPRESENTACAO MENSAL;5;GLOBAL;08;NAO SE APLICA;-8;03/01/2018;JAN/2018;2018;070025000012018NE000007;AUT. ELEITORAIS;FOLHA DE PAGAMENTO DAS AUTORIDADES ELEITORAIS REFERENTE AO MES DE JANEIRO DE 2018. PA 0000614-24.2018.6.07.8100.DADOS BANCARIOS BB;070025;TRIBUNAL REGIONAL ELEITORAL DO D. FEDERAL;;;;;;;;0,00;0,00;7.779,10;;;;;;;;;0,00;7.779,10
14107;TRIBUNAL REGIONAL ELEITORAL DO DIST. FEDERAL;070025;TRIBUNAL REGIONAL ELEITORAL DO D. FEDERAL;02122057020TP0053;20TP;ATIVOS CIVIS DA UNIAO;0000;ATIVOS CIVIS DA UNIAO;084774;FOL GRAJUS;GRATIF. ELEIT. JUIZES SUBSTITUTOS;0100;RECURSOS ORDINARIOS;1;ORCAMENTO FISCAL;3;DESPESAS CORRENTES;1;PESSOAL E ENCARGOS SOCIAIS;11;VENCIMENTOS E VANTAGENS FIXAS - PESSOAL CIVIL;319011;VENCIMENTOS E VANTAGENS FIXAS - PESSOAL CIVIL;31901175;REPRESENTACAO MENSAL;5;GLOBAL;08;NAO SE APLICA;-8;03/01/2018;JAN/2018;2018;070025000012018NE000007;AUT. ELEITORAIS;FOLHA DE PAGAMENTO DAS AUTORIDADES ELEITORAIS REFERENTE AO MES DE MARCO DE 2018. PA 0001776-54.2018.6.07.8100.;070025;TRIBUNAL REGIONAL ELEITORAL DO D. FEDERAL;;;;;;;;0,00;14.086,86;;;;;;;;;;14.086,86;
14107;TRIBUNAL REGIONAL ELEITORAL DO DIST. FEDERAL;070025;TRIBUNAL REGIONAL ELEITORAL DO D. FEDERAL;02122057020TP0053;20TP;ATIVOS CIVIS DA UNIAO;0000;ATIVOS CIVIS DA UNIAO;084774;FOL GRAJUS;GRATIF. ELEIT. JUIZES SUBSTITUTOS;0100;RECURSOS ORDINARIOS;1;ORCAMENTO FISCAL;3;DESPESAS CORRENTES;1;PESSOAL E ENCARGOS SOCIAIS;11;VENCIMENTOS E VANTAGENS FIXAS - PESSOAL CIVIL;319011;VENCIMENTOS E VANTAGENS FIXAS - PESSOAL CIVIL;31901175;REPRESENTACAO MENSAL;5;GLOBAL;08;NAO SE APLICA;-8;03/01/2018;JAN/2018;2018;070025000012018NE000007;AUT. ELEITORAIS;FOLHA DE PAGAMENTO DAS AUTORIDADES ELEITORAIS REFERENTE AO MES DE MARCO DE 2018. PA 0001776-54.2018.6.07.8100. DADOS BANCARIOS - BANCO DO BRASIL.;070025;TRIBUNAL REGIONAL ELEITORAL DO D. FEDERAL;;;;;;;;0,00;0,00;14.086,86;;;;;;;;;0,00;14.086,86
14107;TRIBUNAL REGIONAL ELEITORAL DO DIST. FEDERAL;070025;TRIBUNAL REGIONAL ELEITORAL DO D. FEDERAL;02122057020TP0053;20TP;ATIVOS CIVIS DA UNIAO;0000;ATIVOS CIVIS DA UNIAO;084774;FOL GRAJUS;GRATIF. ELEIT. JUIZES SUBSTITUTOS;0100;RECURSOS ORDINARIOS;1;ORCAMENTO FISCAL;3;DESPESAS CORRENTES;1;PESSOAL E ENCARGOS SOCIAIS;11;VENCIMENTOS E VANTAGENS FIXAS - PESSOAL CIVIL;319011;VENCIMENTOS E VANTAGENS FIXAS - PESSOAL CIVIL;31901175;REPRESENTACAO MENSAL;5;GLOBAL;08;NAO SE APLICA;-8;03/01/2018;JAN/2018;2018;070025000012018NE000007;AUT. ELEITORAIS;FOLHA DE PAGAMENTO DAS AUTORIDADES ELEITORAIS REFERENTES AO MES DE FEVEREIRO DE 2018. PA 0001095-84.2018.6.07.8100. DADOS BANCARIOS (BANCO DO BRASIL).;070025;TRIBUNAL REGIONAL ELEITORAL DO D. FEDERAL;;;;;;;;0,00;0,00;11.579,04;;;;;;;;;0,00;11.579,04
14107;TRIBUNAL REGIONAL ELEITORAL DO DIST. FEDERAL;070025;TRIBUNAL REGIONAL ELEITORAL DO D. FEDERAL;02122057020TP0053;20TP;ATIVOS CIVIS DA UNIAO;0000;ATIVOS CIVIS DA UNIAO;084774;FOL GRAJUT;GRATIF. ELEIT. JUIZES TITULARES;0100;RECURSOS ORDINARIOS;1;ORCAMENTO FISCAL;3;DESPESAS CORRENTES;1;PESSOAL E ENCARGOS SOCIAIS;11;VENCIMENTOS E VANTAGENS FIXAS - PESSOAL CIVIL;319011;VENCIMENTOS E VANTAGENS FIXAS - PESSOAL CIVIL;319011-9;NAO SE APLICA;-9;NAO SE APLICA;-9;NAO SE APLICA;-9;NAO SE APLICA;NAO SE APLICA;-9;-9;-9;2018NECT - AUTORIDADES ELEITORAIS. JUIZES ELEITORAIS TITULARES.;-9;NAO SE APLICA;;;;;(1.000.000,00);;;;;;;;;;;;;;;
14107;TRIBUNAL REGIONAL ELEITORAL DO DIST. FEDERAL;070025;TRIBUNAL REGIONAL ELEITORAL DO D. FEDERAL;02122057020TP0053;20TP;ATIVOS CIVIS DA UNIAO;0000;ATIVOS CIVIS DA UNIAO;084774;FOL GRAJUT;GRATIF. ELEIT. JUIZES TITULARES;0100;RECURSOS ORDINARIOS;1;ORCAMENTO FISCAL;3;DESPESAS CORRENTES;1;PESSOAL E ENCARGOS SOCIAIS;11;VENCIMENTOS E VANTAGENS FIXAS - PESSOAL CIVIL;319011;VENCIMENTOS E VANTAGENS FIXAS - PESSOAL CIVIL;319011-9;NAO SE APLICA;-9;NAO SE APLICA;-9;NAO SE APLICA;-9;NAO SE APLICA;NAO SE APLICA;-9;-9;-9;ALTERACAO PARA EMISSAO DE NE. DESPESAS DE PESSOAL.;-9;NAO SE APLICA;1.000.000,00;1.000.000,00;;;1.000.000,00;;;;;;;;;;;;;;;
14107;TRIBUNAL REGIONAL ELEITORAL DO DIST. FEDERAL;070025;TRIBUNAL REGIONAL ELEITORAL DO D. FEDERAL;02122057020TP0053;20TP;ATIVOS CIVIS DA UNIAO;0000;ATIVOS CIVIS DA UNIAO;084774;FOL GRAJUT;GRATIF. ELEIT. JUIZES TITULARES;0100;RECURSOS ORDINARIOS;1;ORCAMENTO FISCAL;3;DESPESAS CORRENTES;1;PESSOAL E ENCARGOS SOCIAIS;11;VENCIMENTOS E VANTAGENS FIXAS - PESSOAL CIVIL;319011;VENCIMENTOS E VANTAGENS FIXAS - PESSOAL CIVIL;31901175;REPRESENTACAO MENSAL;5;GLOBAL;08;NAO SE APLICA;-8;13/02/2017;FEV/2017;2017;070025000012017NE000137;AUT. ELEITORAIS;FOLHA DE PAGAMENTO SUPLEMENTAR Nº 02 DE MARCO/2018, REFERENTE AO PAGAMENTO DAS AUTORIDADES ELEITORAIS QUE ATUARAM NO RECESSO FORENSE DEZEMBRO/2017. DADOS BANCARIOS (BB).;070025;TRIBUNAL REGIONAL ELEITORAL DO D. FEDERAL;;;;;;;;;;;;;;;;0,00;904,03;(904,03);0,00;904,03
14107;TRIBUNAL REGIONAL ELEITORAL DO DIST. FEDERAL;070025;TRIBUNAL REGIONAL ELEITORAL DO D. FEDERAL;02122057020TP0053;20TP;ATIVOS CIVIS DA UNIAO;0000;ATIVOS CIVIS DA UNIAO;084774;FOL GRAJUT;GRATIF. ELEIT. JUIZES TITULARES;0100;RECURSOS ORDINARIOS;1;ORCAMENTO FISCAL;3;DESPESAS CORRENTES;1;PESSOAL E ENCARGOS SOCIAIS;11;VENCIMENTOS E VANTAGENS FIXAS - PESSOAL CIVIL;319011;VENCIMENTOS E VANTAGENS FIXAS - PESSOAL CIVIL;31901175;REPRESENTACAO MENSAL;5;GLOBAL;08;NAO SE APLICA;-8;13/02/2017;FEV/2017;2017;070025000012017NE000137;AUT. ELEITORAIS;FOLHA DE PAGAMENTO SUPLEMENTAR Nº 02 DE MARCO/2018, REFERENTE AO PAGAMENTO DAS AUTORIDADES ELEITORAIS QUE ATUARAM NO RECESSO FORENSE DEZEMBRO/2017. DEDUCOES IRRF.;070025;TRIBUNAL REGIONAL ELEITORAL DO D. FEDERAL;;;;;;;;;;;;;;;;0,00;342,91;(342,91);0,00;342,91
14107;TRIBUNAL REGIONAL ELEITORAL DO DIST. FEDERAL;070025;TRIBUNAL REGIONAL ELEITORAL DO D. FEDERAL;02122057020TP0053;20TP;ATIVOS CIVIS DA UNIAO;0000;ATIVOS CIVIS DA UNIAO;084774;FOL GRAJUT;GRATIF. ELEIT. JUIZES TITULARES;0100;RECURSOS ORDINARIOS;1;ORCAMENTO FISCAL;3;DESPESAS CORRENTES;1;PESSOAL E ENCARGOS SOCIAIS;11;VENCIMENTOS E VANTAGENS FIXAS - PESSOAL CIVIL;319011;VENCIMENTOS E VANTAGENS FIXAS - PESSOAL CIVIL;31901175;REPRESENTACAO MENSAL;5;GLOBAL;08;NAO SE APLICA;-8;13/02/2017;FEV/2017;2017;070025000012017NE000137;AUT. ELEITORAIS;FOLHA DE PAGAMENTO SUPLEMENTAR Nº 02 DE MARCO/2018, REFERENTE AO PAGAMENTO DAS AUTORIDADES ELEITORAIS QUE ATUARAM NO RECESSO FORENSE DEZEMBRO/2017. DEDUCOES PENSAO ALIMENTICIA (BB).;070025;TRIBUNAL REGIONAL ELEITORAL DO D. FEDERAL;;;;;;;;;;;;;;;;0,00;545,94;(545,94);0,00;545,94
14107;TRIBUNAL REGIONAL ELEITORAL DO DIST. FEDERAL;070025;TRIBUNAL REGIONAL ELEITORAL DO D. FEDERAL;02122057020TP0053;20TP;ATIVOS CIVIS DA UNIAO;0000;ATIVOS CIVIS DA UNIAO;084774;FOL GRAJUT;GRATIF. ELEIT. JUIZES TITULARES;0100;RECURSOS ORDINARIOS;1;ORCAMENTO FISCAL;3;DESPESAS CORRENTES;1;PESSOAL E ENCARGOS SOCIAIS;11;VENCIMENTOS E VANTAGENS FIXAS - PESSOAL CIVIL;319011;VENCIMENTOS E VANTAGENS FIXAS - PESSOAL CIVIL;31901175;REPRESENTACAO MENSAL;5;GLOBAL;08;NAO SE APLICA;-8;13/02/2017;FEV/2017;2017;070025000012017NE000137;AUT. ELEITORAIS;FOLHA DE PAGAMENTO SUPLEMENTAR Nº 02 DE MARCO/2018, REFERENTE AO PAGAMENTO DAS AUTORIDADES ELEITORAIS QUE ATUARAM NO RECESSO FORENSE DEZEMBRO/2017. PA 0001147-80.2018.6.07.8100.;070025;TRIBUNAL REGIONAL ELEITORAL DO D. FEDERAL;;;;;;;;;;;;;;;;1.792,88;;0,00;1.792,88;
14107;TRIBUNAL REGIONAL ELEITORAL DO DIST. FEDERAL;070025;TRIBUNAL REGIONAL ELEITORAL DO D. FEDERAL;02122057020TP0053;20TP;ATIVOS CIVIS DA UNIAO;0000;ATIVOS CIVIS DA UNIAO;084774;FOL GRAJUT;GRATIF. ELEIT. JUIZES TITULARES;0100;RECURSOS ORDINARIOS;1;ORCAMENTO FISCAL;3;DESPESAS CORRENTES;1;PESSOAL E ENCARGOS SOCIAIS;11;VENCIMENTOS E VANTAGENS FIXAS - PESSOAL CIVIL;319011;VENCIMENTOS E VANTAGENS FIXAS - PESSOAL CIVIL;31901175;REPRESENTACAO MENSAL;5;GLOBAL;08;NAO SE APLICA;-8;13/02/2017;FEV/2017;2017;070025000012017NE000137;AUT. ELEITORAIS;NAO SE APLICA;070025;TRIBUNAL REGIONAL ELEITORAL DO D. FEDERAL;;;;;;;;;;;;;5.000,00;;;;;5.000,00;;
14107;TRIBUNAL REGIONAL ELEITORAL DO DIST. FEDERAL;070025;TRIBUNAL REGIONAL ELEITORAL DO D. FEDERAL;02122057020TP0053;20TP;ATIVOS CIVIS DA UNIAO;0000;ATIVOS CIVIS DA UNIAO;084774;FOL GRAJUT;GRATIF. ELEIT. JUIZES TITULARES;0100;RECURSOS ORDINARIOS;1;ORCAMENTO FISCAL;3;DESPESAS CORRENTES;1;PESSOAL E ENCARGOS SOCIAIS;11;VENCIMENTOS E VANTAGENS FIXAS - PESSOAL CIVIL;319011;VENCIMENTOS E VANTAGENS FIXAS - PESSOAL CIVIL;31901175;REPRESENTACAO MENSAL;5;GLOBAL;08;NAO SE APLICA;-8;03/01/2018;JAN/2018;2018;070025000012018NE000006;AUT. ELEITORAIS;2018NECT - AUTORIDADES ELEITORAIS. JUIZES ELEITORAIS TITULARES.;070025;TRIBUNAL REGIONAL ELEITORAL DO D. FEDERAL;;;;;;;;1.000.000,00;;;;;;;;;;;;
14107;TRIBUNAL REGIONAL ELEITORAL DO DIST. FEDERAL;070025;TRIBUNAL REGIONAL ELEITORAL DO D. FEDERAL;02122057020TP0053;20TP;ATIVOS CIVIS DA UNIAO;0000;ATIVOS CIVIS DA UNIAO;084774;FOL GRAJUT;GRATIF. ELEIT. JUIZES TITULARES;0100;RECURSOS ORDINARIOS;1;ORCAMENTO FISCAL;3;DESPESAS CORRENTES;1;PESSOAL E ENCARGOS SOCIAIS;11;VENCIMENTOS E VANTAGENS FIXAS - PESSOAL CIVIL;319011;VENCIMENTOS E VANTAGENS FIXAS - PESSOAL CIVIL;31901175;REPRESENTACAO MENSAL;5;GLOBAL;08;NAO SE APLICA;-8;03/01/2018;JAN/2018;2018;070025000012018NE000006;AUT. ELEITORAIS;FOLHA DE PAGAMENTO DAS AUTORIDADES ELEITORAIS REFERENTE AO MES DE ABRIL DE 2018. PA 0002427-86.2018.  INCLUSAO DOS DADOS DE PAGAMENTO.;070025;TRIBUNAL REGIONAL ELEITORAL DO D. FEDERAL;;;;;;;;0,00;0,00;24.152,30;;;;;;;;;0,00;24.152,30
14107;TRIBUNAL REGIONAL ELEITORAL DO DIST. FEDERAL;070025;TRIBUNAL REGIONAL ELEITORAL DO D. FEDERAL;02122057020TP0053;20TP;ATIVOS CIVIS DA UNIAO;0000;ATIVOS CIVIS DA UNIAO;084774;FOL GRAJUT;GRATIF. ELEIT. JUIZES TITULARES;0100;RECURSOS ORDINARIOS;1;ORCAMENTO FISCAL;3;DESPESAS CORRENTES;1;PESSOAL E ENCARGOS SOCIAIS;11;VENCIMENTOS E VANTAGENS FIXAS - PESSOAL CIVIL;319011;VENCIMENTOS E VANTAGENS FIXAS - PESSOAL CIVIL;31901175;REPRESENTACAO MENSAL;5;GLOBAL;08;NAO SE APLICA;-8;03/01/2018;JAN/2018;2018;070025000012018NE000006;AUT. ELEITORAIS;FOLHA DE PAGAMENTO DAS AUTORIDADES ELEITORAIS REFERENTE AO MES DE ABRIL DE 2018. PA 0002427-86.2018.6.07.8100.;070025;TRIBUNAL REGIONAL ELEITORAL DO D. FEDERAL;;;;;;;;0,00;85.839,20;;;;;;;;;;85.839,20;
14107;TRIBUNAL REGIONAL ELEITORAL DO DIST. FEDERAL;070025;TRIBUNAL REGIONAL ELEITORAL DO D. FEDERAL;02122057020TP0053;20TP;ATIVOS CIVIS DA UNIAO;0000;ATIVOS CIVIS DA UNIAO;084774;FOL GRAJUT;GRATIF. ELEIT. JUIZES TITULARES;0100;RECURSOS ORDINARIOS;1;ORCAMENTO FISCAL;3;DESPESAS CORRENTES;1;PESSOAL E ENCARGOS SOCIAIS;11;VENCIMENTOS E VANTAGENS FIXAS - PESSOAL CIVIL;319011;VENCIMENTOS E VANTAGENS FIXAS - PESSOAL CIVIL;31901175;REPRESENTACAO MENSAL;5;GLOBAL;08;NAO SE APLICA;-8;03/01/2018;JAN/2018;2018;070025000012018NE000006;AUT. ELEITORAIS;FOLHA DE PAGAMENTO DAS AUTORIDADES ELEITORAIS REFERENTE AO MES DE ABRIL DE 2018. PA 0002427-86.2018.6.07.8100.  INCLUSAO DOS DADOS BANCARIOS.;070025;TRIBUNAL REGIONAL ELEITORAL DO D. FEDERAL;;;;;;;;0,00;0,00;61.686,90;;;;;;;;;0,00;61.686,90
14107;TRIBUNAL REGIONAL ELEITORAL DO DIST. FEDERAL;070025;TRIBUNAL REGIONAL ELEITORAL DO D. FEDERAL;02122057020TP0053;20TP;ATIVOS CIVIS DA UNIAO;0000;ATIVOS CIVIS DA UNIAO;084774;FOL GRAJUT;GRATIF. ELEIT. JUIZES TITULARES;0100;RECURSOS ORDINARIOS;1;ORCAMENTO FISCAL;3;DESPESAS CORRENTES;1;PESSOAL E ENCARGOS SOCIAIS;11;VENCIMENTOS E VANTAGENS FIXAS - PESSOAL CIVIL;319011;VENCIMENTOS E VANTAGENS FIXAS - PESSOAL CIVIL;31901175;REPRESENTACAO MENSAL;5;GLOBAL;08;NAO SE APLICA;-8;03/01/2018;JAN/2018;2018;070025000012018NE000006;AUT. ELEITORAIS;FOLHA DE PAGAMENTO DAS AUTORIDADES ELEITORAIS REFERENTE AO MES DE FEVEREIRO DE 2018. PA 0001095-84.2018.6.07.8100.;070025;TRIBUNAL REGIONAL ELEITORAL DO D. FEDERAL;;;;;;;;0,00;76.256,16;;;;;;;;;;76.256,16;
14107;TRIBUNAL REGIONAL ELEITORAL DO DIST. FEDERAL;070025;TRIBUNAL REGIONAL ELEITORAL DO D. FEDERAL;02122057020TP0053;20TP;ATIVOS CIVIS DA UNIAO;0000;ATIVOS CIVIS DA UNIAO;084774;FOL GRAJUT;GRATIF. ELEIT. JUIZES TITULARES;0100;RECURSOS ORDINARIOS;1;ORCAMENTO FISCAL;3;DESPESAS CORRENTES;1;PESSOAL E ENCARGOS SOCIAIS;11;VENCIMENTOS E VANTAGENS FIXAS - PESSOAL CIVIL;319011;VENCIMENTOS E VANTAGENS FIXAS - PESSOAL CIVIL;31901175;REPRESENTACAO MENSAL;5;GLOBAL;08;NAO SE APLICA;-8;03/01/2018;JAN/2018;2018;070025000012018NE000006;AUT. ELEITORAIS;FOLHA DE PAGAMENTO DAS AUTORIDADES ELEITORAIS REFERENTE AO MES DE JANEIRO DE 2018. PA 0000614-24.2018.6.07.8100.;070025;TRIBUNAL REGIONAL ELEITORAL DO D. FEDERAL;;;;;;;;0,00;64.693,15;;;;;;;;;;64.693,15;
14107;TRIBUNAL REGIONAL ELEITORAL DO DIST. FEDERAL;070025;TRIBUNAL REGIONAL ELEITORAL DO D. FEDERAL;02122057020TP0053;20TP;ATIVOS CIVIS DA UNIAO;0000;ATIVOS CIVIS DA UNIAO;084774;FOL GRAJUT;GRATIF. ELEIT. JUIZES TITULARES;0100;RECURSOS ORDINARIOS;1;ORCAMENTO FISCAL;3;DESPESAS CORRENTES;1;PESSOAL E ENCARGOS SOCIAIS;11;VENCIMENTOS E VANTAGENS FIXAS - PESSOAL CIVIL;319011;VENCIMENTOS E VANTAGENS FIXAS - PESSOAL CIVIL;31901175;REPRESENTACAO MENSAL;5;GLOBAL;08;NAO SE APLICA;-8;03/01/2018;JAN/2018;2018;070025000012018NE000006;AUT. ELEITORAIS;FOLHA DE PAGAMENTO DAS AUTORIDADES ELEITORAIS REFERENTE AO MES DE JANEIRO DE 2018. PA 0000614-24.2018.6.07.8100.CANCELAMENTO PARA ACERTO DE DATA DE LANCAMENTO;070025;TRIBUNAL REGIONAL ELEITORAL DO D. FEDERAL;;;;;;;;0,00;308,76;0,00;;;;;;;;;308,76;0,00
14107;TRIBUNAL REGIONAL ELEITORAL DO DIST. FEDERAL;070025;TRIBUNAL REGIONAL ELEITORAL DO D. FEDERAL;02122057020TP0053;20TP;ATIVOS CIVIS DA UNIAO;0000;ATIVOS CIVIS DA UNIAO;084774;FOL GRAJUT;GRATIF. ELEIT. JUIZES TITULARES;0100;RECURSOS ORDINARIOS;1;ORCAMENTO FISCAL;3;DESPESAS CORRENTES;1;PESSOAL E ENCARGOS SOCIAIS;11;VENCIMENTOS E VANTAGENS FIXAS - PESSOAL CIVIL;319011;VENCIMENTOS E VANTAGENS FIXAS - PESSOAL CIVIL;31901175;REPRESENTACAO MENSAL;5;GLOBAL;08;NAO SE APLICA;-8;03/01/2018;JAN/2018;2018;070025000012018NE000006;AUT. ELEITORAIS;FOLHA DE PAGAMENTO DAS AUTORIDADES ELEITORAIS REFERENTE AO MES DE JANEIRO DE 2018. PA 0000614-24.2018.6.07.8100.DADOS BANCARIOS BB;070025;TRIBUNAL REGIONAL ELEITORAL DO D. FEDERAL;;;;;;;;0,00;0,00;37.344,75;;;;;;;;;0,00;37.344,75
14107;TRIBUNAL REGIONAL ELEITORAL DO DIST. FEDERAL;070025;TRIBUNAL REGIONAL ELEITORAL DO D. FEDERAL;02122057020TP0053;20TP;ATIVOS CIVIS DA UNIAO;0000;ATIVOS CIVIS DA UNIAO;084774;FOL GRAJUT;GRATIF. ELEIT. JUIZES TITULARES;0100;RECURSOS ORDINARIOS;1;ORCAMENTO FISCAL;3;DESPESAS CORRENTES;1;PESSOAL E ENCARGOS SOCIAIS;11;VENCIMENTOS E VANTAGENS FIXAS - PESSOAL CIVIL;319011;VENCIMENTOS E VANTAGENS FIXAS - PESSOAL CIVIL;31901175;REPRESENTACAO MENSAL;5;GLOBAL;08;NAO SE APLICA;-8;03/01/2018;JAN/2018;2018;070025000012018NE000006;AUT. ELEITORAIS;FOLHA DE PAGAMENTO DAS AUTORIDADES ELEITORAIS REFERENTE AO MES DE JANEIRO DE 2018. PA 0000614-24.2018.6.07.8100.DADOS BANCARIOS OUTROS BANCOS;070025;TRIBUNAL REGIONAL ELEITORAL DO D. FEDERAL;;;;;;;;0,00;0,00;27.039,64;;;;;;;;;0,00;27.039,64
14107;TRIBUNAL REGIONAL ELEITORAL DO DIST. FEDERAL;070025;TRIBUNAL REGIONAL ELEITORAL DO D. FEDERAL;02122057020TP0053;20TP;ATIVOS CIVIS DA UNIAO;0000;ATIVOS CIVIS DA UNIAO;084774;FOL GRAJUT;GRATIF. ELEIT. JUIZES TITULARES;0100;RECURSOS ORDINARIOS;1;ORCAMENTO FISCAL;3;DESPESAS CORRENTES;1;PESSOAL E ENCARGOS SOCIAIS;11;VENCIMENTOS E VANTAGENS FIXAS - PESSOAL CIVIL;319011;VENCIMENTOS E VANTAGENS FIXAS - PESSOAL CIVIL;31901175;REPRESENTACAO MENSAL;5;GLOBAL;08;NAO SE APLICA;-8;03/01/2018;JAN/2018;2018;070025000012018NE000006;AUT. ELEITORAIS;FOLHA DE PAGAMENTO DAS AUTORIDADES ELEITORAIS REFERENTE AO MES DE JANEIRO DE 2018. PA 0000614-24.2018.6.07.8100.DEVOLUCOES;070025;TRIBUNAL REGIONAL ELEITORAL DO D. FEDERAL;;;;;;;;0,00;(308,76);0,00;;;;;;;;;(308,76);0,00
14107;TRIBUNAL REGIONAL ELEITORAL DO DIST. FEDERAL;070025;TRIBUNAL REGIONAL ELEITORAL DO D. FEDERAL;02122057020TP0053;20TP;ATIVOS CIVIS DA UNIAO;0000;ATIVOS CIVIS DA UNIAO;084774;FOL GRAJUT;GRATIF. ELEIT. JUIZES TITULARES;0100;RECURSOS ORDINARIOS;1;ORCAMENTO FISCAL;3;DESPESAS CORRENTES;1;PESSOAL E ENCARGOS SOCIAIS;11;VENCIMENTOS E VANTAGENS FIXAS - PESSOAL CIVIL;319011;VENCIMENTOS E VANTAGENS FIXAS - PESSOAL CIVIL;31901175;REPRESENTACAO MENSAL;5;GLOBAL;08;NAO SE APLICA;-8;03/01/2018;JAN/2018;2018;070025000012018NE000006;AUT. ELEITORAIS;FOLHA DE PAGAMENTO DAS AUTORIDADES ELEITORAIS REFERENTE AO MES DE JANEIRO DE 2018. PA 0000614-24.2018.6.07.8100.DEVOLUCOES DE GRATIFICACAO DE JUIZES TITULARES;070025;TRIBUNAL REGIONAL ELEITORAL DO D. FEDERAL;;;;;;;;0,00;(308,76);0,00;;;;;;;;;(308,76);0,00
14107;TRIBUNAL REGIONAL ELEITORAL DO DIST. FEDERAL;070025;TRIBUNAL REGIONAL ELEITORAL DO D. FEDERAL;02122057020TP0053;20TP;ATIVOS CIVIS DA UNIAO;0000;ATIVOS CIVIS DA UNIAO;084774;FOL GRAJUT;GRATIF. ELEIT. JUIZES TITULARES;0100;RECURSOS ORDINARIOS;1;ORCAMENTO FISCAL;3;DESPESAS CORRENTES;1;PESSOAL E ENCARGOS SOCIAIS;11;VENCIMENTOS E VANTAGENS FIXAS - PESSOAL CIVIL;319011;VENCIMENTOS E VANTAGENS FIXAS - PESSOAL CIVIL;31901175;REPRESENTACAO MENSAL;5;GLOBAL;08;NAO SE APLICA;-8;03/01/2018;JAN/2018;2018;070025000012018NE000006;AUT. ELEITORAIS;FOLHA DE PAGAMENTO DAS AUTORIDADES ELEITORAIS REFERENTE AO MES DE MARCO DE 2018. PA 0001776-54.2018.6.07.8100.;070025;TRIBUNAL REGIONAL ELEITORAL DO D. FEDERAL;;;;;;;;0,00;76.645,68;;;;;;;;;;76.645,68;
14107;TRIBUNAL REGIONAL ELEITORAL DO DIST. FEDERAL;070025;TRIBUNAL REGIONAL ELEITORAL DO D. FEDERAL;02122057020TP0053;20TP;ATIVOS CIVIS DA UNIAO;0000;ATIVOS CIVIS DA UNIAO;084774;FOL GRAJUT;GRATIF. ELEIT. JUIZES TITULARES;0100;RECURSOS ORDINARIOS;1;ORCAMENTO FISCAL;3;DESPESAS CORRENTES;1;PESSOAL E ENCARGOS SOCIAIS;11;VENCIMENTOS E VANTAGENS FIXAS - PESSOAL CIVIL;319011;VENCIMENTOS E VANTAGENS FIXAS - PESSOAL CIVIL;31901175;REPRESENTACAO MENSAL;5;GLOBAL;08;NAO SE APLICA;-8;03/01/2018;JAN/2018;2018;070025000012018NE000006;AUT. ELEITORAIS;FOLHA DE PAGAMENTO DAS AUTORIDADES ELEITORAIS REFERENTE AO MES DE MARCO DE 2018. PA 0001776-54.2018.6.07.8100. DADOS BANCARIOS - BANCO DO BRASIL.;070025;TRIBUNAL REGIONAL ELEITORAL DO D. FEDERAL;;;;;;;;0,00;0,00;40.747,41;;;;;;;;;0,00;40.747,41
14107;TRIBUNAL REGIONAL ELEITORAL DO DIST. FEDERAL;070025;TRIBUNAL REGIONAL ELEITORAL DO D. FEDERAL;02122057020TP0053;20TP;ATIVOS CIVIS DA UNIAO;0000;ATIVOS CIVIS DA UNIAO;084774;FOL GRAJUT;GRATIF. ELEIT. JUIZES TITULARES;0100;RECURSOS ORDINARIOS;1;ORCAMENTO FISCAL;3;DESPESAS CORRENTES;1;PESSOAL E ENCARGOS SOCIAIS;11;VENCIMENTOS E VANTAGENS FIXAS - PESSOAL CIVIL;319011;VENCIMENTOS E VANTAGENS FIXAS - PESSOAL CIVIL;31901175;REPRESENTACAO MENSAL;5;GLOBAL;08;NAO SE APLICA;-8;03/01/2018;JAN/2018;2018;070025000012018NE000006;AUT. ELEITORAIS;FOLHA DE PAGAMENTO DAS AUTORIDADES ELEITORAIS REFERENTE AO MES DE MARCO DE 2018. PA 0001776-54.2018.6.07.8100. DADOS BANCARIOS - OUTROS BANCOS.;070025;TRIBUNAL REGIONAL ELEITORAL DO D. FEDERAL;;;;;;;;0,00;0,00;33.913,35;;;;;;;;;0,00;33.913,35
14107;TRIBUNAL REGIONAL ELEITORAL DO DIST. FEDERAL;070025;TRIBUNAL REGIONAL ELEITORAL DO D. FEDERAL;02122057020TP0053;20TP;ATIVOS CIVIS DA UNIAO;0000;ATIVOS CIVIS DA UNIAO;084774;FOL GRAJUT;GRATIF. ELEIT. JUIZES TITULARES;0100;RECURSOS ORDINARIOS;1;ORCAMENTO FISCAL;3;DESPESAS CORRENTES;1;PESSOAL E ENCARGOS SOCIAIS;11;VENCIMENTOS E VANTAGENS FIXAS - PESSOAL CIVIL;319011;VENCIMENTOS E VANTAGENS FIXAS - PESSOAL CIVIL;31901175;REPRESENTACAO MENSAL;5;GLOBAL;08;NAO SE APLICA;-8;03/01/2018;JAN/2018;2018;070025000012018NE000006;AUT. ELEITORAIS;FOLHA DE PAGAMENTO DAS AUTORIDADES ELEITORAIS REFERENTE AO MES DE MARCO DE 2018. PA 0001776-54.2018.6.07.8100. DEVOLUCAO DE DESPESA DE JUIZES TITULARES.;070025;TRIBUNAL REGIONAL ELEITORAL DO D. FEDERAL;;;;;;;;0,00;(1.984,92);0,00;;;;;;;;;(1.984,92);0,00
14107;TRIBUNAL REGIONAL ELEITORAL DO DIST. FEDERAL;070025;TRIBUNAL REGIONAL ELEITORAL DO D. FEDERAL;02122057020TP0053;20TP;ATIVOS CIVIS DA UNIAO;0000;ATIVOS CIVIS DA UNIAO;084774;FOL GRAJUT;GRATIF. ELEIT. JUIZES TITULARES;0100;RECURSOS ORDINARIOS;1;ORCAMENTO FISCAL;3;DESPESAS CORRENTES;1;PESSOAL E ENCARGOS SOCIAIS;11;VENCIMENTOS E VANTAGENS FIXAS - PESSOAL CIVIL;319011;VENCIMENTOS E VANTAGENS FIXAS - PESSOAL CIVIL;31901175;REPRESENTACAO MENSAL;5;GLOBAL;08;NAO SE APLICA;-8;03/01/2018;JAN/2018;2018;070025000012018NE000006;AUT. ELEITORAIS;FOLHA DE PAGAMENTO DAS AUTORIDADES ELEITORAIS REFERENTES AO MES DE FEVEREIRO DE 2018. PA 0001095-84.2018.6.07.8100. DADOS BANCARIOS (BANCO DO BRASIL).;070025;TRIBUNAL REGIONAL ELEITORAL DO D. FEDERAL;;;;;;;;0,00;0,00;47.179,33;;;;;;;;;0,00;47.179,33
14107;TRIBUNAL REGIONAL ELEITORAL DO DIST. FEDERAL;070025;TRIBUNAL REGIONAL ELEITORAL DO D. FEDERAL;02122057020TP0053;20TP;ATIVOS CIVIS DA UNIAO;0000;ATIVOS CIVIS DA UNIAO;084774;FOL GRAJUT;GRATIF. ELEIT. JUIZES TITULARES;0100;RECURSOS ORDINARIOS;1;ORCAMENTO FISCAL;3;DESPESAS CORRENTES;1;PESSOAL E ENCARGOS SOCIAIS;11;VENCIMENTOS E VANTAGENS FIXAS - PESSOAL CIVIL;319011;VENCIMENTOS E VANTAGENS FIXAS - PESSOAL CIVIL;31901175;REPRESENTACAO MENSAL;5;GLOBAL;08;NAO SE APLICA;-8;03/01/2018;JAN/2018;2018;070025000012018NE000006;AUT. ELEITORAIS;FOLHA DE PAGAMENTO DAS AUTORIDADES ELEITORAIS REFERENTES AO MES DE FEVEREIRO DE 2018. PA 0001095-84.2018.6.07.8100. DADOS BANCARIOS (OUTROS BANCOS).;070025;TRIBUNAL REGIONAL ELEITORAL DO D. FEDERAL;;;;;;;;0,00;0,00;29.076,83;;;;;;;;;0,00;29.076,83
14107;TRIBUNAL REGIONAL ELEITORAL DO DIST. FEDERAL;070025;TRIBUNAL REGIONAL ELEITORAL DO D. FEDERAL;02122057020TP0053;20TP;ATIVOS CIVIS DA UNIAO;0000;ATIVOS CIVIS DA UNIAO;084774;FOL GRAPRT;GRATIF. ELEIT. PROMOTORES TITUL.;0100;RECURSOS ORDINARIOS;1;ORCAMENTO FISCAL;3;DESPESAS CORRENTES;1;PESSOAL E ENCARGOS SOCIAIS;11;VENCIMENTOS E VANTAGENS FIXAS - PESSOAL CIVIL;319011;VENCIMENTOS E VANTAGENS FIXAS - PESSOAL CIVIL;319011-9;NAO SE APLICA;-9;NAO SE APLICA;-9;NAO SE APLICA;-9;NAO SE APLICA;NAO SE APLICA;-9;-9;-9;2018NECT - AUTORIDADES ELEITORAIS - PROMOTORES ELEITORAIS TITULARES.;-9;NAO SE APLICA;;;;;(930.000,00);;;;;;;;;;;;;;;
14107;TRIBUNAL REGIONAL ELEITORAL DO DIST. FEDERAL;070025;TRIBUNAL REGIONAL ELEITORAL DO D. FEDERAL;02122057020TP0053;20TP;ATIVOS CIVIS DA UNIAO;0000;ATIVOS CIVIS DA UNIAO;084774;FOL GRAPRT;GRATIF. ELEIT. PROMOTORES TITUL.;0100;RECURSOS ORDINARIOS;1;ORCAMENTO FISCAL;3;DESPESAS CORRENTES;1;PESSOAL E ENCARGOS SOCIAIS;11;VENCIMENTOS E VANTAGENS FIXAS - PESSOAL CIVIL;319011;VENCIMENTOS E VANTAGENS FIXAS - PESSOAL CIVIL;319011-9;NAO SE APLICA;-9;NAO SE APLICA;-9;NAO SE APLICA;-9;NAO SE APLICA;NAO SE APLICA;-9;-9;-9;ALTERACAO PARA EMISSAO DE NE. DESPESAS DE PESSOAL.;-9;NAO SE APLICA;930.000,00;930.000,00;;;930.000,00;;;;;;;;;;;;;;;
14107;TRIBUNAL REGIONAL ELEITORAL DO DIST. FEDERAL;070025;TRIBUNAL REGIONAL ELEITORAL DO D. FEDERAL;02122057020TP0053;20TP;ATIVOS CIVIS DA UNIAO;0000;ATIVOS CIVIS DA UNIAO;084774;FOL GRAPRT;GRATIF. ELEIT. PROMOTORES TITUL.;0100;RECURSOS ORDINARIOS;1;ORCAMENTO FISCAL;3;DESPESAS CORRENTES;1;PESSOAL E ENCARGOS SOCIAIS;11;VENCIMENTOS E VANTAGENS FIXAS - PESSOAL CIVIL;319011;VENCIMENTOS E VANTAGENS FIXAS - PESSOAL CIVIL;31901175;REPRESENTACAO MENSAL;5;GLOBAL;08;NAO SE APLICA;-8;13/02/2017;FEV/2017;2017;070025000012017NE000139;AUT. ELEITORAIS;FOLHA DE PAGAMENTO SUPLEMENTAR Nº 02 DE MARCO/2018, REFERENTE AO PAGAMENTO DAS AUTORIDADES ELEITORAIS QUE ATUARAM NO RECESSO FORENSE DEZEMBRO/2017. DADOS BANCARIOS (BB).;070025;TRIBUNAL REGIONAL ELEITORAL DO D. FEDERAL;;;;;;;;;;;;;;;;0,00;3.585,76;(3.585,76);0,00;3.585,76
14107;TRIBUNAL REGIONAL ELEITORAL DO DIST. FEDERAL;070025;TRIBUNAL REGIONAL ELEITORAL DO D. FEDERAL;02122057020TP0053;20TP;ATIVOS CIVIS DA UNIAO;0000;ATIVOS CIVIS DA UNIAO;084774;FOL GRAPRT;GRATIF. ELEIT. PROMOTORES TITUL.;0100;RECURSOS ORDINARIOS;1;ORCAMENTO FISCAL;3;DESPESAS CORRENTES;1;PESSOAL E ENCARGOS SOCIAIS;11;VENCIMENTOS E VANTAGENS FIXAS - PESSOAL CIVIL;319011;VENCIMENTOS E VANTAGENS FIXAS - PESSOAL CIVIL;31901175;REPRESENTACAO MENSAL;5;GLOBAL;08;NAO SE APLICA;-8;13/02/2017;FEV/2017;2017;070025000012017NE000139;AUT. ELEITORAIS;FOLHA DE PAGAMENTO SUPLEMENTAR Nº 02 DE MARCO/2018, REFERENTE AO PAGAMENTO DAS AUTORIDADES ELEITORAIS QUE ATUARAM NO RECESSO FORENSE DEZEMBRO/2017. PA 0001147-80.2018.6.07.8100.;070025;TRIBUNAL REGIONAL ELEITORAL DO D. FEDERAL;;;;;;;;;;;;;;;;3.585,76;;0,00;3.585,76;
14107;TRIBUNAL REGIONAL ELEITORAL DO DIST. FEDERAL;070025;TRIBUNAL REGIONAL ELEITORAL DO D. FEDERAL;02122057020TP0053;20TP;ATIVOS CIVIS DA UNIAO;0000;ATIVOS CIVIS DA UNIAO;084774;FOL GRAPRT;GRATIF. ELEIT. PROMOTORES TITUL.;0100;RECURSOS ORDINARIOS;1;ORCAMENTO FISCAL;3;DESPESAS CORRENTES;1;PESSOAL E ENCARGOS SOCIAIS;11;VENCIMENTOS E VANTAGENS FIXAS - PESSOAL CIVIL;319011;VENCIMENTOS E VANTAGENS FIXAS - PESSOAL CIVIL;31901175;REPRESENTACAO MENSAL;5;GLOBAL;08;NAO SE APLICA;-8;13/02/2017;FEV/2017;2017;070025000012017NE000139;AUT. ELEITORAIS;NAO SE APLICA;070025;TRIBUNAL REGIONAL ELEITORAL DO D. FEDERAL;;;;;;;;;;;;;5.000,00;;;;;5.000,00;;
14107;TRIBUNAL REGIONAL ELEITORAL DO DIST. FEDERAL;070025;TRIBUNAL REGIONAL ELEITORAL DO D. FEDERAL;02122057020TP0053;20TP;ATIVOS CIVIS DA UNIAO;0000;ATIVOS CIVIS DA UNIAO;084774;FOL GRAPRT;GRATIF. ELEIT. PROMOTORES TITUL.;0100;RECURSOS ORDINARIOS;1;ORCAMENTO FISCAL;3;DESPESAS CORRENTES;1;PESSOAL E ENCARGOS SOCIAIS;11;VENCIMENTOS E VANTAGENS FIXAS - PESSOAL CIVIL;319011;VENCIMENTOS E VANTAGENS FIXAS - PESSOAL CIVIL;31901175;REPRESENTACAO MENSAL;5;GLOBAL;08;NAO SE APLICA;-8;03/01/2018;JAN/2018;2018;070025000012018NE000008;AUT. ELEITORAIS;2018NECT - AUTORIDADES ELEITORAIS - PROMOTORES ELEITORAIS TITULARES.;070025;TRIBUNAL REGIONAL ELEITORAL DO D. FEDERAL;;;;;;;;930.000,00;;;;;;;;;;;;
14107;TRIBUNAL REGIONAL ELEITORAL DO DIST. FEDERAL;070025;TRIBUNAL REGIONAL ELEITORAL DO D. FEDERAL;02122057020TP0053;20TP;ATIVOS CIVIS DA UNIAO;0000;ATIVOS CIVIS DA UNIAO;084774;FOL GRAPRT;GRATIF. ELEIT. PROMOTORES TITUL.;0100;RECURSOS ORDINARIOS;1;ORCAMENTO FISCAL;3;DESPESAS CORRENTES;1;PESSOAL E ENCARGOS SOCIAIS;11;VENCIMENTOS E VANTAGENS FIXAS - PESSOAL CIVIL;319011;VENCIMENTOS E VANTAGENS FIXAS - PESSOAL CIVIL;31901175;REPRESENTACAO MENSAL;5;GLOBAL;08;NAO SE APLICA;-8;03/01/2018;JAN/2018;2018;070025000012018NE000008;AUT. ELEITORAIS;FOLHA DE PAGAMENTO DAS AUTORIDADES ELEITORAIS REFERENTE AO MES DE ABRIL DE 2018. PA 0002427-86.2018.6.07.8100.;070025;TRIBUNAL REGIONAL ELEITORAL DO D. FEDERAL;;;;;;;;0,00;72.561,89;;;;;;;;;;72.561,89;
14107;TRIBUNAL REGIONAL ELEITORAL DO DIST. FEDERAL;070025;TRIBUNAL REGIONAL ELEITORAL DO D. FEDERAL;02122057020TP0053;20TP;ATIVOS CIVIS DA UNIAO;0000;ATIVOS CIVIS DA UNIAO;084774;FOL GRAPRT;GRATIF. ELEIT. PROMOTORES TITUL.;0100;RECURSOS ORDINARIOS;1;ORCAMENTO FISCAL;3;DESPESAS CORRENTES;1;PESSOAL E ENCARGOS SOCIAIS;11;VENCIMENTOS E VANTAGENS FIXAS - PESSOAL CIVIL;319011;VENCIMENTOS E VANTAGENS FIXAS - PESSOAL CIVIL;31901175;REPRESENTACAO MENSAL;5;GLOBAL;08;NAO SE APLICA;-8;03/01/2018;JAN/2018;2018;070025000012018NE000008;AUT. ELEITORAIS;FOLHA DE PAGAMENTO DAS AUTORIDADES ELEITORAIS REFERENTE AO MES DE ABRIL DE 2018. PA 0002427-86.2018.6.07.8100.  INCLUSAO DOS DADOS BANCARIOS.;070025;TRIBUNAL REGIONAL ELEITORAL DO D. FEDERAL;;;;;;;;0,00;0,00;72.561,89;;;;;;;;;0,00;72.561,89
14107;TRIBUNAL REGIONAL ELEITORAL DO DIST. FEDERAL;070025;TRIBUNAL REGIONAL ELEITORAL DO D. FEDERAL;02122057020TP0053;20TP;ATIVOS CIVIS DA UNIAO;0000;ATIVOS CIVIS DA UNIAO;084774;FOL GRAPRT;GRATIF. ELEIT. PROMOTORES TITUL.;0100;RECURSOS ORDINARIOS;1;ORCAMENTO FISCAL;3;DESPESAS CORRENTES;1;PESSOAL E ENCARGOS SOCIAIS;11;VENCIMENTOS E VANTAGENS FIXAS - PESSOAL CIVIL;319011;VENCIMENTOS E VANTAGENS FIXAS - PESSOAL CIVIL;31901175;REPRESENTACAO MENSAL;5;GLOBAL;08;NAO SE APLICA;-8;03/01/2018;JAN/2018;2018;070025000012018NE000008;AUT. ELEITORAIS;FOLHA DE PAGAMENTO DAS AUTORIDADES ELEITORAIS REFERENTE AO MES DE FEVEREIRO DE 2018. PA 0001095-84.2018.6.07.8100.;070025;TRIBUNAL REGIONAL ELEITORAL DO D. FEDERAL;;;;;;;;0,00;75.594,50;;;;;;;;;;75.594,50;
14107;TRIBUNAL REGIONAL ELEITORAL DO DIST. FEDERAL;070025;TRIBUNAL REGIONAL ELEITORAL DO D. FEDERAL;02122057020TP0053;20TP;ATIVOS CIVIS DA UNIAO;0000;ATIVOS CIVIS DA UNIAO;084774;FOL GRAPRT;GRATIF. ELEIT. PROMOTORES TITUL.;0100;RECURSOS ORDINARIOS;1;ORCAMENTO FISCAL;3;DESPESAS CORRENTES;1;PESSOAL E ENCARGOS SOCIAIS;11;VENCIMENTOS E VANTAGENS FIXAS - PESSOAL CIVIL;319011;VENCIMENTOS E VANTAGENS FIXAS - PESSOAL CIVIL;31901175;REPRESENTACAO MENSAL;5;GLOBAL;08;NAO SE APLICA;-8;03/01/2018;JAN/2018;2018;070025000012018NE000008;AUT. ELEITORAIS;FOLHA DE PAGAMENTO DAS AUTORIDADES ELEITORAIS REFERENTE AO MES DE JANEIRO DE 2018. PA 0000614-24.2018.6.07.8100.;070025;TRIBUNAL REGIONAL ELEITORAL DO D. FEDERAL;;;;;;;;0,00;52.740,59;;;;;;;;;;52.740,59;
14107;TRIBUNAL REGIONAL ELEITORAL DO DIST. FEDERAL;070025;TRIBUNAL REGIONAL ELEITORAL DO D. FEDERAL;02122057020TP0053;20TP;ATIVOS CIVIS DA UNIAO;0000;ATIVOS CIVIS DA UNIAO;084774;FOL GRAPRT;GRATIF. ELEIT. PROMOTORES TITUL.;0100;RECURSOS ORDINARIOS;1;ORCAMENTO FISCAL;3;DESPESAS CORRENTES;1;PESSOAL E ENCARGOS SOCIAIS;11;VENCIMENTOS E VANTAGENS FIXAS - PESSOAL CIVIL;319011;VENCIMENTOS E VANTAGENS FIXAS - PESSOAL CIVIL;31901175;REPRESENTACAO MENSAL;5;GLOBAL;08;NAO SE APLICA;-8;03/01/2018;JAN/2018;2018;070025000012018NE000008;AUT. ELEITORAIS;FOLHA DE PAGAMENTO DAS AUTORIDADES ELEITORAIS REFERENTE AO MES DE JANEIRO DE 2018. PA 0000614-24.2018.6.07.8100.DADOS BANCARIOS BB;070025;TRIBUNAL REGIONAL ELEITORAL DO D. FEDERAL;;;;;;;;0,00;0,00;52.740,59;;;;;;;;;0,00;52.740,59
14107;TRIBUNAL REGIONAL ELEITORAL DO DIST. FEDERAL;070025;TRIBUNAL REGIONAL ELEITORAL DO D. FEDERAL;02122057020TP0053;20TP;ATIVOS CIVIS DA UNIAO;0000;ATIVOS CIVIS DA UNIAO;084774;FOL GRAPRT;GRATIF. ELEIT. PROMOTORES TITUL.;0100;RECURSOS ORDINARIOS;1;ORCAMENTO FISCAL;3;DESPESAS CORRENTES;1;PESSOAL E ENCARGOS SOCIAIS;11;VENCIMENTOS E VANTAGENS FIXAS - PESSOAL CIVIL;319011;VENCIMENTOS E VANTAGENS FIXAS - PESSOAL CIVIL;31901175;REPRESENTACAO MENSAL;5;GLOBAL;08;NAO SE APLICA;-8;03/01/2018;JAN/2018;2018;070025000012018NE000008;AUT. ELEITORAIS;FOLHA DE PAGAMENTO DAS AUTORIDADES ELEITORAIS REFERENTE AO MES DE MARCO DE 2018. PA 0001776-54.2018.6.07.8100.;070025;TRIBUNAL REGIONAL ELEITORAL DO D. FEDERAL;;;;;;;;0,00;83.368,98;;;;;;;;;;83.368,98;
14107;TRIBUNAL REGIONAL ELEITORAL DO DIST. FEDERAL;070025;TRIBUNAL REGIONAL ELEITORAL DO D. FEDERAL;02122057020TP0053;20TP;ATIVOS CIVIS DA UNIAO;0000;ATIVOS CIVIS DA UNIAO;084774;FOL GRAPRT;GRATIF. ELEIT. PROMOTORES TITUL.;0100;RECURSOS ORDINARIOS;1;ORCAMENTO FISCAL;3;DESPESAS CORRENTES;1;PESSOAL E ENCARGOS SOCIAIS;11;VENCIMENTOS E VANTAGENS FIXAS - PESSOAL CIVIL;319011;VENCIMENTOS E VANTAGENS FIXAS - PESSOAL CIVIL;31901175;REPRESENTACAO MENSAL;5;GLOBAL;08;NAO SE APLICA;-8;03/01/2018;JAN/2018;2018;070025000012018NE000008;AUT. ELEITORAIS;FOLHA DE PAGAMENTO DAS AUTORIDADES ELEITORAIS REFERENTE AO MES DE MARCO DE 2018. PA 0001776-54.2018.6.07.8100. DADOS BANCARIOS - BANCO DO BRASIL.;070025;TRIBUNAL REGIONAL ELEITORAL DO D. FEDERAL;;;;;;;;0,00;0,00;83.368,98;;;;;;;;;0,00;83.368,98
14107;TRIBUNAL REGIONAL ELEITORAL DO DIST. FEDERAL;070025;TRIBUNAL REGIONAL ELEITORAL DO D. FEDERAL;02122057020TP0053;20TP;ATIVOS CIVIS DA UNIAO;0000;ATIVOS CIVIS DA UNIAO;084774;FOL GRAPRT;GRATIF. ELEIT. PROMOTORES TITUL.;0100;RECURSOS ORDINARIOS;1;ORCAMENTO FISCAL;3;DESPESAS CORRENTES;1;PESSOAL E ENCARGOS SOCIAIS;11;VENCIMENTOS E VANTAGENS FIXAS - PESSOAL CIVIL;319011;VENCIMENTOS E VANTAGENS FIXAS - PESSOAL CIVIL;31901175;REPRESENTACAO MENSAL;5;GLOBAL;08;NAO SE APLICA;-8;03/01/2018;JAN/2018;2018;070025000012018NE000008;AUT. ELEITORAIS;FOLHA DE PAGAMENTO DAS AUTORIDADES ELEITORAIS REFERENTES AO MES DE FEVEREIRO DE 2018. PA 0001095-84.2018.6.07.8100. DADOS BANCARIOS (BANCO DO BRASIL).;070025;TRIBUNAL REGIONAL ELEITORAL DO D. FEDERAL;;;;;;;;0,00;0,00;75.594,50;;;;;;;;;0,00;75.594,50
14107;TRIBUNAL REGIONAL ELEITORAL DO DIST. FEDERAL;070025;TRIBUNAL REGIONAL ELEITORAL DO D. FEDERAL;02122057020TP0053;20TP;ATIVOS CIVIS DA UNIAO;0000;ATIVOS CIVIS DA UNIAO;084774;FOL JETJUS;SESSOES ORDINARIAS - JUIZES SUBST.;0100;RECURSOS ORDINARIOS;1;ORCAMENTO FISCAL;3;DESPESAS CORRENTES;1;PESSOAL E ENCARGOS SOCIAIS;11;VENCIMENTOS E VANTAGENS FIXAS - PESSOAL CIVIL;319011;VENCIMENTOS E VANTAGENS FIXAS - PESSOAL CIVIL;319011-9;NAO SE APLICA;-9;NAO SE APLICA;-9;NAO SE APLICA;-9;NAO SE APLICA;NAO SE APLICA;-9;-9;-9;2018NECT - AUTORIDADES ELEITORAIS.  MEMBROS JUIZES SUBSTITUTOS.;-9;NAO SE APLICA;;;;;(100.000,00);;;;;;;;;;;;;;;
14107;TRIBUNAL REGIONAL ELEITORAL DO DIST. FEDERAL;070025;TRIBUNAL REGIONAL ELEITORAL DO D. FEDERAL;02122057020TP0053;20TP;ATIVOS CIVIS DA UNIAO;0000;ATIVOS CIVIS DA UNIAO;084774;FOL JETJUS;SESSOES ORDINARIAS - JUIZES SUBST.;0100;RECURSOS ORDINARIOS;1;ORCAMENTO FISCAL;3;DESPESAS CORRENTES;1;PESSOAL E ENCARGOS SOCIAIS;11;VENCIMENTOS E VANTAGENS FIXAS - PESSOAL CIVIL;319011;VENCIMENTOS E VANTAGENS FIXAS - PESSOAL CIVIL;319011-9;NAO SE APLICA;-9;NAO SE APLICA;-9;NAO SE APLICA;-9;NAO SE APLICA;NAO SE APLICA;-9;-9;-9;ALTERACAO PARA EMISSAO DE NE. DESPESAS DE PESSOAL.;-9;NAO SE APLICA;100.000,00;100.000,00;;;100.000,00;;;;;;;;;;;;;;;
14107;TRIBUNAL REGIONAL ELEITORAL DO DIST. FEDERAL;070025;TRIBUNAL REGIONAL ELEITORAL DO D. FEDERAL;02122057020TP0053;20TP;ATIVOS CIVIS DA UNIAO;0000;ATIVOS CIVIS DA UNIAO;084774;FOL JETJUS;SESSOES ORDINARIAS - JUIZES SUBST.;0100;RECURSOS ORDINARIOS;1;ORCAMENTO FISCAL;3;DESPESAS CORRENTES;1;PESSOAL E ENCARGOS SOCIAIS;11;VENCIMENTOS E VANTAGENS FIXAS - PESSOAL CIVIL;319011;VENCIMENTOS E VANTAGENS FIXAS - PESSOAL CIVIL;31901175;REPRESENTACAO MENSAL;5;GLOBAL;08;NAO SE APLICA;-8;03/01/2018;JAN/2018;2018;070025000012018NE000003;AUT. ELEITORAIS;2018NECT - AUTORIDADES ELEITORAIS.  MEMBROS JUIZES SUBSTITUTOS.;070025;TRIBUNAL REGIONAL ELEITORAL DO D. FEDERAL;;;;;;;;100.000,00;;;;;;;;;;;;
14107;TRIBUNAL REGIONAL ELEITORAL DO DIST. FEDERAL;070025;TRIBUNAL REGIONAL ELEITORAL DO D. FEDERAL;02122057020TP0053;20TP;ATIVOS CIVIS DA UNIAO;0000;ATIVOS CIVIS DA UNIAO;084774;FOL JETJUS;SESSOES ORDINARIAS - JUIZES SUBST.;0100;RECURSOS ORDINARIOS;1;ORCAMENTO FISCAL;3;DESPESAS CORRENTES;1;PESSOAL E ENCARGOS SOCIAIS;11;VENCIMENTOS E VANTAGENS FIXAS - PESSOAL CIVIL;319011;VENCIMENTOS E VANTAGENS FIXAS - PESSOAL CIVIL;31901175;REPRESENTACAO MENSAL;5;GLOBAL;08;NAO SE APLICA;-8;03/01/2018;JAN/2018;2018;070025000012018NE000003;AUT. ELEITORAIS;FOLHA DE PAGAMENTO DAS AUTORIDADES ELEITORAIS REFERENTE AO MES DE ABRIL DE 2018. PA 0002427-86.2018.  INCLUSAO DOS DADOS DE PAGAMENTO.;070025;TRIBUNAL REGIONAL ELEITORAL DO D. FEDERAL;;;;;;;;0,00;0,00;10.055,43;;;;;;;;;0,00;10.055,43
14107;TRIBUNAL REGIONAL ELEITORAL DO DIST. FEDERAL;070025;TRIBUNAL REGIONAL ELEITORAL DO D. FEDERAL;02122057020TP0053;20TP;ATIVOS CIVIS DA UNIAO;0000;ATIVOS CIVIS DA UNIAO;084774;FOL JETJUS;SESSOES ORDINARIAS - JUIZES SUBST.;0100;RECURSOS ORDINARIOS;1;ORCAMENTO FISCAL;3;DESPESAS CORRENTES;1;PESSOAL E ENCARGOS SOCIAIS;11;VENCIMENTOS E VANTAGENS FIXAS - PESSOAL CIVIL;319011;VENCIMENTOS E VANTAGENS FIXAS - PESSOAL CIVIL;31901175;REPRESENTACAO MENSAL;5;GLOBAL;08;NAO SE APLICA;-8;03/01/2018;JAN/2018;2018;070025000012018NE000003;AUT. ELEITORAIS;FOLHA DE PAGAMENTO DAS AUTORIDADES ELEITORAIS REFERENTE AO MES DE ABRIL DE 2018. PA 0002427-86.2018.6.07.8100.;070025;TRIBUNAL REGIONAL ELEITORAL DO D. FEDERAL;;;;;;;;0,00;10.055,43;;;;;;;;;;10.055,43;
14107;TRIBUNAL REGIONAL ELEITORAL DO DIST. FEDERAL;070025;TRIBUNAL REGIONAL ELEITORAL DO D. FEDERAL;02122057020TP0053;20TP;ATIVOS CIVIS DA UNIAO;0000;ATIVOS CIVIS DA UNIAO;084774;FOL JETJUS;SESSOES ORDINARIAS - JUIZES SUBST.;0100;RECURSOS ORDINARIOS;1;ORCAMENTO FISCAL;3;DESPESAS CORRENTES;1;PESSOAL E ENCARGOS SOCIAIS;11;VENCIMENTOS E VANTAGENS FIXAS - PESSOAL CIVIL;319011;VENCIMENTOS E VANTAGENS FIXAS - PESSOAL CIVIL;31901175;REPRESENTACAO MENSAL;5;GLOBAL;08;NAO SE APLICA;-8;03/01/2018;JAN/2018;2018;070025000012018NE000003;AUT. ELEITORAIS;FOLHA DE PAGAMENTO DAS AUTORIDADES ELEITORAIS REFERENTE AO MES DE FEVEREIRO DE 2018. PA 0001095-84.2018.6.07.8100.;070025;TRIBUNAL REGIONAL ELEITORAL DO D. FEDERAL;;;;;;;;0,00;4.570,65;;;;;;;;;;4.570,65;
14107;TRIBUNAL REGIONAL ELEITORAL DO DIST. FEDERAL;070025;TRIBUNAL REGIONAL ELEITORAL DO D. FEDERAL;02122057020TP0053;20TP;ATIVOS CIVIS DA UNIAO;0000;ATIVOS CIVIS DA UNIAO;084774;FOL JETJUS;SESSOES ORDINARIAS - JUIZES SUBST.;0100;RECURSOS ORDINARIOS;1;ORCAMENTO FISCAL;3;DESPESAS CORRENTES;1;PESSOAL E ENCARGOS SOCIAIS;11;VENCIMENTOS E VANTAGENS FIXAS - PESSOAL CIVIL;319011;VENCIMENTOS E VANTAGENS FIXAS - PESSOAL CIVIL;31901175;REPRESENTACAO MENSAL;5;GLOBAL;08;NAO SE APLICA;-8;03/01/2018;JAN/2018;2018;070025000012018NE000003;AUT. ELEITORAIS;FOLHA DE PAGAMENTO DAS AUTORIDADES ELEITORAIS REFERENTE AO MES DE JANEIRO DE 2018. PA 0000614-24.2018.6.07.8100.;070025;TRIBUNAL REGIONAL ELEITORAL DO D. FEDERAL;;;;;;;;0,00;6.398,91;;;;;;;;;;6.398,91;
14107;TRIBUNAL REGIONAL ELEITORAL DO DIST. FEDERAL;070025;TRIBUNAL REGIONAL ELEITORAL DO D. FEDERAL;02122057020TP0053;20TP;ATIVOS CIVIS DA UNIAO;0000;ATIVOS CIVIS DA UNIAO;084774;FOL JETJUS;SESSOES ORDINARIAS - JUIZES SUBST.;0100;RECURSOS ORDINARIOS;1;ORCAMENTO FISCAL;3;DESPESAS CORRENTES;1;PESSOAL E ENCARGOS SOCIAIS;11;VENCIMENTOS E VANTAGENS FIXAS - PESSOAL CIVIL;319011;VENCIMENTOS E VANTAGENS FIXAS - PESSOAL CIVIL;31901175;REPRESENTACAO MENSAL;5;GLOBAL;08;NAO SE APLICA;-8;03/01/2018;JAN/2018;2018;070025000012018NE000003;AUT. ELEITORAIS;FOLHA DE PAGAMENTO DAS AUTORIDADES ELEITORAIS REFERENTE AO MES DE JANEIRO DE 2018. PA 0000614-24.2018.6.07.8100.DADOS BANCARIOS OUTROS BANCOS;070025;TRIBUNAL REGIONAL ELEITORAL DO D. FEDERAL;;;;;;;;0,00;0,00;6.398,91;;;;;;;;;0,00;6.398,91
14107;TRIBUNAL REGIONAL ELEITORAL DO DIST. FEDERAL;070025;TRIBUNAL REGIONAL ELEITORAL DO D. FEDERAL;02122057020TP0053;20TP;ATIVOS CIVIS DA UNIAO;0000;ATIVOS CIVIS DA UNIAO;084774;FOL JETJUS;SESSOES ORDINARIAS - JUIZES SUBST.;0100;RECURSOS ORDINARIOS;1;ORCAMENTO FISCAL;3;DESPESAS CORRENTES;1;PESSOAL E ENCARGOS SOCIAIS;11;VENCIMENTOS E VANTAGENS FIXAS - PESSOAL CIVIL;319011;VENCIMENTOS E VANTAGENS FIXAS - PESSOAL CIVIL;31901175;REPRESENTACAO MENSAL;5;GLOBAL;08;NAO SE APLICA;-8;03/01/2018;JAN/2018;2018;070025000012018NE000003;AUT. ELEITORAIS;FOLHA DE PAGAMENTO DAS AUTORIDADES ELEITORAIS REFERENTE AO MES DE MARCO DE 2018. PA 0001776-54.2018.6.07.8100.;070025;TRIBUNAL REGIONAL ELEITORAL DO D. FEDERAL;;;;;;;;0,00;10.969,56;;;;;;;;;;10.969,56;
14107;TRIBUNAL REGIONAL ELEITORAL DO DIST. FEDERAL;070025;TRIBUNAL REGIONAL ELEITORAL DO D. FEDERAL;02122057020TP0053;20TP;ATIVOS CIVIS DA UNIAO;0000;ATIVOS CIVIS DA UNIAO;084774;FOL JETJUS;SESSOES ORDINARIAS - JUIZES SUBST.;0100;RECURSOS ORDINARIOS;1;ORCAMENTO FISCAL;3;DESPESAS CORRENTES;1;PESSOAL E ENCARGOS SOCIAIS;11;VENCIMENTOS E VANTAGENS FIXAS - PESSOAL CIVIL;319011;VENCIMENTOS E VANTAGENS FIXAS - PESSOAL CIVIL;31901175;REPRESENTACAO MENSAL;5;GLOBAL;08;NAO SE APLICA;-8;03/01/2018;JAN/2018;2018;070025000012018NE000003;AUT. ELEITORAIS;FOLHA DE PAGAMENTO DAS AUTORIDADES ELEITORAIS REFERENTE AO MES DE MARCO DE 2018. PA 0001776-54.2018.6.07.8100. DADOS BANCARIOS - OUTROS BANCOS.;070025;TRIBUNAL REGIONAL ELEITORAL DO D. FEDERAL;;;;;;;;0,00;0,00;10.969,56;;;;;;;;;0,00;10.969,56
14107;TRIBUNAL REGIONAL ELEITORAL DO DIST. FEDERAL;070025;TRIBUNAL REGIONAL ELEITORAL DO D. FEDERAL;02122057020TP0053;20TP;ATIVOS CIVIS DA UNIAO;0000;ATIVOS CIVIS DA UNIAO;084774;FOL JETJUS;SESSOES ORDINARIAS - JUIZES SUBST.;0100;RECURSOS ORDINARIOS;1;ORCAMENTO FISCAL;3;DESPESAS CORRENTES;1;PESSOAL E ENCARGOS SOCIAIS;11;VENCIMENTOS E VANTAGENS FIXAS - PESSOAL CIVIL;319011;VENCIMENTOS E VANTAGENS FIXAS - PESSOAL CIVIL;31901175;REPRESENTACAO MENSAL;5;GLOBAL;08;NAO SE APLICA;-8;03/01/2018;JAN/2018;2018;070025000012018NE000003;AUT. ELEITORAIS;FOLHA DE PAGAMENTO DAS AUTORIDADES ELEITORAIS REFERENTES AO MES DE FEVEREIRO DE 2018. PA 0001095-84.2018.6.07.8100. DADOS BANCARIOS (OUTROS BANCOS).;070025;TRIBUNAL REGIONAL ELEITORAL DO D. FEDERAL;;;;;;;;0,00;0,00;4.570,65;;;;;;;;;0,00;4.570,65
14107;TRIBUNAL REGIONAL ELEITORAL DO DIST. FEDERAL;070025;TRIBUNAL REGIONAL ELEITORAL DO D. FEDERAL;02122057020TP0053;20TP;ATIVOS CIVIS DA UNIAO;0000;ATIVOS CIVIS DA UNIAO;084774;FOL JETJUT;SESSOES ORDINARIAS - JUIZES TITUL.;0100;RECURSOS ORDINARIOS;1;ORCAMENTO FISCAL;3;DESPESAS CORRENTES;1;PESSOAL E ENCARGOS SOCIAIS;11;VENCIMENTOS E VANTAGENS FIXAS - PESSOAL CIVIL;319011;VENCIMENTOS E VANTAGENS FIXAS - PESSOAL CIVIL;319011-9;NAO SE APLICA;-9;NAO SE APLICA;-9;NAO SE APLICA;-9;NAO SE APLICA;NAO SE APLICA;-9;-9;-9;2018NECT - AUTORIDADES ELEITORAIS. MEMBROS JUIZES TITULARES.;-9;NAO SE APLICA;;;;;(430.000,00);;;;;;;;;;;;;;;
14107;TRIBUNAL REGIONAL ELEITORAL DO DIST. FEDERAL;070025;TRIBUNAL REGIONAL ELEITORAL DO D. FEDERAL;02122057020TP0053;20TP;ATIVOS CIVIS DA UNIAO;0000;ATIVOS CIVIS DA UNIAO;084774;FOL JETJUT;SESSOES ORDINARIAS - JUIZES TITUL.;0100;RECURSOS ORDINARIOS;1;ORCAMENTO FISCAL;3;DESPESAS CORRENTES;1;PESSOAL E ENCARGOS SOCIAIS;11;VENCIMENTOS E VANTAGENS FIXAS - PESSOAL CIVIL;319011;VENCIMENTOS E VANTAGENS FIXAS - PESSOAL CIVIL;319011-9;NAO SE APLICA;-9;NAO SE APLICA;-9;NAO SE APLICA;-9;NAO SE APLICA;NAO SE APLICA;-9;-9;-9;ALTERACAO PARA EMISSAO DE NE. DESPESAS DE PESSOAL.;-9;NAO SE APLICA;430.000,00;430.000,00;;;430.000,00;;;;;;;;;;;;;;;
14107;TRIBUNAL REGIONAL ELEITORAL DO DIST. FEDERAL;070025;TRIBUNAL REGIONAL ELEITORAL DO D. FEDERAL;02122057020TP0053;20TP;ATIVOS CIVIS DA UNIAO;0000;ATIVOS CIVIS DA UNIAO;084774;FOL JETJUT;SESSOES ORDINARIAS - JUIZES TITUL.;0100;RECURSOS ORDINARIOS;1;ORCAMENTO FISCAL;3;DESPESAS CORRENTES;1;PESSOAL E ENCARGOS SOCIAIS;11;VENCIMENTOS E VANTAGENS FIXAS - PESSOAL CIVIL;319011;VENCIMENTOS E VANTAGENS FIXAS - PESSOAL CIVIL;31901175;REPRESENTACAO MENSAL;5;GLOBAL;08;NAO SE APLICA;-8;03/01/2018;JAN/2018;2018;070025000012018NE000002;AUT. ELEITORAIS;2018NECT - AUTORIDADES ELEITORAIS. MEMBROS JUIZES TITULARES.;070025;TRIBUNAL REGIONAL ELEITORAL DO D. FEDERAL;;;;;;;;430.000,00;;;;;;;;;;;;
14107;TRIBUNAL REGIONAL ELEITORAL DO DIST. FEDERAL;070025;TRIBUNAL REGIONAL ELEITORAL DO D. FEDERAL;02122057020TP0053;20TP;ATIVOS CIVIS DA UNIAO;0000;ATIVOS CIVIS DA UNIAO;084774;FOL JETJUT;SESSOES ORDINARIAS - JUIZES TITUL.;0100;RECURSOS ORDINARIOS;1;ORCAMENTO FISCAL;3;DESPESAS CORRENTES;1;PESSOAL E ENCARGOS SOCIAIS;11;VENCIMENTOS E VANTAGENS FIXAS - PESSOAL CIVIL;319011;VENCIMENTOS E VANTAGENS FIXAS - PESSOAL CIVIL;31901175;REPRESENTACAO MENSAL;5;GLOBAL;08;NAO SE APLICA;-8;03/01/2018;JAN/2018;2018;070025000012018NE000002;AUT. ELEITORAIS;FOLHA DE PAGAMENTO DAS AUTORIDADES ELEITORAIS REFERENTE AO MES DE ABRIL DE 2018. PA 0002427-86.2018.  INCLUSAO DOS DADOS DE PAGAMENTO.;070025;TRIBUNAL REGIONAL ELEITORAL DO D. FEDERAL;;;;;;;;0,00;0,00;15.797,16;;;;;;;;;0,00;15.797,16
14107;TRIBUNAL REGIONAL ELEITORAL DO DIST. FEDERAL;070025;TRIBUNAL REGIONAL ELEITORAL DO D. FEDERAL;02122057020TP0053;20TP;ATIVOS CIVIS DA UNIAO;0000;ATIVOS CIVIS DA UNIAO;084774;FOL JETJUT;SESSOES ORDINARIAS - JUIZES TITUL.;0100;RECURSOS ORDINARIOS;1;ORCAMENTO FISCAL;3;DESPESAS CORRENTES;1;PESSOAL E ENCARGOS SOCIAIS;11;VENCIMENTOS E VANTAGENS FIXAS - PESSOAL CIVIL;319011;VENCIMENTOS E VANTAGENS FIXAS - PESSOAL CIVIL;31901175;REPRESENTACAO MENSAL;5;GLOBAL;08;NAO SE APLICA;-8;03/01/2018;JAN/2018;2018;070025000012018NE000002;AUT. ELEITORAIS;FOLHA DE PAGAMENTO DAS AUTORIDADES ELEITORAIS REFERENTE AO MES DE ABRIL DE 2018. PA 0002427-86.2018.6.07.8100.;070025;TRIBUNAL REGIONAL ELEITORAL DO D. FEDERAL;;;;;;;;0,00;35.651,07;;;;;;;;;;35.651,07;
14107;TRIBUNAL REGIONAL ELEITORAL DO DIST. FEDERAL;070025;TRIBUNAL REGIONAL ELEITORAL DO D. FEDERAL;02122057020TP0053;20TP;ATIVOS CIVIS DA UNIAO;0000;ATIVOS CIVIS DA UNIAO;084774;FOL JETJUT;SESSOES ORDINARIAS - JUIZES TITUL.;0100;RECURSOS ORDINARIOS;1;ORCAMENTO FISCAL;3;DESPESAS CORRENTES;1;PESSOAL E ENCARGOS SOCIAIS;11;VENCIMENTOS E VANTAGENS FIXAS - PESSOAL CIVIL;319011;VENCIMENTOS E VANTAGENS FIXAS - PESSOAL CIVIL;31901175;REPRESENTACAO MENSAL;5;GLOBAL;08;NAO SE APLICA;-8;03/01/2018;JAN/2018;2018;070025000012018NE000002;AUT. ELEITORAIS;FOLHA DE PAGAMENTO DAS AUTORIDADES ELEITORAIS REFERENTE AO MES DE ABRIL DE 2018. PA 0002427-86.2018.6.07.8100. ŽRECOLHIMENTO DO IRRF.;070025;TRIBUNAL REGIONAL ELEITORAL DO D. FEDERAL;;;;;;;;0,00;0,00;19.375,55;;;;;;;;;0,00;19.375,55
14107;TRIBUNAL REGIONAL ELEITORAL DO DIST. FEDERAL;070025;TRIBUNAL REGIONAL ELEITORAL DO D. FEDERAL;02122057020TP0053;20TP;ATIVOS CIVIS DA UNIAO;0000;ATIVOS CIVIS DA UNIAO;084774;FOL JETJUT;SESSOES ORDINARIAS - JUIZES TITUL.;0100;RECURSOS ORDINARIOS;1;ORCAMENTO FISCAL;3;DESPESAS CORRENTES;1;PESSOAL E ENCARGOS SOCIAIS;11;VENCIMENTOS E VANTAGENS FIXAS - PESSOAL CIVIL;319011;VENCIMENTOS E VANTAGENS FIXAS - PESSOAL CIVIL;31901175;REPRESENTACAO MENSAL;5;GLOBAL;08;NAO SE APLICA;-8;03/01/2018;JAN/2018;2018;070025000012018NE000002;AUT. ELEITORAIS;FOLHA DE PAGAMENTO DAS AUTORIDADES ELEITORAIS REFERENTE AO MES DE ABRIL DE 2018. PA 0002427-86.2018.6.07.PENSAO ALIMENTICIA BRB.;070025;TRIBUNAL REGIONAL ELEITORAL DO D. FEDERAL;;;;;;;;0,00;0,00;478,36;;;;;;;;;0,00;478,36
14107;TRIBUNAL REGIONAL ELEITORAL DO DIST. FEDERAL;070025;TRIBUNAL REGIONAL ELEITORAL DO D. FEDERAL;02122057020TP0053;20TP;ATIVOS CIVIS DA UNIAO;0000;ATIVOS CIVIS DA UNIAO;084774;FOL JETJUT;SESSOES ORDINARIAS - JUIZES TITUL.;0100;RECURSOS ORDINARIOS;1;ORCAMENTO FISCAL;3;DESPESAS CORRENTES;1;PESSOAL E ENCARGOS SOCIAIS;11;VENCIMENTOS E VANTAGENS FIXAS - PESSOAL CIVIL;319011;VENCIMENTOS E VANTAGENS FIXAS - PESSOAL CIVIL;31901175;REPRESENTACAO MENSAL;5;GLOBAL;08;NAO SE APLICA;-8;03/01/2018;JAN/2018;2018;070025000012018NE000002;AUT. ELEITORAIS;FOLHA DE PAGAMENTO DAS AUTORIDADES ELEITORAIS REFERENTE AO MES DE FEVEREIRO DE 2018. PA 0001095-84.2018.6.07.8100.;070025;TRIBUNAL REGIONAL ELEITORAL DO D. FEDERAL;;;;;;;;0,00;39.307,59;;;;;;;;;;39.307,59;
14107;TRIBUNAL REGIONAL ELEITORAL DO DIST. FEDERAL;070025;TRIBUNAL REGIONAL ELEITORAL DO D. FEDERAL;02122057020TP0053;20TP;ATIVOS CIVIS DA UNIAO;0000;ATIVOS CIVIS DA UNIAO;084774;FOL JETJUT;SESSOES ORDINARIAS - JUIZES TITUL.;0100;RECURSOS ORDINARIOS;1;ORCAMENTO FISCAL;3;DESPESAS CORRENTES;1;PESSOAL E ENCARGOS SOCIAIS;11;VENCIMENTOS E VANTAGENS FIXAS - PESSOAL CIVIL;319011;VENCIMENTOS E VANTAGENS FIXAS - PESSOAL CIVIL;31901175;REPRESENTACAO MENSAL;5;GLOBAL;08;NAO SE APLICA;-8;03/01/2018;JAN/2018;2018;070025000012018NE000002;AUT. ELEITORAIS;FOLHA DE PAGAMENTO DAS AUTORIDADES ELEITORAIS REFERENTE AO MES DE JANEIRO DE 2018. PA 0000614-24.2018.6.07.8100.;070025;TRIBUNAL REGIONAL ELEITORAL DO D. FEDERAL;;;;;;;;0,00;19.196,73;;;;;;;;;;19.196,73;
14107;TRIBUNAL REGIONAL ELEITORAL DO DIST. FEDERAL;070025;TRIBUNAL REGIONAL ELEITORAL DO D. FEDERAL;02122057020TP0053;20TP;ATIVOS CIVIS DA UNIAO;0000;ATIVOS CIVIS DA UNIAO;084774;FOL JETJUT;SESSOES ORDINARIAS - JUIZES TITUL.;0100;RECURSOS ORDINARIOS;1;ORCAMENTO FISCAL;3;DESPESAS CORRENTES;1;PESSOAL E ENCARGOS SOCIAIS;11;VENCIMENTOS E VANTAGENS FIXAS - PESSOAL CIVIL;319011;VENCIMENTOS E VANTAGENS FIXAS - PESSOAL CIVIL;31901175;REPRESENTACAO MENSAL;5;GLOBAL;08;NAO SE APLICA;-8;03/01/2018;JAN/2018;2018;070025000012018NE000002;AUT. ELEITORAIS;FOLHA DE PAGAMENTO DAS AUTORIDADES ELEITORAIS REFERENTE AO MES DE JANEIRO DE 2018. PA 0000614-24.2018.6.07.8100. RECOLHIMENTO DE IRRF;070025;TRIBUNAL REGIONAL ELEITORAL DO D. FEDERAL;;;;;;;;0,00;0,00;9.683,91;;;;;;;;;0,00;9.683,91
14107;TRIBUNAL REGIONAL ELEITORAL DO DIST. FEDERAL;070025;TRIBUNAL REGIONAL ELEITORAL DO D. FEDERAL;02122057020TP0053;20TP;ATIVOS CIVIS DA UNIAO;0000;ATIVOS CIVIS DA UNIAO;084774;FOL JETJUT;SESSOES ORDINARIAS - JUIZES TITUL.;0100;RECURSOS ORDINARIOS;1;ORCAMENTO FISCAL;3;DESPESAS CORRENTES;1;PESSOAL E ENCARGOS SOCIAIS;11;VENCIMENTOS E VANTAGENS FIXAS - PESSOAL CIVIL;319011;VENCIMENTOS E VANTAGENS FIXAS - PESSOAL CIVIL;31901175;REPRESENTACAO MENSAL;5;GLOBAL;08;NAO SE APLICA;-8;03/01/2018;JAN/2018;2018;070025000012018NE000002;AUT. ELEITORAIS;FOLHA DE PAGAMENTO DAS AUTORIDADES ELEITORAIS REFERENTE AO MES DE JANEIRO DE 2018. PA 0000614-24.2018.6.07.8100.DADOS BANCARIOS OUTROS BANCOS;070025;TRIBUNAL REGIONAL ELEITORAL DO D. FEDERAL;;;;;;;;0,00;0,00;6.996,83;;;;;;;;;0,00;6.996,83
14107;TRIBUNAL REGIONAL ELEITORAL DO DIST. FEDERAL;070025;TRIBUNAL REGIONAL ELEITORAL DO D. FEDERAL;02122057020TP0053;20TP;ATIVOS CIVIS DA UNIAO;0000;ATIVOS CIVIS DA UNIAO;084774;FOL JETJUT;SESSOES ORDINARIAS - JUIZES TITUL.;0100;RECURSOS ORDINARIOS;1;ORCAMENTO FISCAL;3;DESPESAS CORRENTES;1;PESSOAL E ENCARGOS SOCIAIS;11;VENCIMENTOS E VANTAGENS FIXAS - PESSOAL CIVIL;319011;VENCIMENTOS E VANTAGENS FIXAS - PESSOAL CIVIL;31901175;REPRESENTACAO MENSAL;5;GLOBAL;08;NAO SE APLICA;-8;03/01/2018;JAN/2018;2018;070025000012018NE000002;AUT. ELEITORAIS;FOLHA DE PAGAMENTO DAS AUTORIDADES ELEITORAIS REFERENTE AO MES DE JANEIRO DE 2018. PA 0000614-24.2018.6.07.8100.DESCONTO PENSAO ALIMNTICIA P/ BB;070025;TRIBUNAL REGIONAL ELEITORAL DO D. FEDERAL;;;;;;;;0,00;0,00;1.774,76;;;;;;;;;0,00;1.774,76
14107;TRIBUNAL REGIONAL ELEITORAL DO DIST. FEDERAL;070025;TRIBUNAL REGIONAL ELEITORAL DO D. FEDERAL;02122057020TP0053;20TP;ATIVOS CIVIS DA UNIAO;0000;ATIVOS CIVIS DA UNIAO;084774;FOL JETJUT;SESSOES ORDINARIAS - JUIZES TITUL.;0100;RECURSOS ORDINARIOS;1;ORCAMENTO FISCAL;3;DESPESAS CORRENTES;1;PESSOAL E ENCARGOS SOCIAIS;11;VENCIMENTOS E VANTAGENS FIXAS - PESSOAL CIVIL;319011;VENCIMENTOS E VANTAGENS FIXAS - PESSOAL CIVIL;31901175;REPRESENTACAO MENSAL;5;GLOBAL;08;NAO SE APLICA;-8;03/01/2018;JAN/2018;2018;070025000012018NE000002;AUT. ELEITORAIS;FOLHA DE PAGAMENTO DAS AUTORIDADES ELEITORAIS REFERENTE AO MES DE JANEIRO DE 2018. PA 0000614-24.2018.6.07.8100.DESCONTO PENSAO ALIMNTICIA P/ BRADESCO;070025;TRIBUNAL REGIONAL ELEITORAL DO D. FEDERAL;;;;;;;;0,00;0,00;741,23;;;;;;;;;0,00;741,23
14107;TRIBUNAL REGIONAL ELEITORAL DO DIST. FEDERAL;070025;TRIBUNAL REGIONAL ELEITORAL DO D. FEDERAL;02122057020TP0053;20TP;ATIVOS CIVIS DA UNIAO;0000;ATIVOS CIVIS DA UNIAO;084774;FOL JETJUT;SESSOES ORDINARIAS - JUIZES TITUL.;0100;RECURSOS ORDINARIOS;1;ORCAMENTO FISCAL;3;DESPESAS CORRENTES;1;PESSOAL E ENCARGOS SOCIAIS;11;VENCIMENTOS E VANTAGENS FIXAS - PESSOAL CIVIL;319011;VENCIMENTOS E VANTAGENS FIXAS - PESSOAL CIVIL;31901175;REPRESENTACAO MENSAL;5;GLOBAL;08;NAO SE APLICA;-8;03/01/2018;JAN/2018;2018;070025000012018NE000002;AUT. ELEITORAIS;FOLHA DE PAGAMENTO DAS AUTORIDADES ELEITORAIS REFERENTE AO MES DE MARCO DE 2018. PA 0001776-54.2018.6.07.8100.;070025;TRIBUNAL REGIONAL ELEITORAL DO D. FEDERAL;;;;;;;;0,00;39.307,59;;;;;;;;;;39.307,59;
14107;TRIBUNAL REGIONAL ELEITORAL DO DIST. FEDERAL;070025;TRIBUNAL REGIONAL ELEITORAL DO D. FEDERAL;02122057020TP0053;20TP;ATIVOS CIVIS DA UNIAO;0000;ATIVOS CIVIS DA UNIAO;084774;FOL JETJUT;SESSOES ORDINARIAS - JUIZES TITUL.;0100;RECURSOS ORDINARIOS;1;ORCAMENTO FISCAL;3;DESPESAS CORRENTES;1;PESSOAL E ENCARGOS SOCIAIS;11;VENCIMENTOS E VANTAGENS FIXAS - PESSOAL CIVIL;319011;VENCIMENTOS E VANTAGENS FIXAS - PESSOAL CIVIL;31901175;REPRESENTACAO MENSAL;5;GLOBAL;08;NAO SE APLICA;-8;03/01/2018;JAN/2018;2018;070025000012018NE000002;AUT. ELEITORAIS;FOLHA DE PAGAMENTO DAS AUTORIDADES ELEITORAIS REFERENTE AO MES DE MARCO DE 2018. PA 0001776-54.2018.6.07.8100. DADOS BANCARIOS - OUTROS BANCOS.;070025;TRIBUNAL REGIONAL ELEITORAL DO D. FEDERAL;;;;;;;;0,00;0,00;15.785,08;;;;;;;;;0,00;15.785,08
14107;TRIBUNAL REGIONAL ELEITORAL DO DIST. FEDERAL;070025;TRIBUNAL REGIONAL ELEITORAL DO D. FEDERAL;02122057020TP0053;20TP;ATIVOS CIVIS DA UNIAO;0000;ATIVOS CIVIS DA UNIAO;084774;FOL JETJUT;SESSOES ORDINARIAS - JUIZES TITUL.;0100;RECURSOS ORDINARIOS;1;ORCAMENTO FISCAL;3;DESPESAS CORRENTES;1;PESSOAL E ENCARGOS SOCIAIS;11;VENCIMENTOS E VANTAGENS FIXAS - PESSOAL CIVIL;319011;VENCIMENTOS E VANTAGENS FIXAS - PESSOAL CIVIL;31901175;REPRESENTACAO MENSAL;5;GLOBAL;08;NAO SE APLICA;-8;03/01/2018;JAN/2018;2018;070025000012018NE000002;AUT. ELEITORAIS;FOLHA DE PAGAMENTO DAS AUTORIDADES ELEITORAIS REFERENTE AO MES DE MARCO DE 2018. PA 0001776-54.2018.6.07.8100. DEDUCOES IRRF.;070025;TRIBUNAL REGIONAL ELEITORAL DO D. FEDERAL;;;;;;;;0,00;0,00;22.387,93;;;;;;;;;0,00;22.387,93
14107;TRIBUNAL REGIONAL ELEITORAL DO DIST. FEDERAL;070025;TRIBUNAL REGIONAL ELEITORAL DO D. FEDERAL;02122057020TP0053;20TP;ATIVOS CIVIS DA UNIAO;0000;ATIVOS CIVIS DA UNIAO;084774;FOL JETJUT;SESSOES ORDINARIAS - JUIZES TITUL.;0100;RECURSOS ORDINARIOS;1;ORCAMENTO FISCAL;3;DESPESAS CORRENTES;1;PESSOAL E ENCARGOS SOCIAIS;11;VENCIMENTOS E VANTAGENS FIXAS - PESSOAL CIVIL;319011;VENCIMENTOS E VANTAGENS FIXAS - PESSOAL CIVIL;31901175;REPRESENTACAO MENSAL;5;GLOBAL;08;NAO SE APLICA;-8;03/01/2018;JAN/2018;2018;070025000012018NE000002;AUT. ELEITORAIS;FOLHA DE PAGAMENTO DAS AUTORIDADES ELEITORAIS REFERENTE AO MES DE MARCO DE 2018. PA 0001776-54.2018.6.07.8100. PENSAO ALIMENTICIA (BB).;070025;TRIBUNAL REGIONAL ELEITORAL DO D. FEDERAL;;;;;;;;0,00;0,00;627,50;;;;;;;;;0,00;627,50
14107;TRIBUNAL REGIONAL ELEITORAL DO DIST. FEDERAL;070025;TRIBUNAL REGIONAL ELEITORAL DO D. FEDERAL;02122057020TP0053;20TP;ATIVOS CIVIS DA UNIAO;0000;ATIVOS CIVIS DA UNIAO;084774;FOL JETJUT;SESSOES ORDINARIAS - JUIZES TITUL.;0100;RECURSOS ORDINARIOS;1;ORCAMENTO FISCAL;3;DESPESAS CORRENTES;1;PESSOAL E ENCARGOS SOCIAIS;11;VENCIMENTOS E VANTAGENS FIXAS - PESSOAL CIVIL;319011;VENCIMENTOS E VANTAGENS FIXAS - PESSOAL CIVIL;31901175;REPRESENTACAO MENSAL;5;GLOBAL;08;NAO SE APLICA;-8;03/01/2018;JAN/2018;2018;070025000012018NE000002;AUT. ELEITORAIS;FOLHA DE PAGAMENTO DAS AUTORIDADES ELEITORAIS REFERENTE AO MES DE MARCO DE 2018. PA 0001776-54.2018.6.07.8100. PENSAO ALIMENTICIA (OUTROS BANCOS);070025;TRIBUNAL REGIONAL ELEITORAL DO D. FEDERAL;;;;;;;;0,00;0,00;507,08;;;;;;;;;0,00;507,08
14107;TRIBUNAL REGIONAL ELEITORAL DO DIST. FEDERAL;070025;TRIBUNAL REGIONAL ELEITORAL DO D. FEDERAL;02122057020TP0053;20TP;ATIVOS CIVIS DA UNIAO;0000;ATIVOS CIVIS DA UNIAO;084774;FOL JETJUT;SESSOES ORDINARIAS - JUIZES TITUL.;0100;RECURSOS ORDINARIOS;1;ORCAMENTO FISCAL;3;DESPESAS CORRENTES;1;PESSOAL E ENCARGOS SOCIAIS;11;VENCIMENTOS E VANTAGENS FIXAS - PESSOAL CIVIL;319011;VENCIMENTOS E VANTAGENS FIXAS - PESSOAL CIVIL;31901175;REPRESENTACAO MENSAL;5;GLOBAL;08;NAO SE APLICA;-8;03/01/2018;JAN/2018;2018;070025000012018NE000002;AUT. ELEITORAIS;FOLHA DE PAGAMENTO DAS AUTORIDADES ELEITORAIS REFERENTES AO MES DE FEVEREIRO DE 2018. PA 0001095-84.2018.6.07.8100;070025;TRIBUNAL REGIONAL ELEITORAL DO D. FEDERAL;;;;;;;;0,00;0,00;19.504,23;;;;;;;;;0,00;19.504,23
14107;TRIBUNAL REGIONAL ELEITORAL DO DIST. FEDERAL;070025;TRIBUNAL REGIONAL ELEITORAL DO D. FEDERAL;02122057020TP0053;20TP;ATIVOS CIVIS DA UNIAO;0000;ATIVOS CIVIS DA UNIAO;084774;FOL JETJUT;SESSOES ORDINARIAS - JUIZES TITUL.;0100;RECURSOS ORDINARIOS;1;ORCAMENTO FISCAL;3;DESPESAS CORRENTES;1;PESSOAL E ENCARGOS SOCIAIS;11;VENCIMENTOS E VANTAGENS FIXAS - PESSOAL CIVIL;319011;VENCIMENTOS E VANTAGENS FIXAS - PESSOAL CIVIL;31901175;REPRESENTACAO MENSAL;5;GLOBAL;08;NAO SE APLICA;-8;03/01/2018;JAN/2018;2018;070025000012018NE000002;AUT. ELEITORAIS;FOLHA DE PAGAMENTO DAS AUTORIDADES ELEITORAIS REFERENTES AO MES DE FEVEREIRO DE 2018. PA 0001095-84.2018.6.07.8100. DADOS BANCARIOS (OUTROS BANCOS).;070025;TRIBUNAL REGIONAL ELEITORAL DO D. FEDERAL;;;;;;;;0,00;0,00;17.521,52;;;;;;;;;0,00;17.521,52
14107;TRIBUNAL REGIONAL ELEITORAL DO DIST. FEDERAL;070025;TRIBUNAL REGIONAL ELEITORAL DO D. FEDERAL;02122057020TP0053;20TP;ATIVOS CIVIS DA UNIAO;0000;ATIVOS CIVIS DA UNIAO;084774;FOL JETJUT;SESSOES ORDINARIAS - JUIZES TITUL.;0100;RECURSOS ORDINARIOS;1;ORCAMENTO FISCAL;3;DESPESAS CORRENTES;1;PESSOAL E ENCARGOS SOCIAIS;11;VENCIMENTOS E VANTAGENS FIXAS - PESSOAL CIVIL;319011;VENCIMENTOS E VANTAGENS FIXAS - PESSOAL CIVIL;31901175;REPRESENTACAO MENSAL;5;GLOBAL;08;NAO SE APLICA;-8;03/01/2018;JAN/2018;2018;070025000012018NE000002;AUT. ELEITORAIS;FOLHA DE PAGAMENTO DAS AUTORIDADES ELEITORAIS REFERENTES AO MES DE FEVEREIRO DE 2018. PA 0001095-84.2018.6.07.8100. DEDUCOES PENSAO ALIMENTICIA (BB).;070025;TRIBUNAL REGIONAL ELEITORAL DO D. FEDERAL;;;;;;;;0,00;0,00;1.774,76;;;;;;;;;0,00;1.774,76
14107;TRIBUNAL REGIONAL ELEITORAL DO DIST. FEDERAL;070025;TRIBUNAL REGIONAL ELEITORAL DO D. FEDERAL;02122057020TP0053;20TP;ATIVOS CIVIS DA UNIAO;0000;ATIVOS CIVIS DA UNIAO;084774;FOL JETJUT;SESSOES ORDINARIAS - JUIZES TITUL.;0100;RECURSOS ORDINARIOS;1;ORCAMENTO FISCAL;3;DESPESAS CORRENTES;1;PESSOAL E ENCARGOS SOCIAIS;11;VENCIMENTOS E VANTAGENS FIXAS - PESSOAL CIVIL;319011;VENCIMENTOS E VANTAGENS FIXAS - PESSOAL CIVIL;31901175;REPRESENTACAO MENSAL;5;GLOBAL;08;NAO SE APLICA;-8;03/01/2018;JAN/2018;2018;070025000012018NE000002;AUT. ELEITORAIS;FOLHA DE PAGAMENTO DAS AUTORIDADES ELEITORAIS REFERENTES AO MES DE FEVEREIRO DE 2018. PA 0001095-84.2018.6.07.8100. DEDUCOES PENSAO ALIMENTICIA (OUTROS BANCOS).;070025;TRIBUNAL REGIONAL ELEITORAL DO D. FEDERAL;;;;;;;;0,00;0,00;507,08;;;;;;;;;0,00;507,08
14107;TRIBUNAL REGIONAL ELEITORAL DO DIST. FEDERAL;070025;TRIBUNAL REGIONAL ELEITORAL DO D. FEDERAL;02122057020TP0053;20TP;ATIVOS CIVIS DA UNIAO;0000;ATIVOS CIVIS DA UNIAO;084774;FOL JETPRS;SESSOES ORDINARIAS - PROC. SUBST.;0100;RECURSOS ORDINARIOS;1;ORCAMENTO FISCAL;3;DESPESAS CORRENTES;1;PESSOAL E ENCARGOS SOCIAIS;11;VENCIMENTOS E VANTAGENS FIXAS - PESSOAL CIVIL;319011;VENCIMENTOS E VANTAGENS FIXAS - PESSOAL CIVIL;319011-9;NAO SE APLICA;-9;NAO SE APLICA;-9;NAO SE APLICA;-9;NAO SE APLICA;NAO SE APLICA;-9;-9;-9;2018NECT - AUTORIDADES ELEITORAIS. MEMBRO PROCURADOR SUBSTITUTO.;-9;NAO SE APLICA;;;;;(10.000,00);;;;;;;;;;;;;;;
14107;TRIBUNAL REGIONAL ELEITORAL DO DIST. FEDERAL;070025;TRIBUNAL REGIONAL ELEITORAL DO D. FEDERAL;02122057020TP0053;20TP;ATIVOS CIVIS DA UNIAO;0000;ATIVOS CIVIS DA UNIAO;084774;FOL JETPRS;SESSOES ORDINARIAS - PROC. SUBST.;0100;RECURSOS ORDINARIOS;1;ORCAMENTO FISCAL;3;DESPESAS CORRENTES;1;PESSOAL E ENCARGOS SOCIAIS;11;VENCIMENTOS E VANTAGENS FIXAS - PESSOAL CIVIL;319011;VENCIMENTOS E VANTAGENS FIXAS - PESSOAL CIVIL;319011-9;NAO SE APLICA;-9;NAO SE APLICA;-9;NAO SE APLICA;-9;NAO SE APLICA;NAO SE APLICA;-9;-9;-9;ALTERACAO PARA EMISSAO DE NE. DESPESAS DE PESSOAL.;-9;NAO SE APLICA;10.000,00;10.000,00;;;10.000,00;;;;;;;;;;;;;;;
14107;TRIBUNAL REGIONAL ELEITORAL DO DIST. FEDERAL;070025;TRIBUNAL REGIONAL ELEITORAL DO D. FEDERAL;02122057020TP0053;20TP;ATIVOS CIVIS DA UNIAO;0000;ATIVOS CIVIS DA UNIAO;084774;FOL JETPRS;SESSOES ORDINARIAS - PROC. SUBST.;0100;RECURSOS ORDINARIOS;1;ORCAMENTO FISCAL;3;DESPESAS CORRENTES;1;PESSOAL E ENCARGOS SOCIAIS;11;VENCIMENTOS E VANTAGENS FIXAS - PESSOAL CIVIL;319011;VENCIMENTOS E VANTAGENS FIXAS - PESSOAL CIVIL;31901175;REPRESENTACAO MENSAL;5;GLOBAL;08;NAO SE APLICA;-8;03/01/2018;JAN/2018;2018;070025000012018NE000005;AUT. ELEITORAIS;2018NECT - AUTORIDADES ELEITORAIS. MEMBRO PROCURADOR SUBSTITUTO.;070025;TRIBUNAL REGIONAL ELEITORAL DO D. FEDERAL;;;;;;;;10.000,00;;;;;;;;;;;;
14107;TRIBUNAL REGIONAL ELEITORAL DO DIST. FEDERAL;070025;TRIBUNAL REGIONAL ELEITORAL DO D. FEDERAL;02122057020TP0053;20TP;ATIVOS CIVIS DA UNIAO;0000;ATIVOS CIVIS DA UNIAO;084774;FOL JETPRS;SESSOES ORDINARIAS - PROC. SUBST.;0100;RECURSOS ORDINARIOS;1;ORCAMENTO FISCAL;3;DESPESAS CORRENTES;1;PESSOAL E ENCARGOS SOCIAIS;11;VENCIMENTOS E VANTAGENS FIXAS - PESSOAL CIVIL;319011;VENCIMENTOS E VANTAGENS FIXAS - PESSOAL CIVIL;31901175;REPRESENTACAO MENSAL;5;GLOBAL;08;NAO SE APLICA;-8;03/01/2018;JAN/2018;2018;070025000012018NE000005;AUT. ELEITORAIS;FOLHA DE PAGAMENTO DAS AUTORIDADES ELEITORAIS REFERENTE AO MES DE MARCO DE 2018. PA 0001776-54.2018.6.07.8100.;070025;TRIBUNAL REGIONAL ELEITORAL DO D. FEDERAL;;;;;;;;0,00;914,13;;;;;;;;;;914,13;
14107;TRIBUNAL REGIONAL ELEITORAL DO DIST. FEDERAL;070025;TRIBUNAL REGIONAL ELEITORAL DO D. FEDERAL;02122057020TP0053;20TP;ATIVOS CIVIS DA UNIAO;0000;ATIVOS CIVIS DA UNIAO;084774;FOL JETPRS;SESSOES ORDINARIAS - PROC. SUBST.;0100;RECURSOS ORDINARIOS;1;ORCAMENTO FISCAL;3;DESPESAS CORRENTES;1;PESSOAL E ENCARGOS SOCIAIS;11;VENCIMENTOS E VANTAGENS FIXAS - PESSOAL CIVIL;319011;VENCIMENTOS E VANTAGENS FIXAS - PESSOAL CIVIL;31901175;REPRESENTACAO MENSAL;5;GLOBAL;08;NAO SE APLICA;-8;03/01/2018;JAN/2018;2018;070025000012018NE000005;AUT. ELEITORAIS;FOLHA DE PAGAMENTO DAS AUTORIDADES ELEITORAIS REFERENTE AO MES DE MARCO DE 2018. PA 0001776-54.2018.6.07.8100. DADOS BANCARIOS - BANCO DO BRASIL.;070025;TRIBUNAL REGIONAL ELEITORAL DO D. FEDERAL;;;;;;;;0,00;0,00;914,13;;;;;;;;;0,00;914,13
14107;TRIBUNAL REGIONAL ELEITORAL DO DIST. FEDERAL;070025;TRIBUNAL REGIONAL ELEITORAL DO D. FEDERAL;02122057020TP0053;20TP;ATIVOS CIVIS DA UNIAO;0000;ATIVOS CIVIS DA UNIAO;084774;FOL JETPRT;SESSOES ORDINARIAS - PROC. TITUL.;0100;RECURSOS ORDINARIOS;1;ORCAMENTO FISCAL;3;DESPESAS CORRENTES;1;PESSOAL E ENCARGOS SOCIAIS;11;VENCIMENTOS E VANTAGENS FIXAS - PESSOAL CIVIL;319011;VENCIMENTOS E VANTAGENS FIXAS - PESSOAL CIVIL;319011-9;NAO SE APLICA;-9;NAO SE APLICA;-9;NAO SE APLICA;-9;NAO SE APLICA;NAO SE APLICA;-9;-9;-9;2018NECT - AUTORIDADES ELEITORAIS. MEMBRO PROCURADOR TITULAR.;-9;NAO SE APLICA;;;;;(65.000,00);;;;;;;;;;;;;;;
14107;TRIBUNAL REGIONAL ELEITORAL DO DIST. FEDERAL;070025;TRIBUNAL REGIONAL ELEITORAL DO D. FEDERAL;02122057020TP0053;20TP;ATIVOS CIVIS DA UNIAO;0000;ATIVOS CIVIS DA UNIAO;084774;FOL JETPRT;SESSOES ORDINARIAS - PROC. TITUL.;0100;RECURSOS ORDINARIOS;1;ORCAMENTO FISCAL;3;DESPESAS CORRENTES;1;PESSOAL E ENCARGOS SOCIAIS;11;VENCIMENTOS E VANTAGENS FIXAS - PESSOAL CIVIL;319011;VENCIMENTOS E VANTAGENS FIXAS - PESSOAL CIVIL;319011-9;NAO SE APLICA;-9;NAO SE APLICA;-9;NAO SE APLICA;-9;NAO SE APLICA;NAO SE APLICA;-9;-9;-9;ALTERACAO PARA EMISSAO DE NE. DESPESAS DE PESSOAL.;-9;NAO SE APLICA;65.000,00;65.000,00;;;65.000,00;;;;;;;;;;;;;;;
14107;TRIBUNAL REGIONAL ELEITORAL DO DIST. FEDERAL;070025;TRIBUNAL REGIONAL ELEITORAL DO D. FEDERAL;02122057020TP0053;20TP;ATIVOS CIVIS DA UNIAO;0000;ATIVOS CIVIS DA UNIAO;084774;FOL JETPRT;SESSOES ORDINARIAS - PROC. TITUL.;0100;RECURSOS ORDINARIOS;1;ORCAMENTO FISCAL;3;DESPESAS CORRENTES;1;PESSOAL E ENCARGOS SOCIAIS;11;VENCIMENTOS E VANTAGENS FIXAS - PESSOAL CIVIL;319011;VENCIMENTOS E VANTAGENS FIXAS - PESSOAL CIVIL;31901175;REPRESENTACAO MENSAL;5;GLOBAL;08;NAO SE APLICA;-8;03/01/2018;JAN/2018;2018;070025000012018NE000004;AUT. ELEITORAIS;2018NECT - AUTORIDADES ELEITORAIS. MEMBRO PROCURADOR TITULAR.;070025;TRIBUNAL REGIONAL ELEITORAL DO D. FEDERAL;;;;;;;;65.000,00;;;;;;;;;;;;
14107;TRIBUNAL REGIONAL ELEITORAL DO DIST. FEDERAL;070025;TRIBUNAL REGIONAL ELEITORAL DO D. FEDERAL;02122057020TP0053;20TP;ATIVOS CIVIS DA UNIAO;0000;ATIVOS CIVIS DA UNIAO;084774;FOL JETPRT;SESSOES ORDINARIAS - PROC. TITUL.;0100;RECURSOS ORDINARIOS;1;ORCAMENTO FISCAL;3;DESPESAS CORRENTES;1;PESSOAL E ENCARGOS SOCIAIS;11;VENCIMENTOS E VANTAGENS FIXAS - PESSOAL CIVIL;319011;VENCIMENTOS E VANTAGENS FIXAS - PESSOAL CIVIL;31901175;REPRESENTACAO MENSAL;5;GLOBAL;08;NAO SE APLICA;-8;03/01/2018;JAN/2018;2018;070025000012018NE000004;AUT. ELEITORAIS;FOLHA DE PAGAMENTO DAS AUTORIDADES ELEITORAIS REFERENTE AO MES DE ABRIL DE 2018. PA 0002427-86.2018.6.07.8100.;070025;TRIBUNAL REGIONAL ELEITORAL DO D. FEDERAL;;;;;;;;0,00;6.398,91;;;;;;;;;;6.398,91;
14107;TRIBUNAL REGIONAL ELEITORAL DO DIST. FEDERAL;070025;TRIBUNAL REGIONAL ELEITORAL DO D. FEDERAL;02122057020TP0053;20TP;ATIVOS CIVIS DA UNIAO;0000;ATIVOS CIVIS DA UNIAO;084774;FOL JETPRT;SESSOES ORDINARIAS - PROC. TITUL.;0100;RECURSOS ORDINARIOS;1;ORCAMENTO FISCAL;3;DESPESAS CORRENTES;1;PESSOAL E ENCARGOS SOCIAIS;11;VENCIMENTOS E VANTAGENS FIXAS - PESSOAL CIVIL;319011;VENCIMENTOS E VANTAGENS FIXAS - PESSOAL CIVIL;31901175;REPRESENTACAO MENSAL;5;GLOBAL;08;NAO SE APLICA;-8;03/01/2018;JAN/2018;2018;070025000012018NE000004;AUT. ELEITORAIS;FOLHA DE PAGAMENTO DAS AUTORIDADES ELEITORAIS REFERENTE AO MES DE ABRIL DE 2018. PA 0002427-86.2018.6.07.8100.  INCLUSAO DOS DADOS BANCARIOS.;070025;TRIBUNAL REGIONAL ELEITORAL DO D. FEDERAL;;;;;;;;0,00;0,00;6.398,91;;;;;;;;;0,00;6.398,91
14107;TRIBUNAL REGIONAL ELEITORAL DO DIST. FEDERAL;070025;TRIBUNAL REGIONAL ELEITORAL DO D. FEDERAL;02122057020TP0053;20TP;ATIVOS CIVIS DA UNIAO;0000;ATIVOS CIVIS DA UNIAO;084774;FOL JETPRT;SESSOES ORDINARIAS - PROC. TITUL.;0100;RECURSOS ORDINARIOS;1;ORCAMENTO FISCAL;3;DESPESAS CORRENTES;1;PESSOAL E ENCARGOS SOCIAIS;11;VENCIMENTOS E VANTAGENS FIXAS - PESSOAL CIVIL;319011;VENCIMENTOS E VANTAGENS FIXAS - PESSOAL CIVIL;31901175;REPRESENTACAO MENSAL;5;GLOBAL;08;NAO SE APLICA;-8;03/01/2018;JAN/2018;2018;070025000012018NE000004;AUT. ELEITORAIS;FOLHA DE PAGAMENTO DAS AUTORIDADES ELEITORAIS REFERENTE AO MES DE FEVEREIRO DE 2018. PA 0001095-84.2018.6.07.8100.;070025;TRIBUNAL REGIONAL ELEITORAL DO D. FEDERAL;;;;;;;;0,00;6.398,91;;;;;;;;;;6.398,91;
14107;TRIBUNAL REGIONAL ELEITORAL DO DIST. FEDERAL;070025;TRIBUNAL REGIONAL ELEITORAL DO D. FEDERAL;02122057020TP0053;20TP;ATIVOS CIVIS DA UNIAO;0000;ATIVOS CIVIS DA UNIAO;084774;FOL JETPRT;SESSOES ORDINARIAS - PROC. TITUL.;0100;RECURSOS ORDINARIOS;1;ORCAMENTO FISCAL;3;DESPESAS CORRENTES;1;PESSOAL E ENCARGOS SOCIAIS;11;VENCIMENTOS E VANTAGENS FIXAS - PESSOAL CIVIL;319011;VENCIMENTOS E VANTAGENS FIXAS - PESSOAL CIVIL;31901175;REPRESENTACAO MENSAL;5;GLOBAL;08;NAO SE APLICA;-8;03/01/2018;JAN/2018;2018;070025000012018NE000004;AUT. ELEITORAIS;FOLHA DE PAGAMENTO DAS AUTORIDADES ELEITORAIS REFERENTE AO MES DE JANEIRO DE 2018. PA 0000614-24.2018.6.07.8100.;070025;TRIBUNAL REGIONAL ELEITORAL DO D. FEDERAL;;;;;;;;0,00;3.656,52;;;;;;;;;;3.656,52;
14107;TRIBUNAL REGIONAL ELEITORAL DO DIST. FEDERAL;070025;TRIBUNAL REGIONAL ELEITORAL DO D. FEDERAL;02122057020TP0053;20TP;ATIVOS CIVIS DA UNIAO;0000;ATIVOS CIVIS DA UNIAO;084774;FOL JETPRT;SESSOES ORDINARIAS - PROC. TITUL.;0100;RECURSOS ORDINARIOS;1;ORCAMENTO FISCAL;3;DESPESAS CORRENTES;1;PESSOAL E ENCARGOS SOCIAIS;11;VENCIMENTOS E VANTAGENS FIXAS - PESSOAL CIVIL;319011;VENCIMENTOS E VANTAGENS FIXAS - PESSOAL CIVIL;31901175;REPRESENTACAO MENSAL;5;GLOBAL;08;NAO SE APLICA;-8;03/01/2018;JAN/2018;2018;070025000012018NE000004;AUT. ELEITORAIS;FOLHA DE PAGAMENTO DAS AUTORIDADES ELEITORAIS REFERENTE AO MES DE JANEIRO DE 2018. PA 0000614-24.2018.6.07.8100.DADOS BANCARIOS BB;070025;TRIBUNAL REGIONAL ELEITORAL DO D. FEDERAL;;;;;;;;0,00;0,00;3.656,52;;;;;;;;;0,00;3.656,52
14107;TRIBUNAL REGIONAL ELEITORAL DO DIST. FEDERAL;070025;TRIBUNAL REGIONAL ELEITORAL DO D. FEDERAL;02122057020TP0053;20TP;ATIVOS CIVIS DA UNIAO;0000;ATIVOS CIVIS DA UNIAO;084774;FOL JETPRT;SESSOES ORDINARIAS - PROC. TITUL.;0100;RECURSOS ORDINARIOS;1;ORCAMENTO FISCAL;3;DESPESAS CORRENTES;1;PESSOAL E ENCARGOS SOCIAIS;11;VENCIMENTOS E VANTAGENS FIXAS - PESSOAL CIVIL;319011;VENCIMENTOS E VANTAGENS FIXAS - PESSOAL CIVIL;31901175;REPRESENTACAO MENSAL;5;GLOBAL;08;NAO SE APLICA;-8;03/01/2018;JAN/2018;2018;070025000012018NE000004;AUT. ELEITORAIS;FOLHA DE PAGAMENTO DAS AUTORIDADES ELEITORAIS REFERENTE AO MES DE MARCO DE 2018. PA 0001776-54.2018.6.07.8100.;070025;TRIBUNAL REGIONAL ELEITORAL DO D. FEDERAL;;;;;;;;0,00;6.398,91;;;;;;;;;;6.398,91;
14107;TRIBUNAL REGIONAL ELEITORAL DO DIST. FEDERAL;070025;TRIBUNAL REGIONAL ELEITORAL DO D. FEDERAL;02122057020TP0053;20TP;ATIVOS CIVIS DA UNIAO;0000;ATIVOS CIVIS DA UNIAO;084774;FOL JETPRT;SESSOES ORDINARIAS - PROC. TITUL.;0100;RECURSOS ORDINARIOS;1;ORCAMENTO FISCAL;3;DESPESAS CORRENTES;1;PESSOAL E ENCARGOS SOCIAIS;11;VENCIMENTOS E VANTAGENS FIXAS - PESSOAL CIVIL;319011;VENCIMENTOS E VANTAGENS FIXAS - PESSOAL CIVIL;31901175;REPRESENTACAO MENSAL;5;GLOBAL;08;NAO SE APLICA;-8;03/01/2018;JAN/2018;2018;070025000012018NE000004;AUT. ELEITORAIS;FOLHA DE PAGAMENTO DAS AUTORIDADES ELEITORAIS REFERENTE AO MES DE MARCO DE 2018. PA 0001776-54.2018.6.07.8100. DADOS BANCARIOS - BANCO DO BRASIL.;070025;TRIBUNAL REGIONAL ELEITORAL DO D. FEDERAL;;;;;;;;0,00;0,00;6.398,91;;;;;;;;;0,00;6.398,91
14107;TRIBUNAL REGIONAL ELEITORAL DO DIST. FEDERAL;070025;TRIBUNAL REGIONAL ELEITORAL DO D. FEDERAL;02122057020TP0053;20TP;ATIVOS CIVIS DA UNIAO;0000;ATIVOS CIVIS DA UNIAO;084774;FOL JETPRT;SESSOES ORDINARIAS - PROC. TITUL.;0100;RECURSOS ORDINARIOS;1;ORCAMENTO FISCAL;3;DESPESAS CORRENTES;1;PESSOAL E ENCARGOS SOCIAIS;11;VENCIMENTOS E VANTAGENS FIXAS - PESSOAL CIVIL;319011;VENCIMENTOS E VANTAGENS FIXAS - PESSOAL CIVIL;31901175;REPRESENTACAO MENSAL;5;GLOBAL;08;NAO SE APLICA;-8;03/01/2018;JAN/2018;2018;070025000012018NE000004;AUT. ELEITORAIS;FOLHA DE PAGAMENTO DAS AUTORIDADES ELEITORAIS REFERENTES AO MES DE FEVEREIRO DE 2018. PA 0001095-84.2018.6.07.8100. DADOS BANCARIOS (BANCO DO BRASIL).;070025;TRIBUNAL REGIONAL ELEITORAL DO D. FEDERAL;;;;;;;;0,00;0,00;6.398,91;;;;;;;;;0,00;6.398,91
14107;TRIBUNAL REGIONAL ELEITORAL DO DIST. FEDERAL;070025;TRIBUNAL REGIONAL ELEITORAL DO D. FEDERAL;02122057020TP0053;20TP;ATIVOS CIVIS DA UNIAO;0000;ATIVOS CIVIS DA UNIAO;084774;FOL SERVID;PESSOAL - FOLHA DE SERVIDORES;0100;RECURSOS ORDINARIOS;1;ORCAMENTO FISCAL;3;DESPESAS CORRENTES;1;PESSOAL E ENCARGOS SOCIAIS;07;CONTRIBUICAO A ENTIDADE FECHADA PREVIDENCIA;319007;CONTRIB. A ENTIDADES FECHADAS DE PREVIDENCIA;319007-9;NAO SE APLICA;-9;NAO SE APLICA;-9;NAO SE APLICA;-9;NAO SE APLICA;NAO SE APLICA;-9;-9;-9;2018NECT - CONTRIBUICAO PATRONAL A FUNPRESP - LEI Nº 12618/12 - EXERCICIO 2018;-9;NAO SE APLICA;;;;;(60.000,00);;;;;;;;;;;;;;;
14107;TRIBUNAL REGIONAL ELEITORAL DO DIST. FEDERAL;070025;TRIBUNAL REGIONAL ELEITORAL DO D. FEDERAL;02122057020TP0053;20TP;ATIVOS CIVIS DA UNIAO;0000;ATIVOS CIVIS DA UNIAO;084774;FOL SERVID;PESSOAL - FOLHA DE SERVIDORES;0100;RECURSOS ORDINARIOS;1;ORCAMENTO FISCAL;3;DESPESAS CORRENTES;1;PESSOAL E ENCARGOS SOCIAIS;07;CONTRIBUICAO A ENTIDADE FECHADA PREVIDENCIA;319007;CONTRIB. A ENTIDADES FECHADAS DE PREVIDENCIA;319007-9;NAO SE APLICA;-9;NAO SE APLICA;-9;NAO SE APLICA;-9;NAO SE APLICA;NAO SE APLICA;-9;-9;-9;ALTERACAO PARA EMISSAO DE NE. DESPESAS DE PESSOAL.;-9;NAO SE APLICA;60.000,00;60.000,00;;;60.000,00;;;;;;;;;;;;;;;
14107;TRIBUNAL REGIONAL ELEITORAL DO DIST. FEDERAL;070025;TRIBUNAL REGIONAL ELEITORAL DO D. FEDERAL;02122057020TP0053;20TP;ATIVOS CIVIS DA UNIAO;0000;ATIVOS CIVIS DA UNIAO;084774;FOL SERVID;PESSOAL - FOLHA DE SERVIDORES;0100;RECURSOS ORDINARIOS;1;ORCAMENTO FISCAL;3;DESPESAS CORRENTES;1;PESSOAL E ENCARGOS SOCIAIS;07;CONTRIBUICAO A ENTIDADE FECHADA PREVIDENCIA;319007;CONTRIB. A ENTIDADES FECHADAS DE PREVIDENCIA;31900706;CONTRIBUICAO PATRONAL - FUNPRESP LEI 12618/12;5;GLOBAL;08;NAO SE APLICA;-8;02/01/2017;JAN/2017;2017;070025000012017NE000004;PATRONAL - FUNPRESP;NAO SE APLICA;18465825000147;FUNDACAO DE PREVIDENCIA COMPLEMENTAR DO SERVIDOR PUBLI;;;;;;;;;;;;;1.000,00;;;;;1.000,00;;
14107;TRIBUNAL REGIONAL ELEITORAL DO DIST. FEDERAL;070025;TRIBUNAL REGIONAL ELEITORAL DO D. FEDERAL;02122057020TP0053;20TP;ATIVOS CIVIS DA UNIAO;0000;ATIVOS CIVIS DA UNIAO;084774;FOL SERVID;PESSOAL - FOLHA DE SERVIDORES;0100;RECURSOS ORDINARIOS;1;ORCAMENTO FISCAL;3;DESPESAS CORRENTES;1;PESSOAL E ENCARGOS SOCIAIS;07;CONTRIBUICAO A ENTIDADE FECHADA PREVIDENCIA;319007;CONTRIB. A ENTIDADES FECHADAS DE PREVIDENCIA;31900706;CONTRIBUICAO PATRONAL - FUNPRESP LEI 12618/12;5;GLOBAL;08;NAO SE APLICA;-8;03/01/2018;JAN/2018;2018;070025000012018NE000010;PATRONAL - FUNPRESP;2018NECT - CONTRIBUICAO PATRONAL A FUNPRESP - LEI Nº 12618/12 - EXERCICIO 2018;18465825000147;FUNDACAO DE PREVIDENCIA COMPLEMENTAR DO SERVIDOR PUBLI;;;;;;;;60.000,00;;;;;;;;;;;;
14107;TRIBUNAL REGIONAL ELEITORAL DO DIST. FEDERAL;070025;TRIBUNAL REGIONAL ELEITORAL DO D. FEDERAL;02122057020TP0053;20TP;ATIVOS CIVIS DA UNIAO;0000;ATIVOS CIVIS DA UNIAO;084774;FOL SERVID;PESSOAL - FOLHA DE SERVIDORES;0100;RECURSOS ORDINARIOS;1;ORCAMENTO FISCAL;3;DESPESAS CORRENTES;1;PESSOAL E ENCARGOS SOCIAIS;07;CONTRIBUICAO A ENTIDADE FECHADA PREVIDENCIA;319007;CONTRIB. A ENTIDADES FECHADAS DE PREVIDENCIA;31900706;CONTRIBUICAO PATRONAL - FUNPRESP LEI 12618/12;5;GLOBAL;08;NAO SE APLICA;-8;03/01/2018;JAN/2018;2018;070025000012018NE000010;PATRONAL - FUNPRESP;DEVOLUCAO REALIZADA PELA FUNDACAO DE PREVIDENCIA COMPLEMENTAR DO SERVIDOR PUBLICO REF. AO CANCELAMENTO DA ADESAO DO SERVIDORA KAREN PACHECO FONTENELE;18465825000147;FUNDACAO DE PREVIDENCIA COMPLEMENTAR DO SERVIDOR PUBLI;;;;;;;;0,00;(150,71);(150,71);;;;;;;;;(150,71);(150,71)
14107;TRIBUNAL REGIONAL ELEITORAL DO DIST. FEDERAL;070025;TRIBUNAL REGIONAL ELEITORAL DO D. FEDERAL;02122057020TP0053;20TP;ATIVOS CIVIS DA UNIAO;0000;ATIVOS CIVIS DA UNIAO;084774;FOL SERVID;PESSOAL - FOLHA DE SERVIDORES;0100;RECURSOS ORDINARIOS;1;ORCAMENTO FISCAL;3;DESPESAS CORRENTES;1;PESSOAL E ENCARGOS SOCIAIS;07;CONTRIBUICAO A ENTIDADE FECHADA PREVIDENCIA;319007;CONTRIB. A ENTIDADES FECHADAS DE PREVIDENCIA;31900706;CONTRIBUICAO PATRONAL - FUNPRESP LEI 12618/12;5;GLOBAL;08;NAO SE APLICA;-8;03/01/2018;JAN/2018;2018;070025000012018NE000010;PATRONAL - FUNPRESP;FOLHA DE PAGAMENTO DE SERVIDORES ATIVOS REFERENTE AO MES DE ABRIL DE 2018 - PA SEI 0001951-48.2018.6.07.8100 ŽOBRIGACOES PATRONAIS (PSSS, INSS E FUNPRESP).;18465825000147;FUNDACAO DE PREVIDENCIA COMPLEMENTAR DO SERVIDOR PUBLI;;;;;;;;0,00;6.957,03;;;;;;;;;;6.957,03;
14107;TRIBUNAL REGIONAL ELEITORAL DO DIST. FEDERAL;070025;TRIBUNAL REGIONAL ELEITORAL DO D. FEDERAL;02122057020TP0053;20TP;ATIVOS CIVIS DA UNIAO;0000;ATIVOS CIVIS DA UNIAO;084774;FOL SERVID;PESSOAL - FOLHA DE SERVIDORES;0100;RECURSOS ORDINARIOS;1;ORCAMENTO FISCAL;3;DESPESAS CORRENTES;1;PESSOAL E ENCARGOS SOCIAIS;07;CONTRIBUICAO A ENTIDADE FECHADA PREVIDENCIA;319007;CONTRIB. A ENTIDADES FECHADAS DE PREVIDENCIA;31900706;CONTRIBUICAO PATRONAL - FUNPRESP LEI 12618/12;5;GLOBAL;08;NAO SE APLICA;-8;03/01/2018;JAN/2018;2018;070025000012018NE000010;PATRONAL - FUNPRESP;FOLHA DE PAGAMENTO DE SERVIDORES ATIVOS REFERENTE AO MES DE ABRIL DE 2018 - PA SEI 0001951-48.2018.6.07.8100. ENCARGO FUNPRESP - JUD PATROCINADO EMPRESA NE10.;18465825000147;FUNDACAO DE PREVIDENCIA COMPLEMENTAR DO SERVIDOR PUBLI;;;;;;;;0,00;0,00;6.957,03;;;;;;;;;0,00;6.957,03
14107;TRIBUNAL REGIONAL ELEITORAL DO DIST. FEDERAL;070025;TRIBUNAL REGIONAL ELEITORAL DO D. FEDERAL;02122057020TP0053;20TP;ATIVOS CIVIS DA UNIAO;0000;ATIVOS CIVIS DA UNIAO;084774;FOL SERVID;PESSOAL - FOLHA DE SERVIDORES;0100;RECURSOS ORDINARIOS;1;ORCAMENTO FISCAL;3;DESPESAS CORRENTES;1;PESSOAL E ENCARGOS SOCIAIS;07;CONTRIBUICAO A ENTIDADE FECHADA PREVIDENCIA;319007;CONTRIB. A ENTIDADES FECHADAS DE PREVIDENCIA;31900706;CONTRIBUICAO PATRONAL - FUNPRESP LEI 12618/12;5;GLOBAL;08;NAO SE APLICA;-8;03/01/2018;JAN/2018;2018;070025000012018NE000010;PATRONAL - FUNPRESP;FOLHA DE PAGAMENTO DE SERVIDORES ATIVOS REFERENTE AO MES DE FEVEREIRO DE 2018 - PA SEI 0000707-84.2018.6.07.8100. ENCARGO FUNPRESP - JUD PATROCINADO EMPRESA.;18465825000147;FUNDACAO DE PREVIDENCIA COMPLEMENTAR DO SERVIDOR PUBLI;;;;;;;;0,00;0,00;6.955,20;;;;;;;;;0,00;6.955,20
14107;TRIBUNAL REGIONAL ELEITORAL DO DIST. FEDERAL;070025;TRIBUNAL REGIONAL ELEITORAL DO D. FEDERAL;02122057020TP0053;20TP;ATIVOS CIVIS DA UNIAO;0000;ATIVOS CIVIS DA UNIAO;084774;FOL SERVID;PESSOAL - FOLHA DE SERVIDORES;0100;RECURSOS ORDINARIOS;1;ORCAMENTO FISCAL;3;DESPESAS CORRENTES;1;PESSOAL E ENCARGOS SOCIAIS;07;CONTRIBUICAO A ENTIDADE FECHADA PREVIDENCIA;319007;CONTRIB. A ENTIDADES FECHADAS DE PREVIDENCIA;31900706;CONTRIBUICAO PATRONAL - FUNPRESP LEI 12618/12;5;GLOBAL;08;NAO SE APLICA;-8;03/01/2018;JAN/2018;2018;070025000012018NE000010;PATRONAL - FUNPRESP;FOLHA DE PAGAMENTO DE SERVIDORES ATIVOS REFERENTE AO MES DE FEVEREIRO DE 2018 - PA SEI 0000707-84.2018.6.07.8100. ENCARGOS PATRONAIS;18465825000147;FUNDACAO DE PREVIDENCIA COMPLEMENTAR DO SERVIDOR PUBLI;;;;;;;;0,00;6.955,20;;;;;;;;;;6.955,20;
14107;TRIBUNAL REGIONAL ELEITORAL DO DIST. FEDERAL;070025;TRIBUNAL REGIONAL ELEITORAL DO D. FEDERAL;02122057020TP0053;20TP;ATIVOS CIVIS DA UNIAO;0000;ATIVOS CIVIS DA UNIAO;084774;FOL SERVID;PESSOAL - FOLHA DE SERVIDORES;0100;RECURSOS ORDINARIOS;1;ORCAMENTO FISCAL;3;DESPESAS CORRENTES;1;PESSOAL E ENCARGOS SOCIAIS;07;CONTRIBUICAO A ENTIDADE FECHADA PREVIDENCIA;319007;CONTRIB. A ENTIDADES FECHADAS DE PREVIDENCIA;31900706;CONTRIBUICAO PATRONAL - FUNPRESP LEI 12618/12;5;GLOBAL;08;NAO SE APLICA;-8;03/01/2018;JAN/2018;2018;070025000012018NE000010;PATRONAL - FUNPRESP;FOLHA DE PAGAMENTO DE SERVIDORES ATIVOS REFERENTE AO MES DE JANEIRO DE 2018 - PA SEI 0000050-45.2018.6.07.8100. ENCARGOS PATRONAIS;18465825000147;FUNDACAO DE PREVIDENCIA COMPLEMENTAR DO SERVIDOR PUBLI;;;;;;;;0,00;7.110,96;;;;;;;;;;7.110,96;
14107;TRIBUNAL REGIONAL ELEITORAL DO DIST. FEDERAL;070025;TRIBUNAL REGIONAL ELEITORAL DO D. FEDERAL;02122057020TP0053;20TP;ATIVOS CIVIS DA UNIAO;0000;ATIVOS CIVIS DA UNIAO;084774;FOL SERVID;PESSOAL - FOLHA DE SERVIDORES;0100;RECURSOS ORDINARIOS;1;ORCAMENTO FISCAL;3;DESPESAS CORRENTES;1;PESSOAL E ENCARGOS SOCIAIS;07;CONTRIBUICAO A ENTIDADE FECHADA PREVIDENCIA;319007;CONTRIB. A ENTIDADES FECHADAS DE PREVIDENCIA;31900706;CONTRIBUICAO PATRONAL - FUNPRESP LEI 12618/12;5;GLOBAL;08;NAO SE APLICA;-8;03/01/2018;JAN/2018;2018;070025000012018NE000010;PATRONAL - FUNPRESP;FOLHA DE PAGAMENTO DE SERVIDORES ATIVOS REFERENTE AO MES DE JANEIRO DE 2018 - PA SEI 0000050-45.2018.6.07.8100. RECOLHIMENTO DE ENCARGOS PATRONAIS FUNSPRESP;18465825000147;FUNDACAO DE PREVIDENCIA COMPLEMENTAR DO SERVIDOR PUBLI;;;;;;;;0,00;0,00;7.110,96;;;;;;;;;0,00;7.110,96
14107;TRIBUNAL REGIONAL ELEITORAL DO DIST. FEDERAL;070025;TRIBUNAL REGIONAL ELEITORAL DO D. FEDERAL;02122057020TP0053;20TP;ATIVOS CIVIS DA UNIAO;0000;ATIVOS CIVIS DA UNIAO;084774;FOL SERVID;PESSOAL - FOLHA DE SERVIDORES;0100;RECURSOS ORDINARIOS;1;ORCAMENTO FISCAL;3;DESPESAS CORRENTES;1;PESSOAL E ENCARGOS SOCIAIS;07;CONTRIBUICAO A ENTIDADE FECHADA PREVIDENCIA;319007;CONTRIB. A ENTIDADES FECHADAS DE PREVIDENCIA;31900706;CONTRIBUICAO PATRONAL - FUNPRESP LEI 12618/12;5;GLOBAL;08;NAO SE APLICA;-8;03/01/2018;JAN/2018;2018;070025000012018NE000010;PATRONAL - FUNPRESP;FOLHA DE PAGAMENTO DE SERVIDORES ATIVOS REFERENTE AO MES DE MAIO DE 2018 - PA SEI 0002530-93.2018.6.07.8100. ENCARGOS PATRONAIS.;18465825000147;FUNDACAO DE PREVIDENCIA COMPLEMENTAR DO SERVIDOR PUBLI;;;;;;;;0,00;7.043,29;;;;;;;;;;7.043,29;
14107;TRIBUNAL REGIONAL ELEITORAL DO DIST. FEDERAL;070025;TRIBUNAL REGIONAL ELEITORAL DO D. FEDERAL;02122057020TP0053;20TP;ATIVOS CIVIS DA UNIAO;0000;ATIVOS CIVIS DA UNIAO;084774;FOL SERVID;PESSOAL - FOLHA DE SERVIDORES;0100;RECURSOS ORDINARIOS;1;ORCAMENTO FISCAL;3;DESPESAS CORRENTES;1;PESSOAL E ENCARGOS SOCIAIS;07;CONTRIBUICAO A ENTIDADE FECHADA PREVIDENCIA;319007;CONTRIB. A ENTIDADES FECHADAS DE PREVIDENCIA;31900706;CONTRIBUICAO PATRONAL - FUNPRESP LEI 12618/12;5;GLOBAL;08;NAO SE APLICA;-8;03/01/2018;JAN/2018;2018;070025000012018NE000010;PATRONAL - FUNPRESP;FOLHA DE PAGAMENTO DE SERVIDORES ATIVOS REFERENTE AO MES DE MARCO DE 2018 - PA SEI 0001307-08.2018.6.07.8100 ŽOBRIGACOES PATRONAIS - PSSS, INSS, FUNPRESP.;18465825000147;FUNDACAO DE PREVIDENCIA COMPLEMENTAR DO SERVIDOR PUBLI;;;;;;;;0,00;6.946,92;;;;;;;;;;6.946,92;
14107;TRIBUNAL REGIONAL ELEITORAL DO DIST. FEDERAL;070025;TRIBUNAL REGIONAL ELEITORAL DO D. FEDERAL;02122057020TP0053;20TP;ATIVOS CIVIS DA UNIAO;0000;ATIVOS CIVIS DA UNIAO;084774;FOL SERVID;PESSOAL - FOLHA DE SERVIDORES;0100;RECURSOS ORDINARIOS;1;ORCAMENTO FISCAL;3;DESPESAS CORRENTES;1;PESSOAL E ENCARGOS SOCIAIS;07;CONTRIBUICAO A ENTIDADE FECHADA PREVIDENCIA;319007;CONTRIB. A ENTIDADES FECHADAS DE PREVIDENCIA;31900706;CONTRIBUICAO PATRONAL - FUNPRESP LEI 12618/12;5;GLOBAL;08;NAO SE APLICA;-8;03/01/2018;JAN/2018;2018;070025000012018NE000010;PATRONAL - FUNPRESP;FOLHA DE PAGAMENTO DE SERVIDORES ATIVOS REFERENTE AO MES DE MARCO DE 2018 - PA SEI 0001307-08.2018.6.07.8100.  RECOLHIMENTO DO FUNPRESP PATRONAL.;18465825000147;FUNDACAO DE PREVIDENCIA COMPLEMENTAR DO SERVIDOR PUBLI;;;;;;;;0,00;0,00;6.946,92;;;;;;;;;0,00;6.946,92
14107;TRIBUNAL REGIONAL ELEITORAL DO DIST. FEDERAL;070025;TRIBUNAL REGIONAL ELEITORAL DO D. FEDERAL;02122057020TP0053;20TP;ATIVOS CIVIS DA UNIAO;0000;ATIVOS CIVIS DA UNIAO;084774;FOL SERVID;PESSOAL - FOLHA DE SERVIDORES;0100;RECURSOS ORDINARIOS;1;ORCAMENTO FISCAL;3;DESPESAS CORRENTES;1;PESSOAL E ENCARGOS SOCIAIS;07;CONTRIBUICAO A ENTIDADE FECHADA PREVIDENCIA;319007;CONTRIB. A ENTIDADES FECHADAS DE PREVIDENCIA;31900706;CONTRIBUICAO PATRONAL - FUNPRESP LEI 12618/12;5;GLOBAL;08;NAO SE APLICA;-8;03/01/2018;JAN/2018;2018;070025000012018NE000010;PATRONAL - FUNPRESP;FOLHA DE PAGAMENTO DO MES DE  JANEIRO/2018 DOS SERVIDORES ATIVOS. PA 0000050-45.2018.6.07.8100. CANCELAMENTOS PARA ACERTO DE ERRO DE APROPRIACAO;18465825000147;FUNDACAO DE PREVIDENCIA COMPLEMENTAR DO SERVIDOR PUBLI;;;;;;;;0,00;(7.110,96);;;;;;;;;;(7.110,96);
14107;TRIBUNAL REGIONAL ELEITORAL DO DIST. FEDERAL;070025;TRIBUNAL REGIONAL ELEITORAL DO D. FEDERAL;02122057020TP0053;20TP;ATIVOS CIVIS DA UNIAO;0000;ATIVOS CIVIS DA UNIAO;084774;FOL SERVID;PESSOAL - FOLHA DE SERVIDORES;0100;RECURSOS ORDINARIOS;1;ORCAMENTO FISCAL;3;DESPESAS CORRENTES;1;PESSOAL E ENCARGOS SOCIAIS;07;CONTRIBUICAO A ENTIDADE FECHADA PREVIDENCIA;319007;CONTRIB. A ENTIDADES FECHADAS DE PREVIDENCIA;31900706;CONTRIBUICAO PATRONAL - FUNPRESP LEI 12618/12;5;GLOBAL;08;NAO SE APLICA;-8;03/01/2018;JAN/2018;2018;070025000012018NE000010;PATRONAL - FUNPRESP;FOLHA DE PAGAMENTO DO MES DE  JANEIRO/2018 DOS SERVIDORES ATIVOS. PA 0000050-45.2018.6.07.8100.ENCARGOS PATRONAIS;18465825000147;FUNDACAO DE PREVIDENCIA COMPLEMENTAR DO SERVIDOR PUBLI;;;;;;;;0,00;7.110,96;;;;;;;;;;7.110,96;
14107;TRIBUNAL REGIONAL ELEITORAL DO DIST. FEDERAL;070025;TRIBUNAL REGIONAL ELEITORAL DO D. FEDERAL;02122057020TP0053;20TP;ATIVOS CIVIS DA UNIAO;0000;ATIVOS CIVIS DA UNIAO;084774;FOL SERVID;PESSOAL - FOLHA DE SERVIDORES;0100;RECURSOS ORDINARIOS;1;ORCAMENTO FISCAL;3;DESPESAS CORRENTES;1;PESSOAL E ENCARGOS SOCIAIS;11;VENCIMENTOS E VANTAGENS FIXAS - PESSOAL CIVIL;319011;VENCIMENTOS E VANTAGENS FIXAS - PESSOAL CIVIL;319011-9;NAO SE APLICA;-9;NAO SE APLICA;-9;NAO SE APLICA;-9;NAO SE APLICA;NAO SE APLICA;-9;-9;-9;2018NECT - VENCIMENTOS E VANTAGENS FIXAS - PESSOAL ATIVO. EXERCICIO 2018.;-9;NAO SE APLICA;;;;;(42.963.796,00);;;;;;;;;;;;;;;
14107;TRIBUNAL REGIONAL ELEITORAL DO DIST. FEDERAL;070025;TRIBUNAL REGIONAL ELEITORAL DO D. FEDERAL;02122057020TP0053;20TP;ATIVOS CIVIS DA UNIAO;0000;ATIVOS CIVIS DA UNIAO;084774;FOL SERVID;PESSOAL - FOLHA DE SERVIDORES;0100;RECURSOS ORDINARIOS;1;ORCAMENTO FISCAL;3;DESPESAS CORRENTES;1;PESSOAL E ENCARGOS SOCIAIS;11;VENCIMENTOS E VANTAGENS FIXAS - PESSOAL CIVIL;319011;VENCIMENTOS E VANTAGENS FIXAS - PESSOAL CIVIL;319011-9;NAO SE APLICA;-9;NAO SE APLICA;-9;NAO SE APLICA;-9;NAO SE APLICA;NAO SE APLICA;-9;-9;-9;ALTERACAO PARA EMISSAO DE NE. DESPESAS DE PESSOAL.;-9;NAO SE APLICA;42.963.796,00;42.963.796,00;;;42.963.796,00;;;;;;;;;;;;;;;
14107;TRIBUNAL REGIONAL ELEITORAL DO DIST. FEDERAL;070025;TRIBUNAL REGIONAL ELEITORAL DO D. FEDERAL;02122057020TP0053;20TP;ATIVOS CIVIS DA UNIAO;0000;ATIVOS CIVIS DA UNIAO;084774;FOL SERVID;PESSOAL - FOLHA DE SERVIDORES;0100;RECURSOS ORDINARIOS;1;ORCAMENTO FISCAL;3;DESPESAS CORRENTES;1;PESSOAL E ENCARGOS SOCIAIS;11;VENCIMENTOS E VANTAGENS FIXAS - PESSOAL CIVIL;319011;VENCIMENTOS E VANTAGENS FIXAS - PESSOAL CIVIL;31901101;VENCIMENTOS E SALARIOS;5;GLOBAL;08;NAO SE APLICA;-8;02/01/2015;JAN/2015;2015;070025000012015NE000002;PESSOAL ATIVO;NAO SE APLICA;070025;TRIBUNAL REGIONAL ELEITORAL DO D. FEDERAL;;;;;;;;;;;3,00;3,00;;44.510,57;;;;44.510,57;;
14107;TRIBUNAL REGIONAL ELEITORAL DO DIST. FEDERAL;070025;TRIBUNAL REGIONAL ELEITORAL DO D. FEDERAL;02122057020TP0053;20TP;ATIVOS CIVIS DA UNIAO;0000;ATIVOS CIVIS DA UNIAO;084774;FOL SERVID;PESSOAL - FOLHA DE SERVIDORES;0100;RECURSOS ORDINARIOS;1;ORCAMENTO FISCAL;3;DESPESAS CORRENTES;1;PESSOAL E ENCARGOS SOCIAIS;11;VENCIMENTOS E VANTAGENS FIXAS - PESSOAL CIVIL;319011;VENCIMENTOS E VANTAGENS FIXAS - PESSOAL CIVIL;31901101;VENCIMENTOS E SALARIOS;5;GLOBAL;08;NAO SE APLICA;-8;04/01/2016;JAN/2016;2016;070025000012016NE000001;PESSOAL ATIVO;NAO SE APLICA;070025;TRIBUNAL REGIONAL ELEITORAL DO D. FEDERAL;;;;;;;;;;;;;;38.065,64;;;;38.065,64;;
14107;TRIBUNAL REGIONAL ELEITORAL DO DIST. FEDERAL;070025;TRIBUNAL REGIONAL ELEITORAL DO D. FEDERAL;02122057020TP0053;20TP;ATIVOS CIVIS DA UNIAO;0000;ATIVOS CIVIS DA UNIAO;084774;FOL SERVID;PESSOAL - FOLHA DE SERVIDORES;0100;RECURSOS ORDINARIOS;1;ORCAMENTO FISCAL;3;DESPESAS CORRENTES;1;PESSOAL E ENCARGOS SOCIAIS;11;VENCIMENTOS E VANTAGENS FIXAS - PESSOAL CIVIL;319011;VENCIMENTOS E VANTAGENS FIXAS - PESSOAL CIVIL;31901101;VENCIMENTOS E SALARIOS;5;GLOBAL;08;NAO SE APLICA;-8;02/01/2017;JAN/2017;2017;070025000012017NE000001;PESSOAL ATIVO;DEVOLUCAO REALIZADA PELA FUNDACAO DE PREVIDENCIA COMPLEMENTAR DO SERVIDOR PUBLICO REF. AO CANCELAMENTO DA ADESAO DO SERVIDORA KAREN PACHECO FONTENELE;070025;TRIBUNAL REGIONAL ELEITORAL DO D. FEDERAL;;;;;;;;;;;;;;;;(150,71);(150,71);150,71;(150,71);(150,71)
14107;TRIBUNAL REGIONAL ELEITORAL DO DIST. FEDERAL;070025;TRIBUNAL REGIONAL ELEITORAL DO D. FEDERAL;02122057020TP0053;20TP;ATIVOS CIVIS DA UNIAO;0000;ATIVOS CIVIS DA UNIAO;084774;FOL SERVID;PESSOAL - FOLHA DE SERVIDORES;0100;RECURSOS ORDINARIOS;1;ORCAMENTO FISCAL;3;DESPESAS CORRENTES;1;PESSOAL E ENCARGOS SOCIAIS;11;VENCIMENTOS E VANTAGENS FIXAS - PESSOAL CIVIL;319011;VENCIMENTOS E VANTAGENS FIXAS - PESSOAL CIVIL;31901101;VENCIMENTOS E SALARIOS;5;GLOBAL;08;NAO SE APLICA;-8;02/01/2017;JAN/2017;2017;070025000012017NE000001;PESSOAL ATIVO;FOLHA SUPLEMENTAR Nº03 DE FEVEREIRO DE 2018, EXERCICIOS ANTERIORES, REFERENTE A SUBSTITUICOES OCORRIDAS NO MES DE DEZEMBRO DE 2017, ADICIONAL DE QUALIFICACAO DECORRENTES DE ACOES DE TREINAMENTO EXERCICIOS ANTERIORES E GRATIFICACAO NAT;070025;TRIBUNAL REGIONAL ELEITORAL DO D. FEDERAL;;;;;;;;;;;;;;;;0,00;286,79;(286,79);0,00;286,79
14107;TRIBUNAL REGIONAL ELEITORAL DO DIST. FEDERAL;070025;TRIBUNAL REGIONAL ELEITORAL DO D. FEDERAL;02122057020TP0053;20TP;ATIVOS CIVIS DA UNIAO;0000;ATIVOS CIVIS DA UNIAO;084774;FOL SERVID;PESSOAL - FOLHA DE SERVIDORES;0100;RECURSOS ORDINARIOS;1;ORCAMENTO FISCAL;3;DESPESAS CORRENTES;1;PESSOAL E ENCARGOS SOCIAIS;11;VENCIMENTOS E VANTAGENS FIXAS - PESSOAL CIVIL;319011;VENCIMENTOS E VANTAGENS FIXAS - PESSOAL CIVIL;31901101;VENCIMENTOS E SALARIOS;5;GLOBAL;08;NAO SE APLICA;-8;02/01/2017;JAN/2017;2017;070025000012017NE000001;PESSOAL ATIVO;FOLHA SUPLEMENTAR Nº03 DE FEVEREIRO DE 2018, EXERCICIOS ANTERIORES, REFERENTE A SUBSTITUICOES OCORRIDAS NO MES DE DEZEMBRO DE 2017, ADICIONAL DE QUALIFICACAO DECORRENTES DE ACOES DE TREINAMENTO EXERCICIOS ANTERIORES E GRATIFICACAO NATALINA 1/12 (UM DOZE AVOS) REFERENTE AS SUBSTITUICOES, IGUAIS OU SUPERIORES A 15 DIAS CONSECUTIVOS, OCORRIDAS NO MES DE DEZEMBRO DE 2017. PA 0000608-17.2018.6.07.8100.;070025;TRIBUNAL REGIONAL ELEITORAL DO D. FEDERAL;;;;;;;;;;;;;;;;387,92;101,13;(101,13);387,92;101,13
14107;TRIBUNAL REGIONAL ELEITORAL DO DIST. FEDERAL;070025;TRIBUNAL REGIONAL ELEITORAL DO D. FEDERAL;02122057020TP0053;20TP;ATIVOS CIVIS DA UNIAO;0000;ATIVOS CIVIS DA UNIAO;084774;FOL SERVID;PESSOAL - FOLHA DE SERVIDORES;0100;RECURSOS ORDINARIOS;1;ORCAMENTO FISCAL;3;DESPESAS CORRENTES;1;PESSOAL E ENCARGOS SOCIAIS;11;VENCIMENTOS E VANTAGENS FIXAS - PESSOAL CIVIL;319011;VENCIMENTOS E VANTAGENS FIXAS - PESSOAL CIVIL;31901101;VENCIMENTOS E SALARIOS;5;GLOBAL;08;NAO SE APLICA;-8;02/01/2017;JAN/2017;2017;070025000012017NE000001;PESSOAL ATIVO;NAO SE APLICA;070025;TRIBUNAL REGIONAL ELEITORAL DO D. FEDERAL;;;;;;;;;;;;;20.000,00;;;;;20.000,00;;
14107;TRIBUNAL REGIONAL ELEITORAL DO DIST. FEDERAL;070025;TRIBUNAL REGIONAL ELEITORAL DO D. FEDERAL;02122057020TP0053;20TP;ATIVOS CIVIS DA UNIAO;0000;ATIVOS CIVIS DA UNIAO;084774;FOL SERVID;PESSOAL - FOLHA DE SERVIDORES;0100;RECURSOS ORDINARIOS;1;ORCAMENTO FISCAL;3;DESPESAS CORRENTES;1;PESSOAL E ENCARGOS SOCIAIS;11;VENCIMENTOS E VANTAGENS FIXAS - PESSOAL CIVIL;319011;VENCIMENTOS E VANTAGENS FIXAS - PESSOAL CIVIL;31901101;VENCIMENTOS E SALARIOS;5;GLOBAL;08;NAO SE APLICA;-8;03/01/2018;JAN/2018;2018;070025000012018NE000001;PESSOAL ATIVO;2018NECT - VENCIMENTOS E VANTAGENS FIXAS - PESSOAL ATIVO. EXERCICIO 2018.;070025;TRIBUNAL REGIONAL ELEITORAL DO D. FEDERAL;;;;;;;;13.233.796,00;;;;;;;;;;;;
14107;TRIBUNAL REGIONAL ELEITORAL DO DIST. FEDERAL;070025;TRIBUNAL REGIONAL ELEITORAL DO D. FEDERAL;02122057020TP0053;20TP;ATIVOS CIVIS DA UNIAO;0000;ATIVOS CIVIS DA UNIAO;084774;FOL SERVID;PESSOAL - FOLHA DE SERVIDORES;0100;RECURSOS ORDINARIOS;1;ORCAMENTO FISCAL;3;DESPESAS CORRENTES;1;PESSOAL E ENCARGOS SOCIAIS;11;VENCIMENTOS E VANTAGENS FIXAS - PESSOAL CIVIL;319011;VENCIMENTOS E VANTAGENS FIXAS - PESSOAL CIVIL;31901101;VENCIMENTOS E SALARIOS;5;GLOBAL;08;NAO SE APLICA;-8;03/01/2018;JAN/2018;2018;070025000012018NE000001;PESSOAL ATIVO;DEVOLUCAO DE REPASSE A MAIOR PARA O BANCO DO BRASIL, REF. A FL. DE FEVEREIRO DE 2018.;070025;TRIBUNAL REGIONAL ELEITORAL DO D. FEDERAL;;;;;;;;0,00;(331,10);(331,10);;;;;;;;;(331,10);(331,10)
14107;TRIBUNAL REGIONAL ELEITORAL DO DIST. FEDERAL;070025;TRIBUNAL REGIONAL ELEITORAL DO D. FEDERAL;02122057020TP0053;20TP;ATIVOS CIVIS DA UNIAO;0000;ATIVOS CIVIS DA UNIAO;084774;FOL SERVID;PESSOAL - FOLHA DE SERVIDORES;0100;RECURSOS ORDINARIOS;1;ORCAMENTO FISCAL;3;DESPESAS CORRENTES;1;PESSOAL E ENCARGOS SOCIAIS;11;VENCIMENTOS E VANTAGENS FIXAS - PESSOAL CIVIL;319011;VENCIMENTOS E VANTAGENS FIXAS - PESSOAL CIVIL;31901101;VENCIMENTOS E SALARIOS;5;GLOBAL;08;NAO SE APLICA;-8;03/01/2018;JAN/2018;2018;070025000012018NE000001;PESSOAL ATIVO;DEVOLUCAO DE VALOR REFERENTE A SALARIO INDEVIDO DA FOLHA DE JANEIRO/2018.;070025;TRIBUNAL REGIONAL ELEITORAL DO D. FEDERAL;;;;;;;;0,00;(2.463,78);(2.463,78);;;;;;;;;(2.463,78);(2.463,78)
14107;TRIBUNAL REGIONAL ELEITORAL DO DIST. FEDERAL;070025;TRIBUNAL REGIONAL ELEITORAL DO D. FEDERAL;02122057020TP0053;20TP;ATIVOS CIVIS DA UNIAO;0000;ATIVOS CIVIS DA UNIAO;084774;FOL SERVID;PESSOAL - FOLHA DE SERVIDORES;0100;RECURSOS ORDINARIOS;1;ORCAMENTO FISCAL;3;DESPESAS CORRENTES;1;PESSOAL E ENCARGOS SOCIAIS;11;VENCIMENTOS E VANTAGENS FIXAS - PESSOAL CIVIL;319011;VENCIMENTOS E VANTAGENS FIXAS - PESSOAL CIVIL;31901101;VENCIMENTOS E SALARIOS;5;GLOBAL;08;NAO SE APLICA;-8;03/01/2018;JAN/2018;2018;070025000012018NE000001;PESSOAL ATIVO;DEVOLUCAO DE: FUNCAO COMISSIONADA FC01 (07 DIAS), GRATIFICACAO NATALINA (2/12 AVOS) E IR GRAT. NATALINA DO SERVIDOR ALFREDO DA MATA MACHADO.;070025;TRIBUNAL REGIONAL ELEITORAL DO D. FEDERAL;;;;;;;;0,00;(6,97);(6,97);;;;;;;;;(6,97);(6,97)
14107;TRIBUNAL REGIONAL ELEITORAL DO DIST. FEDERAL;070025;TRIBUNAL REGIONAL ELEITORAL DO D. FEDERAL;02122057020TP0053;20TP;ATIVOS CIVIS DA UNIAO;0000;ATIVOS CIVIS DA UNIAO;084774;FOL SERVID;PESSOAL - FOLHA DE SERVIDORES;0100;RECURSOS ORDINARIOS;1;ORCAMENTO FISCAL;3;DESPESAS CORRENTES;1;PESSOAL E ENCARGOS SOCIAIS;11;VENCIMENTOS E VANTAGENS FIXAS - PESSOAL CIVIL;319011;VENCIMENTOS E VANTAGENS FIXAS - PESSOAL CIVIL;31901101;VENCIMENTOS E SALARIOS;5;GLOBAL;08;NAO SE APLICA;-8;03/01/2018;JAN/2018;2018;070025000012018NE000001;PESSOAL ATIVO;DEVOLUCAO REALIZADA PELO SINDJUS REF. AO VALOR DA REMUNERACAO DO SERVIDOR JOSE RODRIGUES COSTA NETO, RELATIVO AO MES DE FEVEREIRO/2018.ŽO SERVIDOR ESTA CEDIDO AQUELA INSTITUICAO PARA DESEMPENHO DE MANDATO CLASSISTA, CONFORME PA 71.836/2015.;070025;TRIBUNAL REGIONAL ELEITORAL DO D. FEDERAL;;;;;;;;0,00;(7.017,09);(7.017,09);;;;;;;;;(7.017,09);(7.017,09)
14107;TRIBUNAL REGIONAL ELEITORAL DO DIST. FEDERAL;070025;TRIBUNAL REGIONAL ELEITORAL DO D. FEDERAL;02122057020TP0053;20TP;ATIVOS CIVIS DA UNIAO;0000;ATIVOS CIVIS DA UNIAO;084774;FOL SERVID;PESSOAL - FOLHA DE SERVIDORES;0100;RECURSOS ORDINARIOS;1;ORCAMENTO FISCAL;3;DESPESAS CORRENTES;1;PESSOAL E ENCARGOS SOCIAIS;11;VENCIMENTOS E VANTAGENS FIXAS - PESSOAL CIVIL;319011;VENCIMENTOS E VANTAGENS FIXAS - PESSOAL CIVIL;31901101;VENCIMENTOS E SALARIOS;5;GLOBAL;08;NAO SE APLICA;-8;03/01/2018;JAN/2018;2018;070025000012018NE000001;PESSOAL ATIVO;DEVOLUCAO REALIZADA PELO SINDJUS REF. AO VALOR DA REMUNERACAO DO SERVIDOR JOSE RODRIGUES COSTA NETO, RELATIVO AO MES DE JANEIRO/2018 E 13 SALARIO. ŽO SERVIDOR ESTA CEDIDO AQUELA INSTITUICAO PARA DESEMPENHO DE MANDATO CLASSISTA, CONFORME PA 71.836/2015.;070025;TRIBUNAL REGIONAL ELEITORAL DO D. FEDERAL;;;;;;;;0,00;(7.017,09);(7.017,09);;;;;;;;;(7.017,09);(7.017,09)
14107;TRIBUNAL REGIONAL ELEITORAL DO DIST. FEDERAL;070025;TRIBUNAL REGIONAL ELEITORAL DO D. FEDERAL;02122057020TP0053;20TP;ATIVOS CIVIS DA UNIAO;0000;ATIVOS CIVIS DA UNIAO;084774;FOL SERVID;PESSOAL - FOLHA DE SERVIDORES;0100;RECURSOS ORDINARIOS;1;ORCAMENTO FISCAL;3;DESPESAS CORRENTES;1;PESSOAL E ENCARGOS SOCIAIS;11;VENCIMENTOS E VANTAGENS FIXAS - PESSOAL CIVIL;319011;VENCIMENTOS E VANTAGENS FIXAS - PESSOAL CIVIL;31901101;VENCIMENTOS E SALARIOS;5;GLOBAL;08;NAO SE APLICA;-8;03/01/2018;JAN/2018;2018;070025000012018NE000001;PESSOAL ATIVO;DEVOLUCAO REALIZADA PELO SINDJUS REF. AO VALOR DA REMUNERACAO DO SERVIDOR JOSE RODRIGUES COSTA NETO, RELATIVO AO MES DE MARCO/2018.ŽO SERVIDOR ESTA CEDIDO AQUELA INSTITUICAO PARA DESEMPENHO DE MANDATO CLASSISTA, CONFORME PA 71.836/2015.;070025;TRIBUNAL REGIONAL ELEITORAL DO D. FEDERAL;;;;;;;;0,00;(14.034,18);(14.034,18);;;;;;;;;(14.034,18);(14.034,18)
14107;TRIBUNAL REGIONAL ELEITORAL DO DIST. FEDERAL;070025;TRIBUNAL REGIONAL ELEITORAL DO D. FEDERAL;02122057020TP0053;20TP;ATIVOS CIVIS DA UNIAO;0000;ATIVOS CIVIS DA UNIAO;084774;FOL SERVID;PESSOAL - FOLHA DE SERVIDORES;0100;RECURSOS ORDINARIOS;1;ORCAMENTO FISCAL;3;DESPESAS CORRENTES;1;PESSOAL E ENCARGOS SOCIAIS;11;VENCIMENTOS E VANTAGENS FIXAS - PESSOAL CIVIL;319011;VENCIMENTOS E VANTAGENS FIXAS - PESSOAL CIVIL;31901101;VENCIMENTOS E SALARIOS;5;GLOBAL;08;NAO SE APLICA;-8;03/01/2018;JAN/2018;2018;070025000012018NE000001;PESSOAL ATIVO;FOLHA DE PAGAMENTO DE SERVIDORES ATIVOS FEVEREIRO DE 2018 PA. 0000707-84.2018.6.07.8100 ACERTO DE VALOR PARA A FUNPRESP JUD, REFERENTE AO RECOLHIMENTO DA SERVIDORA KAREN PACHECO FONTENELE.;070025;TRIBUNAL REGIONAL ELEITORAL DO D. FEDERAL;;;;;;;;0,00;0,00;150,70;;;;;;;;;0,00;150,70
14107;TRIBUNAL REGIONAL ELEITORAL DO DIST. FEDERAL;070025;TRIBUNAL REGIONAL ELEITORAL DO D. FEDERAL;02122057020TP0053;20TP;ATIVOS CIVIS DA UNIAO;0000;ATIVOS CIVIS DA UNIAO;084774;FOL SERVID;PESSOAL - FOLHA DE SERVIDORES;0100;RECURSOS ORDINARIOS;1;ORCAMENTO FISCAL;3;DESPESAS CORRENTES;1;PESSOAL E ENCARGOS SOCIAIS;11;VENCIMENTOS E VANTAGENS FIXAS - PESSOAL CIVIL;319011;VENCIMENTOS E VANTAGENS FIXAS - PESSOAL CIVIL;31901101;VENCIMENTOS E SALARIOS;5;GLOBAL;08;NAO SE APLICA;-8;03/01/2018;JAN/2018;2018;070025000012018NE000001;PESSOAL ATIVO;FOLHA DE PAGAMENTO DE SERVIDORES ATIVOS FEVEREIRO DE 2018 PA. 0000707-84.2018.6.07.8100. ACERTO DE VALOR PARA A FUNPRESP JUD, REFERENTE AO RECOLHIMENTO DA SERVIDORA KAREN PACHECO FONTENELE.;070025;TRIBUNAL REGIONAL ELEITORAL DO D. FEDERAL;;;;;;;;0,00;150,70;;;;;;;;;;150,70;
14107;TRIBUNAL REGIONAL ELEITORAL DO DIST. FEDERAL;070025;TRIBUNAL REGIONAL ELEITORAL DO D. FEDERAL;02122057020TP0053;20TP;ATIVOS CIVIS DA UNIAO;0000;ATIVOS CIVIS DA UNIAO;084774;FOL SERVID;PESSOAL - FOLHA DE SERVIDORES;0100;RECURSOS ORDINARIOS;1;ORCAMENTO FISCAL;3;DESPESAS CORRENTES;1;PESSOAL E ENCARGOS SOCIAIS;11;VENCIMENTOS E VANTAGENS FIXAS - PESSOAL CIVIL;319011;VENCIMENTOS E VANTAGENS FIXAS - PESSOAL CIVIL;31901101;VENCIMENTOS E SALARIOS;5;GLOBAL;08;NAO SE APLICA;-8;03/01/2018;JAN/2018;2018;070025000012018NE000001;PESSOAL ATIVO;FOLHA DE PAGAMENTO DE SERVIDORES ATIVOS REFERENTE AO MES DE ABRIL DE 2018 - PA SEI 0001951-48.2018.6.07.8100;070025;TRIBUNAL REGIONAL ELEITORAL DO D. FEDERAL;;;;;;;;0,00;1.140.555,83;;;;;;;;;;1.140.555,83;
14107;TRIBUNAL REGIONAL ELEITORAL DO DIST. FEDERAL;070025;TRIBUNAL REGIONAL ELEITORAL DO D. FEDERAL;02122057020TP0053;20TP;ATIVOS CIVIS DA UNIAO;0000;ATIVOS CIVIS DA UNIAO;084774;FOL SERVID;PESSOAL - FOLHA DE SERVIDORES;0100;RECURSOS ORDINARIOS;1;ORCAMENTO FISCAL;3;DESPESAS CORRENTES;1;PESSOAL E ENCARGOS SOCIAIS;11;VENCIMENTOS E VANTAGENS FIXAS - PESSOAL CIVIL;319011;VENCIMENTOS E VANTAGENS FIXAS - PESSOAL CIVIL;31901101;VENCIMENTOS E SALARIOS;5;GLOBAL;08;NAO SE APLICA;-8;03/01/2018;JAN/2018;2018;070025000012018NE000001;PESSOAL ATIVO;FOLHA DE PAGAMENTO DE SERVIDORES ATIVOS REFERENTE AO MES DE ABRIL DE 2018 - PA SEI 0001951-48.2018.6.07.8100 ŽDEVOLUCAO VENCIMENTOS E SALARIOS, ANT. DE SALARIO E BENEFICIOS.;070025;TRIBUNAL REGIONAL ELEITORAL DO D. FEDERAL;;;;;;;;0,00;(3.068,19);0,00;;;;;;;;;(3.068,19);0,00
14107;TRIBUNAL REGIONAL ELEITORAL DO DIST. FEDERAL;070025;TRIBUNAL REGIONAL ELEITORAL DO D. FEDERAL;02122057020TP0053;20TP;ATIVOS CIVIS DA UNIAO;0000;ATIVOS CIVIS DA UNIAO;084774;FOL SERVID;PESSOAL - FOLHA DE SERVIDORES;0100;RECURSOS ORDINARIOS;1;ORCAMENTO FISCAL;3;DESPESAS CORRENTES;1;PESSOAL E ENCARGOS SOCIAIS;11;VENCIMENTOS E VANTAGENS FIXAS - PESSOAL CIVIL;319011;VENCIMENTOS E VANTAGENS FIXAS - PESSOAL CIVIL;31901101;VENCIMENTOS E SALARIOS;5;GLOBAL;08;NAO SE APLICA;-8;03/01/2018;JAN/2018;2018;070025000012018NE000001;PESSOAL ATIVO;FOLHA DE PAGAMENTO DE SERVIDORES ATIVOS REFERENTE AO MES DE ABRIL DE 2018 - PA SEI 0001951-48.2018.6.07.8100. DEDUCOES.  ANAJUS - MENSALIDADE.;070025;TRIBUNAL REGIONAL ELEITORAL DO D. FEDERAL;;;;;;;;0,00;0,00;214,53;;;;;;;;;0,00;214,53
14107;TRIBUNAL REGIONAL ELEITORAL DO DIST. FEDERAL;070025;TRIBUNAL REGIONAL ELEITORAL DO D. FEDERAL;02122057020TP0053;20TP;ATIVOS CIVIS DA UNIAO;0000;ATIVOS CIVIS DA UNIAO;084774;FOL SERVID;PESSOAL - FOLHA DE SERVIDORES;0100;RECURSOS ORDINARIOS;1;ORCAMENTO FISCAL;3;DESPESAS CORRENTES;1;PESSOAL E ENCARGOS SOCIAIS;11;VENCIMENTOS E VANTAGENS FIXAS - PESSOAL CIVIL;319011;VENCIMENTOS E VANTAGENS FIXAS - PESSOAL CIVIL;31901101;VENCIMENTOS E SALARIOS;5;GLOBAL;08;NAO SE APLICA;-8;03/01/2018;JAN/2018;2018;070025000012018NE000001;PESSOAL ATIVO;FOLHA DE PAGAMENTO DE SERVIDORES ATIVOS REFERENTE AO MES DE ABRIL DE 2018 - PA SEI 0001951-48.2018.6.07.8100. DEDUCOES.  BANCO BRADESCO.;070025;TRIBUNAL REGIONAL ELEITORAL DO D. FEDERAL;;;;;;;;0,00;0,00;2.598,78;;;;;;;;;0,00;2.598,78
14107;TRIBUNAL REGIONAL ELEITORAL DO DIST. FEDERAL;070025;TRIBUNAL REGIONAL ELEITORAL DO D. FEDERAL;02122057020TP0053;20TP;ATIVOS CIVIS DA UNIAO;0000;ATIVOS CIVIS DA UNIAO;084774;FOL SERVID;PESSOAL - FOLHA DE SERVIDORES;0100;RECURSOS ORDINARIOS;1;ORCAMENTO FISCAL;3;DESPESAS CORRENTES;1;PESSOAL E ENCARGOS SOCIAIS;11;VENCIMENTOS E VANTAGENS FIXAS - PESSOAL CIVIL;319011;VENCIMENTOS E VANTAGENS FIXAS - PESSOAL CIVIL;31901101;VENCIMENTOS E SALARIOS;5;GLOBAL;08;NAO SE APLICA;-8;03/01/2018;JAN/2018;2018;070025000012018NE000001;PESSOAL ATIVO;FOLHA DE PAGAMENTO DE SERVIDORES ATIVOS REFERENTE AO MES DE ABRIL DE 2018 - PA SEI 0001951-48.2018.6.07.8100. DEDUCOES.  BANCO POUPEX FIN IMOB.;070025;TRIBUNAL REGIONAL ELEITORAL DO D. FEDERAL;;;;;;;;0,00;0,00;1.535,10;;;;;;;;;0,00;1.535,10
14107;TRIBUNAL REGIONAL ELEITORAL DO DIST. FEDERAL;070025;TRIBUNAL REGIONAL ELEITORAL DO D. FEDERAL;02122057020TP0053;20TP;ATIVOS CIVIS DA UNIAO;0000;ATIVOS CIVIS DA UNIAO;084774;FOL SERVID;PESSOAL - FOLHA DE SERVIDORES;0100;RECURSOS ORDINARIOS;1;ORCAMENTO FISCAL;3;DESPESAS CORRENTES;1;PESSOAL E ENCARGOS SOCIAIS;11;VENCIMENTOS E VANTAGENS FIXAS - PESSOAL CIVIL;319011;VENCIMENTOS E VANTAGENS FIXAS - PESSOAL CIVIL;31901101;VENCIMENTOS E SALARIOS;5;GLOBAL;08;NAO SE APLICA;-8;03/01/2018;JAN/2018;2018;070025000012018NE000001;PESSOAL ATIVO;FOLHA DE PAGAMENTO DE SERVIDORES ATIVOS REFERENTE AO MES DE ABRIL DE 2018 - PA SEI 0001951-48.2018.6.07.8100. DEDUCOES.  BANCO SANTANDER.;070025;TRIBUNAL REGIONAL ELEITORAL DO D. FEDERAL;;;;;;;;0,00;0,00;11.006,34;;;;;;;;;0,00;11.006,34
14107;TRIBUNAL REGIONAL ELEITORAL DO DIST. FEDERAL;070025;TRIBUNAL REGIONAL ELEITORAL DO D. FEDERAL;02122057020TP0053;20TP;ATIVOS CIVIS DA UNIAO;0000;ATIVOS CIVIS DA UNIAO;084774;FOL SERVID;PESSOAL - FOLHA DE SERVIDORES;0100;RECURSOS ORDINARIOS;1;ORCAMENTO FISCAL;3;DESPESAS CORRENTES;1;PESSOAL E ENCARGOS SOCIAIS;11;VENCIMENTOS E VANTAGENS FIXAS - PESSOAL CIVIL;319011;VENCIMENTOS E VANTAGENS FIXAS - PESSOAL CIVIL;31901101;VENCIMENTOS E SALARIOS;5;GLOBAL;08;NAO SE APLICA;-8;03/01/2018;JAN/2018;2018;070025000012018NE000001;PESSOAL ATIVO;FOLHA DE PAGAMENTO DE SERVIDORES ATIVOS REFERENTE AO MES DE ABRIL DE 2018 - PA SEI 0001951-48.2018.6.07.8100. DEDUCOES.  DEDUCOES BANCO CEF.;070025;TRIBUNAL REGIONAL ELEITORAL DO D. FEDERAL;;;;;;;;0,00;0,00;65.227,91;;;;;;;;;0,00;65.227,91
14107;TRIBUNAL REGIONAL ELEITORAL DO DIST. FEDERAL;070025;TRIBUNAL REGIONAL ELEITORAL DO D. FEDERAL;02122057020TP0053;20TP;ATIVOS CIVIS DA UNIAO;0000;ATIVOS CIVIS DA UNIAO;084774;FOL SERVID;PESSOAL - FOLHA DE SERVIDORES;0100;RECURSOS ORDINARIOS;1;ORCAMENTO FISCAL;3;DESPESAS CORRENTES;1;PESSOAL E ENCARGOS SOCIAIS;11;VENCIMENTOS E VANTAGENS FIXAS - PESSOAL CIVIL;319011;VENCIMENTOS E VANTAGENS FIXAS - PESSOAL CIVIL;31901101;VENCIMENTOS E SALARIOS;5;GLOBAL;08;NAO SE APLICA;-8;03/01/2018;JAN/2018;2018;070025000012018NE000001;PESSOAL ATIVO;FOLHA DE PAGAMENTO DE SERVIDORES ATIVOS REFERENTE AO MES DE ABRIL DE 2018 - PA SEI 0001951-48.2018.6.07.8100. DEDUCOES.  DEDUCOES BANCO CRUZEIRO DO SUL.;070025;TRIBUNAL REGIONAL ELEITORAL DO D. FEDERAL;;;;;;;;0,00;0,00;17.878,95;;;;;;;;;0,00;17.878,95
14107;TRIBUNAL REGIONAL ELEITORAL DO DIST. FEDERAL;070025;TRIBUNAL REGIONAL ELEITORAL DO D. FEDERAL;02122057020TP0053;20TP;ATIVOS CIVIS DA UNIAO;0000;ATIVOS CIVIS DA UNIAO;084774;FOL SERVID;PESSOAL - FOLHA DE SERVIDORES;0100;RECURSOS ORDINARIOS;1;ORCAMENTO FISCAL;3;DESPESAS CORRENTES;1;PESSOAL E ENCARGOS SOCIAIS;11;VENCIMENTOS E VANTAGENS FIXAS - PESSOAL CIVIL;319011;VENCIMENTOS E VANTAGENS FIXAS - PESSOAL CIVIL;31901101;VENCIMENTOS E SALARIOS;5;GLOBAL;08;NAO SE APLICA;-8;03/01/2018;JAN/2018;2018;070025000012018NE000001;PESSOAL ATIVO;FOLHA DE PAGAMENTO DE SERVIDORES ATIVOS REFERENTE AO MES DE ABRIL DE 2018 - PA SEI 0001951-48.2018.6.07.8100. DEDUCOES.  DEDUCOES. FINANCEIRA ALFA.;070025;TRIBUNAL REGIONAL ELEITORAL DO D. FEDERAL;;;;;;;;0,00;0,00;76.096,24;;;;;;;;;0,00;76.096,24
14107;TRIBUNAL REGIONAL ELEITORAL DO DIST. FEDERAL;070025;TRIBUNAL REGIONAL ELEITORAL DO D. FEDERAL;02122057020TP0053;20TP;ATIVOS CIVIS DA UNIAO;0000;ATIVOS CIVIS DA UNIAO;084774;FOL SERVID;PESSOAL - FOLHA DE SERVIDORES;0100;RECURSOS ORDINARIOS;1;ORCAMENTO FISCAL;3;DESPESAS CORRENTES;1;PESSOAL E ENCARGOS SOCIAIS;11;VENCIMENTOS E VANTAGENS FIXAS - PESSOAL CIVIL;319011;VENCIMENTOS E VANTAGENS FIXAS - PESSOAL CIVIL;31901101;VENCIMENTOS E SALARIOS;5;GLOBAL;08;NAO SE APLICA;-8;03/01/2018;JAN/2018;2018;070025000012018NE000001;PESSOAL ATIVO;FOLHA DE PAGAMENTO DE SERVIDORES ATIVOS REFERENTE AO MES DE ABRIL DE 2018 - PA SEI 0001951-48.2018.6.07.8100. DEDUCOES.  DEVOLUCAO DE CONSIGNACOES (TAXAS MINISTERIO DO PLANEJAMENTO).;070025;TRIBUNAL REGIONAL ELEITORAL DO D. FEDERAL;;;;;;;;0,00;0,00;1.275,75;;;;;;;;;0,00;1.275,75
14107;TRIBUNAL REGIONAL ELEITORAL DO DIST. FEDERAL;070025;TRIBUNAL REGIONAL ELEITORAL DO D. FEDERAL;02122057020TP0053;20TP;ATIVOS CIVIS DA UNIAO;0000;ATIVOS CIVIS DA UNIAO;084774;FOL SERVID;PESSOAL - FOLHA DE SERVIDORES;0100;RECURSOS ORDINARIOS;1;ORCAMENTO FISCAL;3;DESPESAS CORRENTES;1;PESSOAL E ENCARGOS SOCIAIS;11;VENCIMENTOS E VANTAGENS FIXAS - PESSOAL CIVIL;319011;VENCIMENTOS E VANTAGENS FIXAS - PESSOAL CIVIL;31901101;VENCIMENTOS E SALARIOS;5;GLOBAL;08;NAO SE APLICA;-8;03/01/2018;JAN/2018;2018;070025000012018NE000001;PESSOAL ATIVO;FOLHA DE PAGAMENTO DE SERVIDORES ATIVOS REFERENTE AO MES DE ABRIL DE 2018 - PA SEI 0001951-48.2018.6.07.8100. DEDUCOES.  FINANCEIRA BRB.;070025;TRIBUNAL REGIONAL ELEITORAL DO D. FEDERAL;;;;;;;;0,00;0,00;5.020,02;;;;;;;;;0,00;5.020,02
14107;TRIBUNAL REGIONAL ELEITORAL DO DIST. FEDERAL;070025;TRIBUNAL REGIONAL ELEITORAL DO D. FEDERAL;02122057020TP0053;20TP;ATIVOS CIVIS DA UNIAO;0000;ATIVOS CIVIS DA UNIAO;084774;FOL SERVID;PESSOAL - FOLHA DE SERVIDORES;0100;RECURSOS ORDINARIOS;1;ORCAMENTO FISCAL;3;DESPESAS CORRENTES;1;PESSOAL E ENCARGOS SOCIAIS;11;VENCIMENTOS E VANTAGENS FIXAS - PESSOAL CIVIL;319011;VENCIMENTOS E VANTAGENS FIXAS - PESSOAL CIVIL;31901101;VENCIMENTOS E SALARIOS;5;GLOBAL;08;NAO SE APLICA;-8;03/01/2018;JAN/2018;2018;070025000012018NE000001;PESSOAL ATIVO;FOLHA DE PAGAMENTO DE SERVIDORES ATIVOS REFERENTE AO MES DE ABRIL DE 2018 - PA SEI 0001951-48.2018.6.07.8100. DEDUCOES.  IRRF.;070025;TRIBUNAL REGIONAL ELEITORAL DO D. FEDERAL;;;;;;;;0,00;0,00;508.482,34;;;;;;;;;0,00;508.482,34
14107;TRIBUNAL REGIONAL ELEITORAL DO DIST. FEDERAL;070025;TRIBUNAL REGIONAL ELEITORAL DO D. FEDERAL;02122057020TP0053;20TP;ATIVOS CIVIS DA UNIAO;0000;ATIVOS CIVIS DA UNIAO;084774;FOL SERVID;PESSOAL - FOLHA DE SERVIDORES;0100;RECURSOS ORDINARIOS;1;ORCAMENTO FISCAL;3;DESPESAS CORRENTES;1;PESSOAL E ENCARGOS SOCIAIS;11;VENCIMENTOS E VANTAGENS FIXAS - PESSOAL CIVIL;319011;VENCIMENTOS E VANTAGENS FIXAS - PESSOAL CIVIL;31901101;VENCIMENTOS E SALARIOS;5;GLOBAL;08;NAO SE APLICA;-8;03/01/2018;JAN/2018;2018;070025000012018NE000001;PESSOAL ATIVO;FOLHA DE PAGAMENTO DE SERVIDORES ATIVOS REFERENTE AO MES DE ABRIL DE 2018 - PA SEI 0001951-48.2018.6.07.8100. DEDUCOES.  PENSAO ALIMENTICIA (BB).;070025;TRIBUNAL REGIONAL ELEITORAL DO D. FEDERAL;;;;;;;;0,00;0,00;36.617,18;;;;;;;;;0,00;36.617,18
14107;TRIBUNAL REGIONAL ELEITORAL DO DIST. FEDERAL;070025;TRIBUNAL REGIONAL ELEITORAL DO D. FEDERAL;02122057020TP0053;20TP;ATIVOS CIVIS DA UNIAO;0000;ATIVOS CIVIS DA UNIAO;084774;FOL SERVID;PESSOAL - FOLHA DE SERVIDORES;0100;RECURSOS ORDINARIOS;1;ORCAMENTO FISCAL;3;DESPESAS CORRENTES;1;PESSOAL E ENCARGOS SOCIAIS;11;VENCIMENTOS E VANTAGENS FIXAS - PESSOAL CIVIL;319011;VENCIMENTOS E VANTAGENS FIXAS - PESSOAL CIVIL;31901101;VENCIMENTOS E SALARIOS;5;GLOBAL;08;NAO SE APLICA;-8;03/01/2018;JAN/2018;2018;070025000012018NE000001;PESSOAL ATIVO;FOLHA DE PAGAMENTO DE SERVIDORES ATIVOS REFERENTE AO MES DE ABRIL DE 2018 - PA SEI 0001951-48.2018.6.07.8100. DEDUCOES.  PENSAO ALIMENTICIA (OUTROS BANCO).;070025;TRIBUNAL REGIONAL ELEITORAL DO D. FEDERAL;;;;;;;;0,00;0,00;12.404,03;;;;;;;;;0,00;12.404,03
14107;TRIBUNAL REGIONAL ELEITORAL DO DIST. FEDERAL;070025;TRIBUNAL REGIONAL ELEITORAL DO D. FEDERAL;02122057020TP0053;20TP;ATIVOS CIVIS DA UNIAO;0000;ATIVOS CIVIS DA UNIAO;084774;FOL SERVID;PESSOAL - FOLHA DE SERVIDORES;0100;RECURSOS ORDINARIOS;1;ORCAMENTO FISCAL;3;DESPESAS CORRENTES;1;PESSOAL E ENCARGOS SOCIAIS;11;VENCIMENTOS E VANTAGENS FIXAS - PESSOAL CIVIL;319011;VENCIMENTOS E VANTAGENS FIXAS - PESSOAL CIVIL;31901101;VENCIMENTOS E SALARIOS;5;GLOBAL;08;NAO SE APLICA;-8;03/01/2018;JAN/2018;2018;070025000012018NE000001;PESSOAL ATIVO;FOLHA DE PAGAMENTO DE SERVIDORES ATIVOS REFERENTE AO MES DE ABRIL DE 2018 - PA SEI 0001951-48.2018.6.07.8100. DEDUCOES.  PRO - SAUDE (TJ).;070025;TRIBUNAL REGIONAL ELEITORAL DO D. FEDERAL;;;;;;;;0,00;0,00;1.513,45;;;;;;;;;0,00;1.513,45
14107;TRIBUNAL REGIONAL ELEITORAL DO DIST. FEDERAL;070025;TRIBUNAL REGIONAL ELEITORAL DO D. FEDERAL;02122057020TP0053;20TP;ATIVOS CIVIS DA UNIAO;0000;ATIVOS CIVIS DA UNIAO;084774;FOL SERVID;PESSOAL - FOLHA DE SERVIDORES;0100;RECURSOS ORDINARIOS;1;ORCAMENTO FISCAL;3;DESPESAS CORRENTES;1;PESSOAL E ENCARGOS SOCIAIS;11;VENCIMENTOS E VANTAGENS FIXAS - PESSOAL CIVIL;319011;VENCIMENTOS E VANTAGENS FIXAS - PESSOAL CIVIL;31901101;VENCIMENTOS E SALARIOS;5;GLOBAL;08;NAO SE APLICA;-8;03/01/2018;JAN/2018;2018;070025000012018NE000001;PESSOAL ATIVO;FOLHA DE PAGAMENTO DE SERVIDORES ATIVOS REFERENTE AO MES DE ABRIL DE 2018 - PA SEI 0001951-48.2018.6.07.8100. DEDUCOES.  PSSS PATRONAL.;070025;TRIBUNAL REGIONAL ELEITORAL DO D. FEDERAL;;;;;;;;0,00;0,00;304.833,96;;;;;;;;;0,00;304.833,96
14107;TRIBUNAL REGIONAL ELEITORAL DO DIST. FEDERAL;070025;TRIBUNAL REGIONAL ELEITORAL DO D. FEDERAL;02122057020TP0053;20TP;ATIVOS CIVIS DA UNIAO;0000;ATIVOS CIVIS DA UNIAO;084774;FOL SERVID;PESSOAL - FOLHA DE SERVIDORES;0100;RECURSOS ORDINARIOS;1;ORCAMENTO FISCAL;3;DESPESAS CORRENTES;1;PESSOAL E ENCARGOS SOCIAIS;11;VENCIMENTOS E VANTAGENS FIXAS - PESSOAL CIVIL;319011;VENCIMENTOS E VANTAGENS FIXAS - PESSOAL CIVIL;31901101;VENCIMENTOS E SALARIOS;5;GLOBAL;08;NAO SE APLICA;-8;03/01/2018;JAN/2018;2018;070025000012018NE000001;PESSOAL ATIVO;FOLHA DE PAGAMENTO DE SERVIDORES ATIVOS REFERENTE AO MES DE ABRIL DE 2018 - PA SEI 0001951-48.2018.6.07.8100. DEDUCOES. ASTREDF.;070025;TRIBUNAL REGIONAL ELEITORAL DO D. FEDERAL;;;;;;;;0,00;0,00;5.542,97;;;;;;;;;0,00;5.542,97
14107;TRIBUNAL REGIONAL ELEITORAL DO DIST. FEDERAL;070025;TRIBUNAL REGIONAL ELEITORAL DO D. FEDERAL;02122057020TP0053;20TP;ATIVOS CIVIS DA UNIAO;0000;ATIVOS CIVIS DA UNIAO;084774;FOL SERVID;PESSOAL - FOLHA DE SERVIDORES;0100;RECURSOS ORDINARIOS;1;ORCAMENTO FISCAL;3;DESPESAS CORRENTES;1;PESSOAL E ENCARGOS SOCIAIS;11;VENCIMENTOS E VANTAGENS FIXAS - PESSOAL CIVIL;319011;VENCIMENTOS E VANTAGENS FIXAS - PESSOAL CIVIL;31901101;VENCIMENTOS E SALARIOS;5;GLOBAL;08;NAO SE APLICA;-8;03/01/2018;JAN/2018;2018;070025000012018NE000001;PESSOAL ATIVO;FOLHA DE PAGAMENTO DE SERVIDORES ATIVOS REFERENTE AO MES DE ABRIL DE 2018 - PA SEI 0001951-48.2018.6.07.8100. DEDUCOES. BANCO DO BRASIL.;070025;TRIBUNAL REGIONAL ELEITORAL DO D. FEDERAL;;;;;;;;0,00;0,00;70.452,55;;;;;;;;;0,00;70.452,55
14107;TRIBUNAL REGIONAL ELEITORAL DO DIST. FEDERAL;070025;TRIBUNAL REGIONAL ELEITORAL DO D. FEDERAL;02122057020TP0053;20TP;ATIVOS CIVIS DA UNIAO;0000;ATIVOS CIVIS DA UNIAO;084774;FOL SERVID;PESSOAL - FOLHA DE SERVIDORES;0100;RECURSOS ORDINARIOS;1;ORCAMENTO FISCAL;3;DESPESAS CORRENTES;1;PESSOAL E ENCARGOS SOCIAIS;11;VENCIMENTOS E VANTAGENS FIXAS - PESSOAL CIVIL;319011;VENCIMENTOS E VANTAGENS FIXAS - PESSOAL CIVIL;31901101;VENCIMENTOS E SALARIOS;5;GLOBAL;08;NAO SE APLICA;-8;03/01/2018;JAN/2018;2018;070025000012018NE000001;PESSOAL ATIVO;FOLHA DE PAGAMENTO DE SERVIDORES ATIVOS REFERENTE AO MES DE ABRIL DE 2018 - PA SEI 0001951-48.2018.6.07.8100. DEDUCOES. BANCO INVESTPREV.;070025;TRIBUNAL REGIONAL ELEITORAL DO D. FEDERAL;;;;;;;;0,00;0,00;142,79;;;;;;;;;0,00;142,79
14107;TRIBUNAL REGIONAL ELEITORAL DO DIST. FEDERAL;070025;TRIBUNAL REGIONAL ELEITORAL DO D. FEDERAL;02122057020TP0053;20TP;ATIVOS CIVIS DA UNIAO;0000;ATIVOS CIVIS DA UNIAO;084774;FOL SERVID;PESSOAL - FOLHA DE SERVIDORES;0100;RECURSOS ORDINARIOS;1;ORCAMENTO FISCAL;3;DESPESAS CORRENTES;1;PESSOAL E ENCARGOS SOCIAIS;11;VENCIMENTOS E VANTAGENS FIXAS - PESSOAL CIVIL;319011;VENCIMENTOS E VANTAGENS FIXAS - PESSOAL CIVIL;31901101;VENCIMENTOS E SALARIOS;5;GLOBAL;08;NAO SE APLICA;-8;03/01/2018;JAN/2018;2018;070025000012018NE000001;PESSOAL ATIVO;FOLHA DE PAGAMENTO DE SERVIDORES ATIVOS REFERENTE AO MES DE ABRIL DE 2018 - PA SEI 0001951-48.2018.6.07.8100. DEDUCOES. INSS SERVIDORES.;070025;TRIBUNAL REGIONAL ELEITORAL DO D. FEDERAL;;;;;;;;0,00;0,00;1.863,09;;;;;;;;;0,00;1.863,09
14107;TRIBUNAL REGIONAL ELEITORAL DO DIST. FEDERAL;070025;TRIBUNAL REGIONAL ELEITORAL DO D. FEDERAL;02122057020TP0053;20TP;ATIVOS CIVIS DA UNIAO;0000;ATIVOS CIVIS DA UNIAO;084774;FOL SERVID;PESSOAL - FOLHA DE SERVIDORES;0100;RECURSOS ORDINARIOS;1;ORCAMENTO FISCAL;3;DESPESAS CORRENTES;1;PESSOAL E ENCARGOS SOCIAIS;11;VENCIMENTOS E VANTAGENS FIXAS - PESSOAL CIVIL;319011;VENCIMENTOS E VANTAGENS FIXAS - PESSOAL CIVIL;31901101;VENCIMENTOS E SALARIOS;5;GLOBAL;08;NAO SE APLICA;-8;03/01/2018;JAN/2018;2018;070025000012018NE000001;PESSOAL ATIVO;FOLHA DE PAGAMENTO DE SERVIDORES ATIVOS REFERENTE AO MES DE ABRIL DE 2018 - PA SEI 0001951-48.2018.6.07.8100. DEDUCOES. PENSAO ALIMENTICIA (CEF).;070025;TRIBUNAL REGIONAL ELEITORAL DO D. FEDERAL;;;;;;;;0,00;0,00;3.878,34;;;;;;;;;0,00;3.878,34
14107;TRIBUNAL REGIONAL ELEITORAL DO DIST. FEDERAL;070025;TRIBUNAL REGIONAL ELEITORAL DO D. FEDERAL;02122057020TP0053;20TP;ATIVOS CIVIS DA UNIAO;0000;ATIVOS CIVIS DA UNIAO;084774;FOL SERVID;PESSOAL - FOLHA DE SERVIDORES;0100;RECURSOS ORDINARIOS;1;ORCAMENTO FISCAL;3;DESPESAS CORRENTES;1;PESSOAL E ENCARGOS SOCIAIS;11;VENCIMENTOS E VANTAGENS FIXAS - PESSOAL CIVIL;319011;VENCIMENTOS E VANTAGENS FIXAS - PESSOAL CIVIL;31901101;VENCIMENTOS E SALARIOS;5;GLOBAL;08;NAO SE APLICA;-8;03/01/2018;JAN/2018;2018;070025000012018NE000001;PESSOAL ATIVO;FOLHA DE PAGAMENTO DE SERVIDORES ATIVOS REFERENTE AO MES DE ABRIL DE 2018 - PA SEI 0001951-48.2018.6.07.8100. DEDUCOES. SINDJUS.;070025;TRIBUNAL REGIONAL ELEITORAL DO D. FEDERAL;;;;;;;;0,00;0,00;10.775,08;;;;;;;;;0,00;10.775,08
14107;TRIBUNAL REGIONAL ELEITORAL DO DIST. FEDERAL;070025;TRIBUNAL REGIONAL ELEITORAL DO D. FEDERAL;02122057020TP0053;20TP;ATIVOS CIVIS DA UNIAO;0000;ATIVOS CIVIS DA UNIAO;084774;FOL SERVID;PESSOAL - FOLHA DE SERVIDORES;0100;RECURSOS ORDINARIOS;1;ORCAMENTO FISCAL;3;DESPESAS CORRENTES;1;PESSOAL E ENCARGOS SOCIAIS;11;VENCIMENTOS E VANTAGENS FIXAS - PESSOAL CIVIL;319011;VENCIMENTOS E VANTAGENS FIXAS - PESSOAL CIVIL;31901101;VENCIMENTOS E SALARIOS;5;GLOBAL;08;NAO SE APLICA;-8;03/01/2018;JAN/2018;2018;070025000012018NE000001;PESSOAL ATIVO;FOLHA DE PAGAMENTO DE SERVIDORES ATIVOS REFERENTE AO MES DE ABRIL DE 2018 - PA SEI 0001951-48.2018.6.07.8100. DEDUCOES. SISEJUFE.;070025;TRIBUNAL REGIONAL ELEITORAL DO D. FEDERAL;;;;;;;;0,00;0,00;128,24;;;;;;;;;0,00;128,24
14107;TRIBUNAL REGIONAL ELEITORAL DO DIST. FEDERAL;070025;TRIBUNAL REGIONAL ELEITORAL DO D. FEDERAL;02122057020TP0053;20TP;ATIVOS CIVIS DA UNIAO;0000;ATIVOS CIVIS DA UNIAO;084774;FOL SERVID;PESSOAL - FOLHA DE SERVIDORES;0100;RECURSOS ORDINARIOS;1;ORCAMENTO FISCAL;3;DESPESAS CORRENTES;1;PESSOAL E ENCARGOS SOCIAIS;11;VENCIMENTOS E VANTAGENS FIXAS - PESSOAL CIVIL;319011;VENCIMENTOS E VANTAGENS FIXAS - PESSOAL CIVIL;31901101;VENCIMENTOS E SALARIOS;5;GLOBAL;08;NAO SE APLICA;-8;03/01/2018;JAN/2018;2018;070025000012018NE000001;PESSOAL ATIVO;FOLHA DE PAGAMENTO DE SERVIDORES ATIVOS REFERENTE AO MES DE FEVEREIRO DE 2018 - PA SEI 0000707-84.2018.6.07.8100;070025;TRIBUNAL REGIONAL ELEITORAL DO D. FEDERAL;;;;;;;;0,00;1.129.442,12;;;;;;;;;;1.129.442,12;
14107;TRIBUNAL REGIONAL ELEITORAL DO DIST. FEDERAL;070025;TRIBUNAL REGIONAL ELEITORAL DO D. FEDERAL;02122057020TP0053;20TP;ATIVOS CIVIS DA UNIAO;0000;ATIVOS CIVIS DA UNIAO;084774;FOL SERVID;PESSOAL - FOLHA DE SERVIDORES;0100;RECURSOS ORDINARIOS;1;ORCAMENTO FISCAL;3;DESPESAS CORRENTES;1;PESSOAL E ENCARGOS SOCIAIS;11;VENCIMENTOS E VANTAGENS FIXAS - PESSOAL CIVIL;319011;VENCIMENTOS E VANTAGENS FIXAS - PESSOAL CIVIL;31901101;VENCIMENTOS E SALARIOS;5;GLOBAL;08;NAO SE APLICA;-8;03/01/2018;JAN/2018;2018;070025000012018NE000001;PESSOAL ATIVO;FOLHA DE PAGAMENTO DE SERVIDORES ATIVOS REFERENTE AO MES DE FEVEREIRO DE 2018 - PA SEI 0000707-84.2018.6.07.8100. DEDUCOES.  ANAJUS - MENSALIDADE.;070025;TRIBUNAL REGIONAL ELEITORAL DO D. FEDERAL;;;;;;;;0,00;0,00;277,50;;;;;;;;;0,00;277,50
14107;TRIBUNAL REGIONAL ELEITORAL DO DIST. FEDERAL;070025;TRIBUNAL REGIONAL ELEITORAL DO D. FEDERAL;02122057020TP0053;20TP;ATIVOS CIVIS DA UNIAO;0000;ATIVOS CIVIS DA UNIAO;084774;FOL SERVID;PESSOAL - FOLHA DE SERVIDORES;0100;RECURSOS ORDINARIOS;1;ORCAMENTO FISCAL;3;DESPESAS CORRENTES;1;PESSOAL E ENCARGOS SOCIAIS;11;VENCIMENTOS E VANTAGENS FIXAS - PESSOAL CIVIL;319011;VENCIMENTOS E VANTAGENS FIXAS - PESSOAL CIVIL;31901101;VENCIMENTOS E SALARIOS;5;GLOBAL;08;NAO SE APLICA;-8;03/01/2018;JAN/2018;2018;070025000012018NE000001;PESSOAL ATIVO;FOLHA DE PAGAMENTO DE SERVIDORES ATIVOS REFERENTE AO MES DE FEVEREIRO DE 2018 - PA SEI 0000707-84.2018.6.07.8100. DEDUCOES.  BANCO POUPEX FIN IMOB.;070025;TRIBUNAL REGIONAL ELEITORAL DO D. FEDERAL;;;;;;;;0,00;0,00;1.543,08;;;;;;;;;0,00;1.543,08
14107;TRIBUNAL REGIONAL ELEITORAL DO DIST. FEDERAL;070025;TRIBUNAL REGIONAL ELEITORAL DO D. FEDERAL;02122057020TP0053;20TP;ATIVOS CIVIS DA UNIAO;0000;ATIVOS CIVIS DA UNIAO;084774;FOL SERVID;PESSOAL - FOLHA DE SERVIDORES;0100;RECURSOS ORDINARIOS;1;ORCAMENTO FISCAL;3;DESPESAS CORRENTES;1;PESSOAL E ENCARGOS SOCIAIS;11;VENCIMENTOS E VANTAGENS FIXAS - PESSOAL CIVIL;319011;VENCIMENTOS E VANTAGENS FIXAS - PESSOAL CIVIL;31901101;VENCIMENTOS E SALARIOS;5;GLOBAL;08;NAO SE APLICA;-8;03/01/2018;JAN/2018;2018;070025000012018NE000001;PESSOAL ATIVO;FOLHA DE PAGAMENTO DE SERVIDORES ATIVOS REFERENTE AO MES DE FEVEREIRO DE 2018 - PA SEI 0000707-84.2018.6.07.8100. DEDUCOES.  BANCO SANTANDER.;070025;TRIBUNAL REGIONAL ELEITORAL DO D. FEDERAL;;;;;;;;0,00;0,00;13.349,22;;;;;;;;;0,00;13.349,22
14107;TRIBUNAL REGIONAL ELEITORAL DO DIST. FEDERAL;070025;TRIBUNAL REGIONAL ELEITORAL DO D. FEDERAL;02122057020TP0053;20TP;ATIVOS CIVIS DA UNIAO;0000;ATIVOS CIVIS DA UNIAO;084774;FOL SERVID;PESSOAL - FOLHA DE SERVIDORES;0100;RECURSOS ORDINARIOS;1;ORCAMENTO FISCAL;3;DESPESAS CORRENTES;1;PESSOAL E ENCARGOS SOCIAIS;11;VENCIMENTOS E VANTAGENS FIXAS - PESSOAL CIVIL;319011;VENCIMENTOS E VANTAGENS FIXAS - PESSOAL CIVIL;31901101;VENCIMENTOS E SALARIOS;5;GLOBAL;08;NAO SE APLICA;-8;03/01/2018;JAN/2018;2018;070025000012018NE000001;PESSOAL ATIVO;FOLHA DE PAGAMENTO DE SERVIDORES ATIVOS REFERENTE AO MES DE FEVEREIRO DE 2018 - PA SEI 0000707-84.2018.6.07.8100. DEDUCOES.  DEDUCOES BANCO CEF.;070025;TRIBUNAL REGIONAL ELEITORAL DO D. FEDERAL;;;;;;;;0,00;0,00;73.676,39;;;;;;;;;0,00;73.676,39
14107;TRIBUNAL REGIONAL ELEITORAL DO DIST. FEDERAL;070025;TRIBUNAL REGIONAL ELEITORAL DO D. FEDERAL;02122057020TP0053;20TP;ATIVOS CIVIS DA UNIAO;0000;ATIVOS CIVIS DA UNIAO;084774;FOL SERVID;PESSOAL - FOLHA DE SERVIDORES;0100;RECURSOS ORDINARIOS;1;ORCAMENTO FISCAL;3;DESPESAS CORRENTES;1;PESSOAL E ENCARGOS SOCIAIS;11;VENCIMENTOS E VANTAGENS FIXAS - PESSOAL CIVIL;319011;VENCIMENTOS E VANTAGENS FIXAS - PESSOAL CIVIL;31901101;VENCIMENTOS E SALARIOS;5;GLOBAL;08;NAO SE APLICA;-8;03/01/2018;JAN/2018;2018;070025000012018NE000001;PESSOAL ATIVO;FOLHA DE PAGAMENTO DE SERVIDORES ATIVOS REFERENTE AO MES DE FEVEREIRO DE 2018 - PA SEI 0000707-84.2018.6.07.8100. DEDUCOES.  DEDUCOES BANCO CRUZEIRO DO SUL.;070025;TRIBUNAL REGIONAL ELEITORAL DO D. FEDERAL;;;;;;;;0,00;0,00;19.697,35;;;;;;;;;0,00;19.697,35
14107;TRIBUNAL REGIONAL ELEITORAL DO DIST. FEDERAL;070025;TRIBUNAL REGIONAL ELEITORAL DO D. FEDERAL;02122057020TP0053;20TP;ATIVOS CIVIS DA UNIAO;0000;ATIVOS CIVIS DA UNIAO;084774;FOL SERVID;PESSOAL - FOLHA DE SERVIDORES;0100;RECURSOS ORDINARIOS;1;ORCAMENTO FISCAL;3;DESPESAS CORRENTES;1;PESSOAL E ENCARGOS SOCIAIS;11;VENCIMENTOS E VANTAGENS FIXAS - PESSOAL CIVIL;319011;VENCIMENTOS E VANTAGENS FIXAS - PESSOAL CIVIL;31901101;VENCIMENTOS E SALARIOS;5;GLOBAL;08;NAO SE APLICA;-8;03/01/2018;JAN/2018;2018;070025000012018NE000001;PESSOAL ATIVO;FOLHA DE PAGAMENTO DE SERVIDORES ATIVOS REFERENTE AO MES DE FEVEREIRO DE 2018 - PA SEI 0000707-84.2018.6.07.8100. DEDUCOES.  DEDUCOES. FINANCEIRA ALFA.;070025;TRIBUNAL REGIONAL ELEITORAL DO D. FEDERAL;;;;;;;;0,00;0,00;72.640,55;;;;;;;;;0,00;72.640,55
14107;TRIBUNAL REGIONAL ELEITORAL DO DIST. FEDERAL;070025;TRIBUNAL REGIONAL ELEITORAL DO D. FEDERAL;02122057020TP0053;20TP;ATIVOS CIVIS DA UNIAO;0000;ATIVOS CIVIS DA UNIAO;084774;FOL SERVID;PESSOAL - FOLHA DE SERVIDORES;0100;RECURSOS ORDINARIOS;1;ORCAMENTO FISCAL;3;DESPESAS CORRENTES;1;PESSOAL E ENCARGOS SOCIAIS;11;VENCIMENTOS E VANTAGENS FIXAS - PESSOAL CIVIL;319011;VENCIMENTOS E VANTAGENS FIXAS - PESSOAL CIVIL;31901101;VENCIMENTOS E SALARIOS;5;GLOBAL;08;NAO SE APLICA;-8;03/01/2018;JAN/2018;2018;070025000012018NE000001;PESSOAL ATIVO;FOLHA DE PAGAMENTO DE SERVIDORES ATIVOS REFERENTE AO MES DE FEVEREIRO DE 2018 - PA SEI 0000707-84.2018.6.07.8100. DEDUCOES.  FINANCEIRA BRB.;070025;TRIBUNAL REGIONAL ELEITORAL DO D. FEDERAL;;;;;;;;0,00;0,00;4.400,60;;;;;;;;;0,00;4.400,60
14107;TRIBUNAL REGIONAL ELEITORAL DO DIST. FEDERAL;070025;TRIBUNAL REGIONAL ELEITORAL DO D. FEDERAL;02122057020TP0053;20TP;ATIVOS CIVIS DA UNIAO;0000;ATIVOS CIVIS DA UNIAO;084774;FOL SERVID;PESSOAL - FOLHA DE SERVIDORES;0100;RECURSOS ORDINARIOS;1;ORCAMENTO FISCAL;3;DESPESAS CORRENTES;1;PESSOAL E ENCARGOS SOCIAIS;11;VENCIMENTOS E VANTAGENS FIXAS - PESSOAL CIVIL;319011;VENCIMENTOS E VANTAGENS FIXAS - PESSOAL CIVIL;31901101;VENCIMENTOS E SALARIOS;5;GLOBAL;08;NAO SE APLICA;-8;03/01/2018;JAN/2018;2018;070025000012018NE000001;PESSOAL ATIVO;FOLHA DE PAGAMENTO DE SERVIDORES ATIVOS REFERENTE AO MES DE FEVEREIRO DE 2018 - PA SEI 0000707-84.2018.6.07.8100. DEDUCOES.  IRRF.;070025;TRIBUNAL REGIONAL ELEITORAL DO D. FEDERAL;;;;;;;;0,00;0,00;549.826,38;;;;;;;;;0,00;549.826,38
14107;TRIBUNAL REGIONAL ELEITORAL DO DIST. FEDERAL;070025;TRIBUNAL REGIONAL ELEITORAL DO D. FEDERAL;02122057020TP0053;20TP;ATIVOS CIVIS DA UNIAO;0000;ATIVOS CIVIS DA UNIAO;084774;FOL SERVID;PESSOAL - FOLHA DE SERVIDORES;0100;RECURSOS ORDINARIOS;1;ORCAMENTO FISCAL;3;DESPESAS CORRENTES;1;PESSOAL E ENCARGOS SOCIAIS;11;VENCIMENTOS E VANTAGENS FIXAS - PESSOAL CIVIL;319011;VENCIMENTOS E VANTAGENS FIXAS - PESSOAL CIVIL;31901101;VENCIMENTOS E SALARIOS;5;GLOBAL;08;NAO SE APLICA;-8;03/01/2018;JAN/2018;2018;070025000012018NE000001;PESSOAL ATIVO;FOLHA DE PAGAMENTO DE SERVIDORES ATIVOS REFERENTE AO MES DE FEVEREIRO DE 2018 - PA SEI 0000707-84.2018.6.07.8100. DEDUCOES.  PRO - SAUDE (TJ).;070025;TRIBUNAL REGIONAL ELEITORAL DO D. FEDERAL;;;;;;;;0,00;0,00;1.094,11;;;;;;;;;0,00;1.094,11
14107;TRIBUNAL REGIONAL ELEITORAL DO DIST. FEDERAL;070025;TRIBUNAL REGIONAL ELEITORAL DO D. FEDERAL;02122057020TP0053;20TP;ATIVOS CIVIS DA UNIAO;0000;ATIVOS CIVIS DA UNIAO;084774;FOL SERVID;PESSOAL - FOLHA DE SERVIDORES;0100;RECURSOS ORDINARIOS;1;ORCAMENTO FISCAL;3;DESPESAS CORRENTES;1;PESSOAL E ENCARGOS SOCIAIS;11;VENCIMENTOS E VANTAGENS FIXAS - PESSOAL CIVIL;319011;VENCIMENTOS E VANTAGENS FIXAS - PESSOAL CIVIL;31901101;VENCIMENTOS E SALARIOS;5;GLOBAL;08;NAO SE APLICA;-8;03/01/2018;JAN/2018;2018;070025000012018NE000001;PESSOAL ATIVO;FOLHA DE PAGAMENTO DE SERVIDORES ATIVOS REFERENTE AO MES DE FEVEREIRO DE 2018 - PA SEI 0000707-84.2018.6.07.8100. DEDUCOES.  PSSS SERVIDOR.;070025;TRIBUNAL REGIONAL ELEITORAL DO D. FEDERAL;;;;;;;;0,00;0,00;305.534,71;;;;;;;;;0,00;305.534,71
14107;TRIBUNAL REGIONAL ELEITORAL DO DIST. FEDERAL;070025;TRIBUNAL REGIONAL ELEITORAL DO D. FEDERAL;02122057020TP0053;20TP;ATIVOS CIVIS DA UNIAO;0000;ATIVOS CIVIS DA UNIAO;084774;FOL SERVID;PESSOAL - FOLHA DE SERVIDORES;0100;RECURSOS ORDINARIOS;1;ORCAMENTO FISCAL;3;DESPESAS CORRENTES;1;PESSOAL E ENCARGOS SOCIAIS;11;VENCIMENTOS E VANTAGENS FIXAS - PESSOAL CIVIL;319011;VENCIMENTOS E VANTAGENS FIXAS - PESSOAL CIVIL;31901101;VENCIMENTOS E SALARIOS;5;GLOBAL;08;NAO SE APLICA;-8;03/01/2018;JAN/2018;2018;070025000012018NE000001;PESSOAL ATIVO;FOLHA DE PAGAMENTO DE SERVIDORES ATIVOS REFERENTE AO MES DE FEVEREIRO DE 2018 - PA SEI 0000707-84.2018.6.07.8100. DEDUCOES. ASTREDF.;070025;TRIBUNAL REGIONAL ELEITORAL DO D. FEDERAL;;;;;;;;0,00;0,00;5.226,68;;;;;;;;;0,00;5.226,68
14107;TRIBUNAL REGIONAL ELEITORAL DO DIST. FEDERAL;070025;TRIBUNAL REGIONAL ELEITORAL DO D. FEDERAL;02122057020TP0053;20TP;ATIVOS CIVIS DA UNIAO;0000;ATIVOS CIVIS DA UNIAO;084774;FOL SERVID;PESSOAL - FOLHA DE SERVIDORES;0100;RECURSOS ORDINARIOS;1;ORCAMENTO FISCAL;3;DESPESAS CORRENTES;1;PESSOAL E ENCARGOS SOCIAIS;11;VENCIMENTOS E VANTAGENS FIXAS - PESSOAL CIVIL;319011;VENCIMENTOS E VANTAGENS FIXAS - PESSOAL CIVIL;31901101;VENCIMENTOS E SALARIOS;5;GLOBAL;08;NAO SE APLICA;-8;03/01/2018;JAN/2018;2018;070025000012018NE000001;PESSOAL ATIVO;FOLHA DE PAGAMENTO DE SERVIDORES ATIVOS REFERENTE AO MES DE FEVEREIRO DE 2018 - PA SEI 0000707-84.2018.6.07.8100. DEDUCOES. BANCO DO BRASIL.;070025;TRIBUNAL REGIONAL ELEITORAL DO D. FEDERAL;;;;;;;;0,00;0,00;71.134,66;;;;;;;;;0,00;71.134,66
14107;TRIBUNAL REGIONAL ELEITORAL DO DIST. FEDERAL;070025;TRIBUNAL REGIONAL ELEITORAL DO D. FEDERAL;02122057020TP0053;20TP;ATIVOS CIVIS DA UNIAO;0000;ATIVOS CIVIS DA UNIAO;084774;FOL SERVID;PESSOAL - FOLHA DE SERVIDORES;0100;RECURSOS ORDINARIOS;1;ORCAMENTO FISCAL;3;DESPESAS CORRENTES;1;PESSOAL E ENCARGOS SOCIAIS;11;VENCIMENTOS E VANTAGENS FIXAS - PESSOAL CIVIL;319011;VENCIMENTOS E VANTAGENS FIXAS - PESSOAL CIVIL;31901101;VENCIMENTOS E SALARIOS;5;GLOBAL;08;NAO SE APLICA;-8;03/01/2018;JAN/2018;2018;070025000012018NE000001;PESSOAL ATIVO;FOLHA DE PAGAMENTO DE SERVIDORES ATIVOS REFERENTE AO MES DE FEVEREIRO DE 2018 - PA SEI 0000707-84.2018.6.07.8100. DEDUCOES. BANCO INVESTPREV.;070025;TRIBUNAL REGIONAL ELEITORAL DO D. FEDERAL;;;;;;;;0,00;0,00;142,79;;;;;;;;;0,00;142,79
14107;TRIBUNAL REGIONAL ELEITORAL DO DIST. FEDERAL;070025;TRIBUNAL REGIONAL ELEITORAL DO D. FEDERAL;02122057020TP0053;20TP;ATIVOS CIVIS DA UNIAO;0000;ATIVOS CIVIS DA UNIAO;084774;FOL SERVID;PESSOAL - FOLHA DE SERVIDORES;0100;RECURSOS ORDINARIOS;1;ORCAMENTO FISCAL;3;DESPESAS CORRENTES;1;PESSOAL E ENCARGOS SOCIAIS;11;VENCIMENTOS E VANTAGENS FIXAS - PESSOAL CIVIL;319011;VENCIMENTOS E VANTAGENS FIXAS - PESSOAL CIVIL;31901101;VENCIMENTOS E SALARIOS;5;GLOBAL;08;NAO SE APLICA;-8;03/01/2018;JAN/2018;2018;070025000012018NE000001;PESSOAL ATIVO;FOLHA DE PAGAMENTO DE SERVIDORES ATIVOS REFERENTE AO MES DE FEVEREIRO DE 2018 - PA SEI 0000707-84.2018.6.07.8100. DEDUCOES. DEDUCOES. SISEJUFE.;070025;TRIBUNAL REGIONAL ELEITORAL DO D. FEDERAL;;;;;;;;0,00;0,00;128,24;;;;;;;;;0,00;128,24
14107;TRIBUNAL REGIONAL ELEITORAL DO DIST. FEDERAL;070025;TRIBUNAL REGIONAL ELEITORAL DO D. FEDERAL;02122057020TP0053;20TP;ATIVOS CIVIS DA UNIAO;0000;ATIVOS CIVIS DA UNIAO;084774;FOL SERVID;PESSOAL - FOLHA DE SERVIDORES;0100;RECURSOS ORDINARIOS;1;ORCAMENTO FISCAL;3;DESPESAS CORRENTES;1;PESSOAL E ENCARGOS SOCIAIS;11;VENCIMENTOS E VANTAGENS FIXAS - PESSOAL CIVIL;319011;VENCIMENTOS E VANTAGENS FIXAS - PESSOAL CIVIL;31901101;VENCIMENTOS E SALARIOS;5;GLOBAL;08;NAO SE APLICA;-8;03/01/2018;JAN/2018;2018;070025000012018NE000001;PESSOAL ATIVO;FOLHA DE PAGAMENTO DE SERVIDORES ATIVOS REFERENTE AO MES DE FEVEREIRO DE 2018 - PA SEI 0000707-84.2018.6.07.8100. DEDUCOES. SINDJUS.;070025;TRIBUNAL REGIONAL ELEITORAL DO D. FEDERAL;;;;;;;;0,00;0,00;10.769,86;;;;;;;;;0,00;10.769,86
14107;TRIBUNAL REGIONAL ELEITORAL DO DIST. FEDERAL;070025;TRIBUNAL REGIONAL ELEITORAL DO D. FEDERAL;02122057020TP0053;20TP;ATIVOS CIVIS DA UNIAO;0000;ATIVOS CIVIS DA UNIAO;084774;FOL SERVID;PESSOAL - FOLHA DE SERVIDORES;0100;RECURSOS ORDINARIOS;1;ORCAMENTO FISCAL;3;DESPESAS CORRENTES;1;PESSOAL E ENCARGOS SOCIAIS;11;VENCIMENTOS E VANTAGENS FIXAS - PESSOAL CIVIL;319011;VENCIMENTOS E VANTAGENS FIXAS - PESSOAL CIVIL;31901101;VENCIMENTOS E SALARIOS;5;GLOBAL;08;NAO SE APLICA;-8;03/01/2018;JAN/2018;2018;070025000012018NE000001;PESSOAL ATIVO;FOLHA DE PAGAMENTO DE SERVIDORES ATIVOS REFERENTE AO MES DE JANEIRO DE 2018 - PA SEI 0000050-45.2018.6.07.8100;070025;TRIBUNAL REGIONAL ELEITORAL DO D. FEDERAL;;;;;;;;0,00;1.060.114,00;;;;;;;;;;1.060.114,00;
14107;TRIBUNAL REGIONAL ELEITORAL DO DIST. FEDERAL;070025;TRIBUNAL REGIONAL ELEITORAL DO D. FEDERAL;02122057020TP0053;20TP;ATIVOS CIVIS DA UNIAO;0000;ATIVOS CIVIS DA UNIAO;084774;FOL SERVID;PESSOAL - FOLHA DE SERVIDORES;0100;RECURSOS ORDINARIOS;1;ORCAMENTO FISCAL;3;DESPESAS CORRENTES;1;PESSOAL E ENCARGOS SOCIAIS;11;VENCIMENTOS E VANTAGENS FIXAS - PESSOAL CIVIL;319011;VENCIMENTOS E VANTAGENS FIXAS - PESSOAL CIVIL;31901101;VENCIMENTOS E SALARIOS;5;GLOBAL;08;NAO SE APLICA;-8;03/01/2018;JAN/2018;2018;070025000012018NE000001;PESSOAL ATIVO;FOLHA DE PAGAMENTO DE SERVIDORES ATIVOS REFERENTE AO MES DE JANEIRO DE 2018 - PA SEI 0000050-45.2018.6.07.8100. COMPLEMENTO A FOLHA. ACERTO DO PAGAMENTO DO SERVIDOR PAULO CEZAR SOARES DE MOURA.;070025;TRIBUNAL REGIONAL ELEITORAL DO D. FEDERAL;;;;;;;;0,00;2.640,71;2.638,68;;;;;;;;;2.640,71;2.638,68
14107;TRIBUNAL REGIONAL ELEITORAL DO DIST. FEDERAL;070025;TRIBUNAL REGIONAL ELEITORAL DO D. FEDERAL;02122057020TP0053;20TP;ATIVOS CIVIS DA UNIAO;0000;ATIVOS CIVIS DA UNIAO;084774;FOL SERVID;PESSOAL - FOLHA DE SERVIDORES;0100;RECURSOS ORDINARIOS;1;ORCAMENTO FISCAL;3;DESPESAS CORRENTES;1;PESSOAL E ENCARGOS SOCIAIS;11;VENCIMENTOS E VANTAGENS FIXAS - PESSOAL CIVIL;319011;VENCIMENTOS E VANTAGENS FIXAS - PESSOAL CIVIL;31901101;VENCIMENTOS E SALARIOS;5;GLOBAL;08;NAO SE APLICA;-8;03/01/2018;JAN/2018;2018;070025000012018NE000001;PESSOAL ATIVO;FOLHA DE PAGAMENTO DE SERVIDORES ATIVOS REFERENTE AO MES DE JANEIRO DE 2018 - PA SEI 0000050-45.2018.6.07.8100. COMPLEMENTO A FOLHA. ACERTO DO PAGAMENTO DO SERVIDOR PAULO CEZAR SOARES DE MOURA.RECOLHIMENTO DE IRRF;070025;TRIBUNAL REGIONAL ELEITORAL DO D. FEDERAL;;;;;;;;0,00;0,00;2,03;;;;;;;;;0,00;2,03
14107;TRIBUNAL REGIONAL ELEITORAL DO DIST. FEDERAL;070025;TRIBUNAL REGIONAL ELEITORAL DO D. FEDERAL;02122057020TP0053;20TP;ATIVOS CIVIS DA UNIAO;0000;ATIVOS CIVIS DA UNIAO;084774;FOL SERVID;PESSOAL - FOLHA DE SERVIDORES;0100;RECURSOS ORDINARIOS;1;ORCAMENTO FISCAL;3;DESPESAS CORRENTES;1;PESSOAL E ENCARGOS SOCIAIS;11;VENCIMENTOS E VANTAGENS FIXAS - PESSOAL CIVIL;319011;VENCIMENTOS E VANTAGENS FIXAS - PESSOAL CIVIL;31901101;VENCIMENTOS E SALARIOS;5;GLOBAL;08;NAO SE APLICA;-8;03/01/2018;JAN/2018;2018;070025000012018NE000001;PESSOAL ATIVO;FOLHA DE PAGAMENTO DE SERVIDORES ATIVOS REFERENTE AO MES DE JANEIRO DE 2018 - PA SEI 0000050-45.2018.6.07.8100. CONSIGNACAO BANCO CRUZ. DO SUL;070025;TRIBUNAL REGIONAL ELEITORAL DO D. FEDERAL;;;;;;;;0,00;0,00;19.697,35;;;;;;;;;0,00;19.697,35
14107;TRIBUNAL REGIONAL ELEITORAL DO DIST. FEDERAL;070025;TRIBUNAL REGIONAL ELEITORAL DO D. FEDERAL;02122057020TP0053;20TP;ATIVOS CIVIS DA UNIAO;0000;ATIVOS CIVIS DA UNIAO;084774;FOL SERVID;PESSOAL - FOLHA DE SERVIDORES;0100;RECURSOS ORDINARIOS;1;ORCAMENTO FISCAL;3;DESPESAS CORRENTES;1;PESSOAL E ENCARGOS SOCIAIS;11;VENCIMENTOS E VANTAGENS FIXAS - PESSOAL CIVIL;319011;VENCIMENTOS E VANTAGENS FIXAS - PESSOAL CIVIL;31901101;VENCIMENTOS E SALARIOS;5;GLOBAL;08;NAO SE APLICA;-8;03/01/2018;JAN/2018;2018;070025000012018NE000001;PESSOAL ATIVO;FOLHA DE PAGAMENTO DE SERVIDORES ATIVOS REFERENTE AO MES DE JANEIRO DE 2018 - PA SEI 0000050-45.2018.6.07.8100. CONSIGNACAO BANCO DO BRASIL;070025;TRIBUNAL REGIONAL ELEITORAL DO D. FEDERAL;;;;;;;;0,00;0,00;72.661,70;;;;;;;;;0,00;72.661,70
14107;TRIBUNAL REGIONAL ELEITORAL DO DIST. FEDERAL;070025;TRIBUNAL REGIONAL ELEITORAL DO D. FEDERAL;02122057020TP0053;20TP;ATIVOS CIVIS DA UNIAO;0000;ATIVOS CIVIS DA UNIAO;084774;FOL SERVID;PESSOAL - FOLHA DE SERVIDORES;0100;RECURSOS ORDINARIOS;1;ORCAMENTO FISCAL;3;DESPESAS CORRENTES;1;PESSOAL E ENCARGOS SOCIAIS;11;VENCIMENTOS E VANTAGENS FIXAS - PESSOAL CIVIL;319011;VENCIMENTOS E VANTAGENS FIXAS - PESSOAL CIVIL;31901101;VENCIMENTOS E SALARIOS;5;GLOBAL;08;NAO SE APLICA;-8;03/01/2018;JAN/2018;2018;070025000012018NE000001;PESSOAL ATIVO;FOLHA DE PAGAMENTO DE SERVIDORES ATIVOS REFERENTE AO MES DE JANEIRO DE 2018 - PA SEI 0000050-45.2018.6.07.8100. CONSIGNACAO CEF;070025;TRIBUNAL REGIONAL ELEITORAL DO D. FEDERAL;;;;;;;;0,00;0,00;70.325,79;;;;;;;;;0,00;70.325,79
14107;TRIBUNAL REGIONAL ELEITORAL DO DIST. FEDERAL;070025;TRIBUNAL REGIONAL ELEITORAL DO D. FEDERAL;02122057020TP0053;20TP;ATIVOS CIVIS DA UNIAO;0000;ATIVOS CIVIS DA UNIAO;084774;FOL SERVID;PESSOAL - FOLHA DE SERVIDORES;0100;RECURSOS ORDINARIOS;1;ORCAMENTO FISCAL;3;DESPESAS CORRENTES;1;PESSOAL E ENCARGOS SOCIAIS;11;VENCIMENTOS E VANTAGENS FIXAS - PESSOAL CIVIL;319011;VENCIMENTOS E VANTAGENS FIXAS - PESSOAL CIVIL;31901101;VENCIMENTOS E SALARIOS;5;GLOBAL;08;NAO SE APLICA;-8;03/01/2018;JAN/2018;2018;070025000012018NE000001;PESSOAL ATIVO;FOLHA DE PAGAMENTO DE SERVIDORES ATIVOS REFERENTE AO MES DE JANEIRO DE 2018 - PA SEI 0000050-45.2018.6.07.8100. CONSIGNACAO FINANCEIRA ALFA;070025;TRIBUNAL REGIONAL ELEITORAL DO D. FEDERAL;;;;;;;;0,00;0,00;69.585,54;;;;;;;;;0,00;69.585,54
14107;TRIBUNAL REGIONAL ELEITORAL DO DIST. FEDERAL;070025;TRIBUNAL REGIONAL ELEITORAL DO D. FEDERAL;02122057020TP0053;20TP;ATIVOS CIVIS DA UNIAO;0000;ATIVOS CIVIS DA UNIAO;084774;FOL SERVID;PESSOAL - FOLHA DE SERVIDORES;0100;RECURSOS ORDINARIOS;1;ORCAMENTO FISCAL;3;DESPESAS CORRENTES;1;PESSOAL E ENCARGOS SOCIAIS;11;VENCIMENTOS E VANTAGENS FIXAS - PESSOAL CIVIL;319011;VENCIMENTOS E VANTAGENS FIXAS - PESSOAL CIVIL;31901101;VENCIMENTOS E SALARIOS;5;GLOBAL;08;NAO SE APLICA;-8;03/01/2018;JAN/2018;2018;070025000012018NE000001;PESSOAL ATIVO;FOLHA DE PAGAMENTO DE SERVIDORES ATIVOS REFERENTE AO MES DE JANEIRO DE 2018 - PA SEI 0000050-45.2018.6.07.8100. CONSIGNACAO FINANCEIRA BRB;070025;TRIBUNAL REGIONAL ELEITORAL DO D. FEDERAL;;;;;;;;0,00;0,00;5.880,18;;;;;;;;;0,00;5.880,18
14107;TRIBUNAL REGIONAL ELEITORAL DO DIST. FEDERAL;070025;TRIBUNAL REGIONAL ELEITORAL DO D. FEDERAL;02122057020TP0053;20TP;ATIVOS CIVIS DA UNIAO;0000;ATIVOS CIVIS DA UNIAO;084774;FOL SERVID;PESSOAL - FOLHA DE SERVIDORES;0100;RECURSOS ORDINARIOS;1;ORCAMENTO FISCAL;3;DESPESAS CORRENTES;1;PESSOAL E ENCARGOS SOCIAIS;11;VENCIMENTOS E VANTAGENS FIXAS - PESSOAL CIVIL;319011;VENCIMENTOS E VANTAGENS FIXAS - PESSOAL CIVIL;31901101;VENCIMENTOS E SALARIOS;5;GLOBAL;08;NAO SE APLICA;-8;03/01/2018;JAN/2018;2018;070025000012018NE000001;PESSOAL ATIVO;FOLHA DE PAGAMENTO DE SERVIDORES ATIVOS REFERENTE AO MES DE JANEIRO DE 2018 - PA SEI 0000050-45.2018.6.07.8100. CONSIGNACAO INVESTPREV;070025;TRIBUNAL REGIONAL ELEITORAL DO D. FEDERAL;;;;;;;;0,00;0,00;142,79;;;;;;;;;0,00;142,79
14107;TRIBUNAL REGIONAL ELEITORAL DO DIST. FEDERAL;070025;TRIBUNAL REGIONAL ELEITORAL DO D. FEDERAL;02122057020TP0053;20TP;ATIVOS CIVIS DA UNIAO;0000;ATIVOS CIVIS DA UNIAO;084774;FOL SERVID;PESSOAL - FOLHA DE SERVIDORES;0100;RECURSOS ORDINARIOS;1;ORCAMENTO FISCAL;3;DESPESAS CORRENTES;1;PESSOAL E ENCARGOS SOCIAIS;11;VENCIMENTOS E VANTAGENS FIXAS - PESSOAL CIVIL;319011;VENCIMENTOS E VANTAGENS FIXAS - PESSOAL CIVIL;31901101;VENCIMENTOS E SALARIOS;5;GLOBAL;08;NAO SE APLICA;-8;03/01/2018;JAN/2018;2018;070025000012018NE000001;PESSOAL ATIVO;FOLHA DE PAGAMENTO DE SERVIDORES ATIVOS REFERENTE AO MES DE JANEIRO DE 2018 - PA SEI 0000050-45.2018.6.07.8100. CONSIGNACAO POUPEX;070025;TRIBUNAL REGIONAL ELEITORAL DO D. FEDERAL;;;;;;;;0,00;0,00;1.549,72;;;;;;;;;0,00;1.549,72
14107;TRIBUNAL REGIONAL ELEITORAL DO DIST. FEDERAL;070025;TRIBUNAL REGIONAL ELEITORAL DO D. FEDERAL;02122057020TP0053;20TP;ATIVOS CIVIS DA UNIAO;0000;ATIVOS CIVIS DA UNIAO;084774;FOL SERVID;PESSOAL - FOLHA DE SERVIDORES;0100;RECURSOS ORDINARIOS;1;ORCAMENTO FISCAL;3;DESPESAS CORRENTES;1;PESSOAL E ENCARGOS SOCIAIS;11;VENCIMENTOS E VANTAGENS FIXAS - PESSOAL CIVIL;319011;VENCIMENTOS E VANTAGENS FIXAS - PESSOAL CIVIL;31901101;VENCIMENTOS E SALARIOS;5;GLOBAL;08;NAO SE APLICA;-8;03/01/2018;JAN/2018;2018;070025000012018NE000001;PESSOAL ATIVO;FOLHA DE PAGAMENTO DE SERVIDORES ATIVOS REFERENTE AO MES DE JANEIRO DE 2018 - PA SEI 0000050-45.2018.6.07.8100. CONSIGNACAO SANTANDER;070025;TRIBUNAL REGIONAL ELEITORAL DO D. FEDERAL;;;;;;;;0,00;0,00;14.502,15;;;;;;;;;0,00;14.502,15
14107;TRIBUNAL REGIONAL ELEITORAL DO DIST. FEDERAL;070025;TRIBUNAL REGIONAL ELEITORAL DO D. FEDERAL;02122057020TP0053;20TP;ATIVOS CIVIS DA UNIAO;0000;ATIVOS CIVIS DA UNIAO;084774;FOL SERVID;PESSOAL - FOLHA DE SERVIDORES;0100;RECURSOS ORDINARIOS;1;ORCAMENTO FISCAL;3;DESPESAS CORRENTES;1;PESSOAL E ENCARGOS SOCIAIS;11;VENCIMENTOS E VANTAGENS FIXAS - PESSOAL CIVIL;319011;VENCIMENTOS E VANTAGENS FIXAS - PESSOAL CIVIL;31901101;VENCIMENTOS E SALARIOS;5;GLOBAL;08;NAO SE APLICA;-8;03/01/2018;JAN/2018;2018;070025000012018NE000001;PESSOAL ATIVO;FOLHA DE PAGAMENTO DE SERVIDORES ATIVOS REFERENTE AO MES DE JANEIRO DE 2018 - PA SEI 0000050-45.2018.6.07.8100. CONTRIBUICAO AA ANAJUS;070025;TRIBUNAL REGIONAL ELEITORAL DO D. FEDERAL;;;;;;;;0,00;0,00;277,50;;;;;;;;;0,00;277,50
14107;TRIBUNAL REGIONAL ELEITORAL DO DIST. FEDERAL;070025;TRIBUNAL REGIONAL ELEITORAL DO D. FEDERAL;02122057020TP0053;20TP;ATIVOS CIVIS DA UNIAO;0000;ATIVOS CIVIS DA UNIAO;084774;FOL SERVID;PESSOAL - FOLHA DE SERVIDORES;0100;RECURSOS ORDINARIOS;1;ORCAMENTO FISCAL;3;DESPESAS CORRENTES;1;PESSOAL E ENCARGOS SOCIAIS;11;VENCIMENTOS E VANTAGENS FIXAS - PESSOAL CIVIL;319011;VENCIMENTOS E VANTAGENS FIXAS - PESSOAL CIVIL;31901101;VENCIMENTOS E SALARIOS;5;GLOBAL;08;NAO SE APLICA;-8;03/01/2018;JAN/2018;2018;070025000012018NE000001;PESSOAL ATIVO;FOLHA DE PAGAMENTO DE SERVIDORES ATIVOS REFERENTE AO MES DE JANEIRO DE 2018 - PA SEI 0000050-45.2018.6.07.8100. CONTRIBUICAO AA ASTRE-DF;070025;TRIBUNAL REGIONAL ELEITORAL DO D. FEDERAL;;;;;;;;0,00;0,00;5.360,20;;;;;;;;;0,00;5.360,20
14107;TRIBUNAL REGIONAL ELEITORAL DO DIST. FEDERAL;070025;TRIBUNAL REGIONAL ELEITORAL DO D. FEDERAL;02122057020TP0053;20TP;ATIVOS CIVIS DA UNIAO;0000;ATIVOS CIVIS DA UNIAO;084774;FOL SERVID;PESSOAL - FOLHA DE SERVIDORES;0100;RECURSOS ORDINARIOS;1;ORCAMENTO FISCAL;3;DESPESAS CORRENTES;1;PESSOAL E ENCARGOS SOCIAIS;11;VENCIMENTOS E VANTAGENS FIXAS - PESSOAL CIVIL;319011;VENCIMENTOS E VANTAGENS FIXAS - PESSOAL CIVIL;31901101;VENCIMENTOS E SALARIOS;5;GLOBAL;08;NAO SE APLICA;-8;03/01/2018;JAN/2018;2018;070025000012018NE000001;PESSOAL ATIVO;FOLHA DE PAGAMENTO DE SERVIDORES ATIVOS REFERENTE AO MES DE JANEIRO DE 2018 - PA SEI 0000050-45.2018.6.07.8100. CONTRIBUICAO AO PRO-SAUDE TJDFT;070025;TRIBUNAL REGIONAL ELEITORAL DO D. FEDERAL;;;;;;;;0,00;0,00;1.562,17;;;;;;;;;0,00;1.562,17
14107;TRIBUNAL REGIONAL ELEITORAL DO DIST. FEDERAL;070025;TRIBUNAL REGIONAL ELEITORAL DO D. FEDERAL;02122057020TP0053;20TP;ATIVOS CIVIS DA UNIAO;0000;ATIVOS CIVIS DA UNIAO;084774;FOL SERVID;PESSOAL - FOLHA DE SERVIDORES;0100;RECURSOS ORDINARIOS;1;ORCAMENTO FISCAL;3;DESPESAS CORRENTES;1;PESSOAL E ENCARGOS SOCIAIS;11;VENCIMENTOS E VANTAGENS FIXAS - PESSOAL CIVIL;319011;VENCIMENTOS E VANTAGENS FIXAS - PESSOAL CIVIL;31901101;VENCIMENTOS E SALARIOS;5;GLOBAL;08;NAO SE APLICA;-8;03/01/2018;JAN/2018;2018;070025000012018NE000001;PESSOAL ATIVO;FOLHA DE PAGAMENTO DE SERVIDORES ATIVOS REFERENTE AO MES DE JANEIRO DE 2018 - PA SEI 0000050-45.2018.6.07.8100. CONTRIBUICAO AO SINDJUS;070025;TRIBUNAL REGIONAL ELEITORAL DO D. FEDERAL;;;;;;;;0,00;0,00;10.715,42;;;;;;;;;0,00;10.715,42
14107;TRIBUNAL REGIONAL ELEITORAL DO DIST. FEDERAL;070025;TRIBUNAL REGIONAL ELEITORAL DO D. FEDERAL;02122057020TP0053;20TP;ATIVOS CIVIS DA UNIAO;0000;ATIVOS CIVIS DA UNIAO;084774;FOL SERVID;PESSOAL - FOLHA DE SERVIDORES;0100;RECURSOS ORDINARIOS;1;ORCAMENTO FISCAL;3;DESPESAS CORRENTES;1;PESSOAL E ENCARGOS SOCIAIS;11;VENCIMENTOS E VANTAGENS FIXAS - PESSOAL CIVIL;319011;VENCIMENTOS E VANTAGENS FIXAS - PESSOAL CIVIL;31901101;VENCIMENTOS E SALARIOS;5;GLOBAL;08;NAO SE APLICA;-8;03/01/2018;JAN/2018;2018;070025000012018NE000001;PESSOAL ATIVO;FOLHA DE PAGAMENTO DE SERVIDORES ATIVOS REFERENTE AO MES DE JANEIRO DE 2018 - PA SEI 0000050-45.2018.6.07.8100. CONTRIBUICAO AO SISEJUFE;070025;TRIBUNAL REGIONAL ELEITORAL DO D. FEDERAL;;;;;;;;0,00;0,00;128,24;;;;;;;;;0,00;128,24
14107;TRIBUNAL REGIONAL ELEITORAL DO DIST. FEDERAL;070025;TRIBUNAL REGIONAL ELEITORAL DO D. FEDERAL;02122057020TP0053;20TP;ATIVOS CIVIS DA UNIAO;0000;ATIVOS CIVIS DA UNIAO;084774;FOL SERVID;PESSOAL - FOLHA DE SERVIDORES;0100;RECURSOS ORDINARIOS;1;ORCAMENTO FISCAL;3;DESPESAS CORRENTES;1;PESSOAL E ENCARGOS SOCIAIS;11;VENCIMENTOS E VANTAGENS FIXAS - PESSOAL CIVIL;319011;VENCIMENTOS E VANTAGENS FIXAS - PESSOAL CIVIL;31901101;VENCIMENTOS E SALARIOS;5;GLOBAL;08;NAO SE APLICA;-8;03/01/2018;JAN/2018;2018;070025000012018NE000001;PESSOAL ATIVO;FOLHA DE PAGAMENTO DE SERVIDORES ATIVOS REFERENTE AO MES DE JANEIRO DE 2018 - PA SEI 0000050-45.2018.6.07.8100. DADOS BANCARIOS BANCOS DIFERENTES DO BB, ITAU E CEF;070025;TRIBUNAL REGIONAL ELEITORAL DO D. FEDERAL;;;;;;;;0,00;0,00;0,01;;;;;;;;;0,00;0,01
14107;TRIBUNAL REGIONAL ELEITORAL DO DIST. FEDERAL;070025;TRIBUNAL REGIONAL ELEITORAL DO D. FEDERAL;02122057020TP0053;20TP;ATIVOS CIVIS DA UNIAO;0000;ATIVOS CIVIS DA UNIAO;084774;FOL SERVID;PESSOAL - FOLHA DE SERVIDORES;0100;RECURSOS ORDINARIOS;1;ORCAMENTO FISCAL;3;DESPESAS CORRENTES;1;PESSOAL E ENCARGOS SOCIAIS;11;VENCIMENTOS E VANTAGENS FIXAS - PESSOAL CIVIL;319011;VENCIMENTOS E VANTAGENS FIXAS - PESSOAL CIVIL;31901101;VENCIMENTOS E SALARIOS;5;GLOBAL;08;NAO SE APLICA;-8;03/01/2018;JAN/2018;2018;070025000012018NE000001;PESSOAL ATIVO;FOLHA DE PAGAMENTO DE SERVIDORES ATIVOS REFERENTE AO MES DE JANEIRO DE 2018 - PA SEI 0000050-45.2018.6.07.8100. RECOLHIMENTO DE IRRF;070025;TRIBUNAL REGIONAL ELEITORAL DO D. FEDERAL;;;;;;;;0,00;0,00;483.901,18;;;;;;;;;0,00;483.901,18
14107;TRIBUNAL REGIONAL ELEITORAL DO DIST. FEDERAL;070025;TRIBUNAL REGIONAL ELEITORAL DO D. FEDERAL;02122057020TP0053;20TP;ATIVOS CIVIS DA UNIAO;0000;ATIVOS CIVIS DA UNIAO;084774;FOL SERVID;PESSOAL - FOLHA DE SERVIDORES;0100;RECURSOS ORDINARIOS;1;ORCAMENTO FISCAL;3;DESPESAS CORRENTES;1;PESSOAL E ENCARGOS SOCIAIS;11;VENCIMENTOS E VANTAGENS FIXAS - PESSOAL CIVIL;319011;VENCIMENTOS E VANTAGENS FIXAS - PESSOAL CIVIL;31901101;VENCIMENTOS E SALARIOS;5;GLOBAL;08;NAO SE APLICA;-8;03/01/2018;JAN/2018;2018;070025000012018NE000001;PESSOAL ATIVO;FOLHA DE PAGAMENTO DE SERVIDORES ATIVOS REFERENTE AO MES DE JANEIRO DE 2018 - PA SEI 0000050-45.2018.6.07.8100. RECOLHIMENTO DO PSSS SERVIDOR;070025;TRIBUNAL REGIONAL ELEITORAL DO D. FEDERAL;;;;;;;;0,00;0,00;303.824,06;;;;;;;;;0,00;303.824,06
14107;TRIBUNAL REGIONAL ELEITORAL DO DIST. FEDERAL;070025;TRIBUNAL REGIONAL ELEITORAL DO D. FEDERAL;02122057020TP0053;20TP;ATIVOS CIVIS DA UNIAO;0000;ATIVOS CIVIS DA UNIAO;084774;FOL SERVID;PESSOAL - FOLHA DE SERVIDORES;0100;RECURSOS ORDINARIOS;1;ORCAMENTO FISCAL;3;DESPESAS CORRENTES;1;PESSOAL E ENCARGOS SOCIAIS;11;VENCIMENTOS E VANTAGENS FIXAS - PESSOAL CIVIL;319011;VENCIMENTOS E VANTAGENS FIXAS - PESSOAL CIVIL;31901101;VENCIMENTOS E SALARIOS;5;GLOBAL;08;NAO SE APLICA;-8;03/01/2018;JAN/2018;2018;070025000012018NE000001;PESSOAL ATIVO;FOLHA DE PAGAMENTO DE SERVIDORES ATIVOS REFERENTE AO MES DE MAIO DE 2018 - PA SEI 0002530-93.2018.6.07.8100.;070025;TRIBUNAL REGIONAL ELEITORAL DO D. FEDERAL;;;;;;;;0,00;1.139.734,47;;;;;;;;;;1.139.734,47;
14107;TRIBUNAL REGIONAL ELEITORAL DO DIST. FEDERAL;070025;TRIBUNAL REGIONAL ELEITORAL DO D. FEDERAL;02122057020TP0053;20TP;ATIVOS CIVIS DA UNIAO;0000;ATIVOS CIVIS DA UNIAO;084774;FOL SERVID;PESSOAL - FOLHA DE SERVIDORES;0100;RECURSOS ORDINARIOS;1;ORCAMENTO FISCAL;3;DESPESAS CORRENTES;1;PESSOAL E ENCARGOS SOCIAIS;11;VENCIMENTOS E VANTAGENS FIXAS - PESSOAL CIVIL;319011;VENCIMENTOS E VANTAGENS FIXAS - PESSOAL CIVIL;31901101;VENCIMENTOS E SALARIOS;5;GLOBAL;08;NAO SE APLICA;-8;03/01/2018;JAN/2018;2018;070025000012018NE000001;PESSOAL ATIVO;FOLHA DE PAGAMENTO DE SERVIDORES ATIVOS REFERENTE AO MES DE MAIO DE 2018 - PA SEI 0002530-93.2018.6.07.8100. DEVOLUCOES.;070025;TRIBUNAL REGIONAL ELEITORAL DO D. FEDERAL;;;;;;;;0,00;(4.546,77);(4.546,77);;;;;;;;;(4.546,77);(4.546,77)
14107;TRIBUNAL REGIONAL ELEITORAL DO DIST. FEDERAL;070025;TRIBUNAL REGIONAL ELEITORAL DO D. FEDERAL;02122057020TP0053;20TP;ATIVOS CIVIS DA UNIAO;0000;ATIVOS CIVIS DA UNIAO;084774;FOL SERVID;PESSOAL - FOLHA DE SERVIDORES;0100;RECURSOS ORDINARIOS;1;ORCAMENTO FISCAL;3;DESPESAS CORRENTES;1;PESSOAL E ENCARGOS SOCIAIS;11;VENCIMENTOS E VANTAGENS FIXAS - PESSOAL CIVIL;319011;VENCIMENTOS E VANTAGENS FIXAS - PESSOAL CIVIL;31901101;VENCIMENTOS E SALARIOS;5;GLOBAL;08;NAO SE APLICA;-8;03/01/2018;JAN/2018;2018;070025000012018NE000001;PESSOAL ATIVO;FOLHA DE PAGAMENTO DE SERVIDORES ATIVOS REFERENTE AO MES DE MARCO DE 2018 - PA SEI 0001307-08.2018.6.07.8100;070025;TRIBUNAL REGIONAL ELEITORAL DO D. FEDERAL;;;;;;;;0,00;1.131.566,16;;;;;;;;;;1.131.566,16;
14107;TRIBUNAL REGIONAL ELEITORAL DO DIST. FEDERAL;070025;TRIBUNAL REGIONAL ELEITORAL DO D. FEDERAL;02122057020TP0053;20TP;ATIVOS CIVIS DA UNIAO;0000;ATIVOS CIVIS DA UNIAO;084774;FOL SERVID;PESSOAL - FOLHA DE SERVIDORES;0100;RECURSOS ORDINARIOS;1;ORCAMENTO FISCAL;3;DESPESAS CORRENTES;1;PESSOAL E ENCARGOS SOCIAIS;11;VENCIMENTOS E VANTAGENS FIXAS - PESSOAL CIVIL;319011;VENCIMENTOS E VANTAGENS FIXAS - PESSOAL CIVIL;31901101;VENCIMENTOS E SALARIOS;5;GLOBAL;08;NAO SE APLICA;-8;03/01/2018;JAN/2018;2018;070025000012018NE000001;PESSOAL ATIVO;FOLHA DE PAGAMENTO DE SERVIDORES ATIVOS REFERENTE AO MES DE MARCO DE 2018 - PA SEI 0001307-08.2018.6.07.8100 ŽANULACAO DE DESPESAS.;070025;TRIBUNAL REGIONAL ELEITORAL DO D. FEDERAL;;;;;;;;0,00;(864,75);(864,75);;;;;;;;;(864,75);(864,75)
14107;TRIBUNAL REGIONAL ELEITORAL DO DIST. FEDERAL;070025;TRIBUNAL REGIONAL ELEITORAL DO D. FEDERAL;02122057020TP0053;20TP;ATIVOS CIVIS DA UNIAO;0000;ATIVOS CIVIS DA UNIAO;084774;FOL SERVID;PESSOAL - FOLHA DE SERVIDORES;0100;RECURSOS ORDINARIOS;1;ORCAMENTO FISCAL;3;DESPESAS CORRENTES;1;PESSOAL E ENCARGOS SOCIAIS;11;VENCIMENTOS E VANTAGENS FIXAS - PESSOAL CIVIL;319011;VENCIMENTOS E VANTAGENS FIXAS - PESSOAL CIVIL;31901101;VENCIMENTOS E SALARIOS;5;GLOBAL;08;NAO SE APLICA;-8;03/01/2018;JAN/2018;2018;070025000012018NE000001;PESSOAL ATIVO;FOLHA DE PAGAMENTO DE SERVIDORES ATIVOS REFERENTE AO MES DE MARCO DE 2018 - PA SEI 0001307-08.2018.6.07.8100.  ANAJUS MENSALIDADE.;070025;TRIBUNAL REGIONAL ELEITORAL DO D. FEDERAL;;;;;;;;0,00;0,00;278,53;;;;;;;;;0,00;278,53
14107;TRIBUNAL REGIONAL ELEITORAL DO DIST. FEDERAL;070025;TRIBUNAL REGIONAL ELEITORAL DO D. FEDERAL;02122057020TP0053;20TP;ATIVOS CIVIS DA UNIAO;0000;ATIVOS CIVIS DA UNIAO;084774;FOL SERVID;PESSOAL - FOLHA DE SERVIDORES;0100;RECURSOS ORDINARIOS;1;ORCAMENTO FISCAL;3;DESPESAS CORRENTES;1;PESSOAL E ENCARGOS SOCIAIS;11;VENCIMENTOS E VANTAGENS FIXAS - PESSOAL CIVIL;319011;VENCIMENTOS E VANTAGENS FIXAS - PESSOAL CIVIL;31901101;VENCIMENTOS E SALARIOS;5;GLOBAL;08;NAO SE APLICA;-8;03/01/2018;JAN/2018;2018;070025000012018NE000001;PESSOAL ATIVO;FOLHA DE PAGAMENTO DE SERVIDORES ATIVOS REFERENTE AO MES DE MARCO DE 2018 - PA SEI 0001307-08.2018.6.07.8100.  ASTRE.;070025;TRIBUNAL REGIONAL ELEITORAL DO D. FEDERAL;;;;;;;;0,00;0,00;5.376,07;;;;;;;;;0,00;5.376,07
14107;TRIBUNAL REGIONAL ELEITORAL DO DIST. FEDERAL;070025;TRIBUNAL REGIONAL ELEITORAL DO D. FEDERAL;02122057020TP0053;20TP;ATIVOS CIVIS DA UNIAO;0000;ATIVOS CIVIS DA UNIAO;084774;FOL SERVID;PESSOAL - FOLHA DE SERVIDORES;0100;RECURSOS ORDINARIOS;1;ORCAMENTO FISCAL;3;DESPESAS CORRENTES;1;PESSOAL E ENCARGOS SOCIAIS;11;VENCIMENTOS E VANTAGENS FIXAS - PESSOAL CIVIL;319011;VENCIMENTOS E VANTAGENS FIXAS - PESSOAL CIVIL;31901101;VENCIMENTOS E SALARIOS;5;GLOBAL;08;NAO SE APLICA;-8;03/01/2018;JAN/2018;2018;070025000012018NE000001;PESSOAL ATIVO;FOLHA DE PAGAMENTO DE SERVIDORES ATIVOS REFERENTE AO MES DE MARCO DE 2018 - PA SEI 0001307-08.2018.6.07.8100.  CONSIGNACAO - BANCO CRUZEIRO DO SUL.;070025;TRIBUNAL REGIONAL ELEITORAL DO D. FEDERAL;;;;;;;;0,00;0,00;19.697,35;;;;;;;;;0,00;19.697,35
14107;TRIBUNAL REGIONAL ELEITORAL DO DIST. FEDERAL;070025;TRIBUNAL REGIONAL ELEITORAL DO D. FEDERAL;02122057020TP0053;20TP;ATIVOS CIVIS DA UNIAO;0000;ATIVOS CIVIS DA UNIAO;084774;FOL SERVID;PESSOAL - FOLHA DE SERVIDORES;0100;RECURSOS ORDINARIOS;1;ORCAMENTO FISCAL;3;DESPESAS CORRENTES;1;PESSOAL E ENCARGOS SOCIAIS;11;VENCIMENTOS E VANTAGENS FIXAS - PESSOAL CIVIL;319011;VENCIMENTOS E VANTAGENS FIXAS - PESSOAL CIVIL;31901101;VENCIMENTOS E SALARIOS;5;GLOBAL;08;NAO SE APLICA;-8;03/01/2018;JAN/2018;2018;070025000012018NE000001;PESSOAL ATIVO;FOLHA DE PAGAMENTO DE SERVIDORES ATIVOS REFERENTE AO MES DE MARCO DE 2018 - PA SEI 0001307-08.2018.6.07.8100.  CONSIGNACAO - BANCO DO BRASIL.;070025;TRIBUNAL REGIONAL ELEITORAL DO D. FEDERAL;;;;;;;;0,00;0,00;64.544,50;;;;;;;;;0,00;64.544,50
14107;TRIBUNAL REGIONAL ELEITORAL DO DIST. FEDERAL;070025;TRIBUNAL REGIONAL ELEITORAL DO D. FEDERAL;02122057020TP0053;20TP;ATIVOS CIVIS DA UNIAO;0000;ATIVOS CIVIS DA UNIAO;084774;FOL SERVID;PESSOAL - FOLHA DE SERVIDORES;0100;RECURSOS ORDINARIOS;1;ORCAMENTO FISCAL;3;DESPESAS CORRENTES;1;PESSOAL E ENCARGOS SOCIAIS;11;VENCIMENTOS E VANTAGENS FIXAS - PESSOAL CIVIL;319011;VENCIMENTOS E VANTAGENS FIXAS - PESSOAL CIVIL;31901101;VENCIMENTOS E SALARIOS;5;GLOBAL;08;NAO SE APLICA;-8;03/01/2018;JAN/2018;2018;070025000012018NE000001;PESSOAL ATIVO;FOLHA DE PAGAMENTO DE SERVIDORES ATIVOS REFERENTE AO MES DE MARCO DE 2018 - PA SEI 0001307-08.2018.6.07.8100.  CONSIGNACAO - BANCO SANTANDER.;070025;TRIBUNAL REGIONAL ELEITORAL DO D. FEDERAL;;;;;;;;0,00;0,00;11.006,34;;;;;;;;;0,00;11.006,34
14107;TRIBUNAL REGIONAL ELEITORAL DO DIST. FEDERAL;070025;TRIBUNAL REGIONAL ELEITORAL DO D. FEDERAL;02122057020TP0053;20TP;ATIVOS CIVIS DA UNIAO;0000;ATIVOS CIVIS DA UNIAO;084774;FOL SERVID;PESSOAL - FOLHA DE SERVIDORES;0100;RECURSOS ORDINARIOS;1;ORCAMENTO FISCAL;3;DESPESAS CORRENTES;1;PESSOAL E ENCARGOS SOCIAIS;11;VENCIMENTOS E VANTAGENS FIXAS - PESSOAL CIVIL;319011;VENCIMENTOS E VANTAGENS FIXAS - PESSOAL CIVIL;31901101;VENCIMENTOS E SALARIOS;5;GLOBAL;08;NAO SE APLICA;-8;03/01/2018;JAN/2018;2018;070025000012018NE000001;PESSOAL ATIVO;FOLHA DE PAGAMENTO DE SERVIDORES ATIVOS REFERENTE AO MES DE MARCO DE 2018 - PA SEI 0001307-08.2018.6.07.8100.  CONSIGNACAO - BRADESCO.;070025;TRIBUNAL REGIONAL ELEITORAL DO D. FEDERAL;;;;;;;;0,00;0,00;2.598,78;;;;;;;;;0,00;2.598,78
14107;TRIBUNAL REGIONAL ELEITORAL DO DIST. FEDERAL;070025;TRIBUNAL REGIONAL ELEITORAL DO D. FEDERAL;02122057020TP0053;20TP;ATIVOS CIVIS DA UNIAO;0000;ATIVOS CIVIS DA UNIAO;084774;FOL SERVID;PESSOAL - FOLHA DE SERVIDORES;0100;RECURSOS ORDINARIOS;1;ORCAMENTO FISCAL;3;DESPESAS CORRENTES;1;PESSOAL E ENCARGOS SOCIAIS;11;VENCIMENTOS E VANTAGENS FIXAS - PESSOAL CIVIL;319011;VENCIMENTOS E VANTAGENS FIXAS - PESSOAL CIVIL;31901101;VENCIMENTOS E SALARIOS;5;GLOBAL;08;NAO SE APLICA;-8;03/01/2018;JAN/2018;2018;070025000012018NE000001;PESSOAL ATIVO;FOLHA DE PAGAMENTO DE SERVIDORES ATIVOS REFERENTE AO MES DE MARCO DE 2018 - PA SEI 0001307-08.2018.6.07.8100.  CONSIGNACAO - BRB.;070025;TRIBUNAL REGIONAL ELEITORAL DO D. FEDERAL;;;;;;;;0,00;0,00;4.400,60;;;;;;;;;0,00;4.400,60
14107;TRIBUNAL REGIONAL ELEITORAL DO DIST. FEDERAL;070025;TRIBUNAL REGIONAL ELEITORAL DO D. FEDERAL;02122057020TP0053;20TP;ATIVOS CIVIS DA UNIAO;0000;ATIVOS CIVIS DA UNIAO;084774;FOL SERVID;PESSOAL - FOLHA DE SERVIDORES;0100;RECURSOS ORDINARIOS;1;ORCAMENTO FISCAL;3;DESPESAS CORRENTES;1;PESSOAL E ENCARGOS SOCIAIS;11;VENCIMENTOS E VANTAGENS FIXAS - PESSOAL CIVIL;319011;VENCIMENTOS E VANTAGENS FIXAS - PESSOAL CIVIL;31901101;VENCIMENTOS E SALARIOS;5;GLOBAL;08;NAO SE APLICA;-8;03/01/2018;JAN/2018;2018;070025000012018NE000001;PESSOAL ATIVO;FOLHA DE PAGAMENTO DE SERVIDORES ATIVOS REFERENTE AO MES DE MARCO DE 2018 - PA SEI 0001307-08.2018.6.07.8100.  CONSIGNACAO - CAIXA ECONOMICA FEDERAL.;070025;TRIBUNAL REGIONAL ELEITORAL DO D. FEDERAL;;;;;;;;0,00;0,00;69.085,03;;;;;;;;;0,00;69.085,03
14107;TRIBUNAL REGIONAL ELEITORAL DO DIST. FEDERAL;070025;TRIBUNAL REGIONAL ELEITORAL DO D. FEDERAL;02122057020TP0053;20TP;ATIVOS CIVIS DA UNIAO;0000;ATIVOS CIVIS DA UNIAO;084774;FOL SERVID;PESSOAL - FOLHA DE SERVIDORES;0100;RECURSOS ORDINARIOS;1;ORCAMENTO FISCAL;3;DESPESAS CORRENTES;1;PESSOAL E ENCARGOS SOCIAIS;11;VENCIMENTOS E VANTAGENS FIXAS - PESSOAL CIVIL;319011;VENCIMENTOS E VANTAGENS FIXAS - PESSOAL CIVIL;31901101;VENCIMENTOS E SALARIOS;5;GLOBAL;08;NAO SE APLICA;-8;03/01/2018;JAN/2018;2018;070025000012018NE000001;PESSOAL ATIVO;FOLHA DE PAGAMENTO DE SERVIDORES ATIVOS REFERENTE AO MES DE MARCO DE 2018 - PA SEI 0001307-08.2018.6.07.8100.  CONSIGNACAO - FINANCEIRA ALFA.;070025;TRIBUNAL REGIONAL ELEITORAL DO D. FEDERAL;;;;;;;;0,00;0,00;74.749,90;;;;;;;;;0,00;74.749,90
14107;TRIBUNAL REGIONAL ELEITORAL DO DIST. FEDERAL;070025;TRIBUNAL REGIONAL ELEITORAL DO D. FEDERAL;02122057020TP0053;20TP;ATIVOS CIVIS DA UNIAO;0000;ATIVOS CIVIS DA UNIAO;084774;FOL SERVID;PESSOAL - FOLHA DE SERVIDORES;0100;RECURSOS ORDINARIOS;1;ORCAMENTO FISCAL;3;DESPESAS CORRENTES;1;PESSOAL E ENCARGOS SOCIAIS;11;VENCIMENTOS E VANTAGENS FIXAS - PESSOAL CIVIL;319011;VENCIMENTOS E VANTAGENS FIXAS - PESSOAL CIVIL;31901101;VENCIMENTOS E SALARIOS;5;GLOBAL;08;NAO SE APLICA;-8;03/01/2018;JAN/2018;2018;070025000012018NE000001;PESSOAL ATIVO;FOLHA DE PAGAMENTO DE SERVIDORES ATIVOS REFERENTE AO MES DE MARCO DE 2018 - PA SEI 0001307-08.2018.6.07.8100.  CONSIGNACAO - INVESTPREV.;070025;TRIBUNAL REGIONAL ELEITORAL DO D. FEDERAL;;;;;;;;0,00;0,00;142,79;;;;;;;;;0,00;142,79
14107;TRIBUNAL REGIONAL ELEITORAL DO DIST. FEDERAL;070025;TRIBUNAL REGIONAL ELEITORAL DO D. FEDERAL;02122057020TP0053;20TP;ATIVOS CIVIS DA UNIAO;0000;ATIVOS CIVIS DA UNIAO;084774;FOL SERVID;PESSOAL - FOLHA DE SERVIDORES;0100;RECURSOS ORDINARIOS;1;ORCAMENTO FISCAL;3;DESPESAS CORRENTES;1;PESSOAL E ENCARGOS SOCIAIS;11;VENCIMENTOS E VANTAGENS FIXAS - PESSOAL CIVIL;319011;VENCIMENTOS E VANTAGENS FIXAS - PESSOAL CIVIL;31901101;VENCIMENTOS E SALARIOS;5;GLOBAL;08;NAO SE APLICA;-8;03/01/2018;JAN/2018;2018;070025000012018NE000001;PESSOAL ATIVO;FOLHA DE PAGAMENTO DE SERVIDORES ATIVOS REFERENTE AO MES DE MARCO DE 2018 - PA SEI 0001307-08.2018.6.07.8100.  CONSIGNACAO - POUPEX.;070025;TRIBUNAL REGIONAL ELEITORAL DO D. FEDERAL;;;;;;;;0,00;0,00;1.539,15;;;;;;;;;0,00;1.539,15
14107;TRIBUNAL REGIONAL ELEITORAL DO DIST. FEDERAL;070025;TRIBUNAL REGIONAL ELEITORAL DO D. FEDERAL;02122057020TP0053;20TP;ATIVOS CIVIS DA UNIAO;0000;ATIVOS CIVIS DA UNIAO;084774;FOL SERVID;PESSOAL - FOLHA DE SERVIDORES;0100;RECURSOS ORDINARIOS;1;ORCAMENTO FISCAL;3;DESPESAS CORRENTES;1;PESSOAL E ENCARGOS SOCIAIS;11;VENCIMENTOS E VANTAGENS FIXAS - PESSOAL CIVIL;319011;VENCIMENTOS E VANTAGENS FIXAS - PESSOAL CIVIL;31901101;VENCIMENTOS E SALARIOS;5;GLOBAL;08;NAO SE APLICA;-8;03/01/2018;JAN/2018;2018;070025000012018NE000001;PESSOAL ATIVO;FOLHA DE PAGAMENTO DE SERVIDORES ATIVOS REFERENTE AO MES DE MARCO DE 2018 - PA SEI 0001307-08.2018.6.07.8100.  CONSIGNACAO - SISEJUFE.;070025;TRIBUNAL REGIONAL ELEITORAL DO D. FEDERAL;;;;;;;;0,00;0,00;128,24;;;;;;;;;0,00;128,24
14107;TRIBUNAL REGIONAL ELEITORAL DO DIST. FEDERAL;070025;TRIBUNAL REGIONAL ELEITORAL DO D. FEDERAL;02122057020TP0053;20TP;ATIVOS CIVIS DA UNIAO;0000;ATIVOS CIVIS DA UNIAO;084774;FOL SERVID;PESSOAL - FOLHA DE SERVIDORES;0100;RECURSOS ORDINARIOS;1;ORCAMENTO FISCAL;3;DESPESAS CORRENTES;1;PESSOAL E ENCARGOS SOCIAIS;11;VENCIMENTOS E VANTAGENS FIXAS - PESSOAL CIVIL;319011;VENCIMENTOS E VANTAGENS FIXAS - PESSOAL CIVIL;31901101;VENCIMENTOS E SALARIOS;5;GLOBAL;08;NAO SE APLICA;-8;03/01/2018;JAN/2018;2018;070025000012018NE000001;PESSOAL ATIVO;FOLHA DE PAGAMENTO DE SERVIDORES ATIVOS REFERENTE AO MES DE MARCO DE 2018 - PA SEI 0001307-08.2018.6.07.8100.  PENSAO ALIMENTICIA CEF.;070025;TRIBUNAL REGIONAL ELEITORAL DO D. FEDERAL;;;;;;;;0,00;0,00;3.903,05;;;;;;;;;0,00;3.903,05
14107;TRIBUNAL REGIONAL ELEITORAL DO DIST. FEDERAL;070025;TRIBUNAL REGIONAL ELEITORAL DO D. FEDERAL;02122057020TP0053;20TP;ATIVOS CIVIS DA UNIAO;0000;ATIVOS CIVIS DA UNIAO;084774;FOL SERVID;PESSOAL - FOLHA DE SERVIDORES;0100;RECURSOS ORDINARIOS;1;ORCAMENTO FISCAL;3;DESPESAS CORRENTES;1;PESSOAL E ENCARGOS SOCIAIS;11;VENCIMENTOS E VANTAGENS FIXAS - PESSOAL CIVIL;319011;VENCIMENTOS E VANTAGENS FIXAS - PESSOAL CIVIL;31901101;VENCIMENTOS E SALARIOS;5;GLOBAL;08;NAO SE APLICA;-8;03/01/2018;JAN/2018;2018;070025000012018NE000001;PESSOAL ATIVO;FOLHA DE PAGAMENTO DE SERVIDORES ATIVOS REFERENTE AO MES DE MARCO DE 2018 - PA SEI 0001307-08.2018.6.07.8100.  PENSAO ALIMENTICIA OUTROS BANCOS.;070025;TRIBUNAL REGIONAL ELEITORAL DO D. FEDERAL;;;;;;;;0,00;0,00;12.644,70;;;;;;;;;0,00;12.644,70
14107;TRIBUNAL REGIONAL ELEITORAL DO DIST. FEDERAL;070025;TRIBUNAL REGIONAL ELEITORAL DO D. FEDERAL;02122057020TP0053;20TP;ATIVOS CIVIS DA UNIAO;0000;ATIVOS CIVIS DA UNIAO;084774;FOL SERVID;PESSOAL - FOLHA DE SERVIDORES;0100;RECURSOS ORDINARIOS;1;ORCAMENTO FISCAL;3;DESPESAS CORRENTES;1;PESSOAL E ENCARGOS SOCIAIS;11;VENCIMENTOS E VANTAGENS FIXAS - PESSOAL CIVIL;319011;VENCIMENTOS E VANTAGENS FIXAS - PESSOAL CIVIL;31901101;VENCIMENTOS E SALARIOS;5;GLOBAL;08;NAO SE APLICA;-8;03/01/2018;JAN/2018;2018;070025000012018NE000001;PESSOAL ATIVO;FOLHA DE PAGAMENTO DE SERVIDORES ATIVOS REFERENTE AO MES DE MARCO DE 2018 - PA SEI 0001307-08.2018.6.07.8100.  PRO-SAUDE.;070025;TRIBUNAL REGIONAL ELEITORAL DO D. FEDERAL;;;;;;;;0,00;0,00;1.508,52;;;;;;;;;0,00;1.508,52
14107;TRIBUNAL REGIONAL ELEITORAL DO DIST. FEDERAL;070025;TRIBUNAL REGIONAL ELEITORAL DO D. FEDERAL;02122057020TP0053;20TP;ATIVOS CIVIS DA UNIAO;0000;ATIVOS CIVIS DA UNIAO;084774;FOL SERVID;PESSOAL - FOLHA DE SERVIDORES;0100;RECURSOS ORDINARIOS;1;ORCAMENTO FISCAL;3;DESPESAS CORRENTES;1;PESSOAL E ENCARGOS SOCIAIS;11;VENCIMENTOS E VANTAGENS FIXAS - PESSOAL CIVIL;319011;VENCIMENTOS E VANTAGENS FIXAS - PESSOAL CIVIL;31901101;VENCIMENTOS E SALARIOS;5;GLOBAL;08;NAO SE APLICA;-8;03/01/2018;JAN/2018;2018;070025000012018NE000001;PESSOAL ATIVO;FOLHA DE PAGAMENTO DE SERVIDORES ATIVOS REFERENTE AO MES DE MARCO DE 2018 - PA SEI 0001307-08.2018.6.07.8100.  SINDJUS.;070025;TRIBUNAL REGIONAL ELEITORAL DO D. FEDERAL;;;;;;;;0,00;0,00;10.801,50;;;;;;;;;0,00;10.801,50
14107;TRIBUNAL REGIONAL ELEITORAL DO DIST. FEDERAL;070025;TRIBUNAL REGIONAL ELEITORAL DO D. FEDERAL;02122057020TP0053;20TP;ATIVOS CIVIS DA UNIAO;0000;ATIVOS CIVIS DA UNIAO;084774;FOL SERVID;PESSOAL - FOLHA DE SERVIDORES;0100;RECURSOS ORDINARIOS;1;ORCAMENTO FISCAL;3;DESPESAS CORRENTES;1;PESSOAL E ENCARGOS SOCIAIS;11;VENCIMENTOS E VANTAGENS FIXAS - PESSOAL CIVIL;319011;VENCIMENTOS E VANTAGENS FIXAS - PESSOAL CIVIL;31901101;VENCIMENTOS E SALARIOS;5;GLOBAL;08;NAO SE APLICA;-8;03/01/2018;JAN/2018;2018;070025000012018NE000001;PESSOAL ATIVO;FOLHA DE PAGAMENTO DE SERVIDORES ATIVOS REFERENTE AO MES DE MARCO DE 2018 - PA SEI 0001307-08.2018.6.07.8100.  TRE-SAUDE.;070025;TRIBUNAL REGIONAL ELEITORAL DO D. FEDERAL;;;;;;;;0,00;0,00;195.573,48;;;;;;;;;0,00;195.573,48
14107;TRIBUNAL REGIONAL ELEITORAL DO DIST. FEDERAL;070025;TRIBUNAL REGIONAL ELEITORAL DO D. FEDERAL;02122057020TP0053;20TP;ATIVOS CIVIS DA UNIAO;0000;ATIVOS CIVIS DA UNIAO;084774;FOL SERVID;PESSOAL - FOLHA DE SERVIDORES;0100;RECURSOS ORDINARIOS;1;ORCAMENTO FISCAL;3;DESPESAS CORRENTES;1;PESSOAL E ENCARGOS SOCIAIS;11;VENCIMENTOS E VANTAGENS FIXAS - PESSOAL CIVIL;319011;VENCIMENTOS E VANTAGENS FIXAS - PESSOAL CIVIL;31901101;VENCIMENTOS E SALARIOS;5;GLOBAL;08;NAO SE APLICA;-8;03/01/2018;JAN/2018;2018;070025000012018NE000001;PESSOAL ATIVO;FOLHA DE PAGAMENTO DE SERVIDORES ATIVOS REFERENTE AO MES DE MARCO DE 2018 - PA SEI 0001307-08.2018.6.07.8100. CONSIGNACAO - PENSAO ALIMENTICIA BANCO DO BRASIL.;070025;TRIBUNAL REGIONAL ELEITORAL DO D. FEDERAL;;;;;;;;0,00;0,00;36.287,02;;;;;;;;;0,00;36.287,02
14107;TRIBUNAL REGIONAL ELEITORAL DO DIST. FEDERAL;070025;TRIBUNAL REGIONAL ELEITORAL DO D. FEDERAL;02122057020TP0053;20TP;ATIVOS CIVIS DA UNIAO;0000;ATIVOS CIVIS DA UNIAO;084774;FOL SERVID;PESSOAL - FOLHA DE SERVIDORES;0100;RECURSOS ORDINARIOS;1;ORCAMENTO FISCAL;3;DESPESAS CORRENTES;1;PESSOAL E ENCARGOS SOCIAIS;11;VENCIMENTOS E VANTAGENS FIXAS - PESSOAL CIVIL;319011;VENCIMENTOS E VANTAGENS FIXAS - PESSOAL CIVIL;31901101;VENCIMENTOS E SALARIOS;5;GLOBAL;08;NAO SE APLICA;-8;03/01/2018;JAN/2018;2018;070025000012018NE000001;PESSOAL ATIVO;FOLHA DE PAGAMENTO DE SERVIDORES ATIVOS REFERENTE AO MES DE MARCO DE 2018 - PA SEI 0001307-08.2018.6.07.8100. ŽIMPOSTO DE RENDA RETIDO NA FONTE.;070025;TRIBUNAL REGIONAL ELEITORAL DO D. FEDERAL;;;;;;;;0,00;0,00;310.069,89;;;;;;;;;0,00;310.069,89
14107;TRIBUNAL REGIONAL ELEITORAL DO DIST. FEDERAL;070025;TRIBUNAL REGIONAL ELEITORAL DO D. FEDERAL;02122057020TP0053;20TP;ATIVOS CIVIS DA UNIAO;0000;ATIVOS CIVIS DA UNIAO;084774;FOL SERVID;PESSOAL - FOLHA DE SERVIDORES;0100;RECURSOS ORDINARIOS;1;ORCAMENTO FISCAL;3;DESPESAS CORRENTES;1;PESSOAL E ENCARGOS SOCIAIS;11;VENCIMENTOS E VANTAGENS FIXAS - PESSOAL CIVIL;319011;VENCIMENTOS E VANTAGENS FIXAS - PESSOAL CIVIL;31901101;VENCIMENTOS E SALARIOS;5;GLOBAL;08;NAO SE APLICA;-8;03/01/2018;JAN/2018;2018;070025000012018NE000001;PESSOAL ATIVO;FOLHA DE PAGAMENTO DE SERVIDORES ATIVOS REFERENTE AO MES DE MARCO DE 2018 - PA SEI 0001307-08.2018.6.07.8100. ŽINSS.;070025;TRIBUNAL REGIONAL ELEITORAL DO D. FEDERAL;;;;;;;;0,00;0,00;1.863,09;;;;;;;;;0,00;1.863,09
14107;TRIBUNAL REGIONAL ELEITORAL DO DIST. FEDERAL;070025;TRIBUNAL REGIONAL ELEITORAL DO D. FEDERAL;02122057020TP0053;20TP;ATIVOS CIVIS DA UNIAO;0000;ATIVOS CIVIS DA UNIAO;084774;FOL SERVID;PESSOAL - FOLHA DE SERVIDORES;0100;RECURSOS ORDINARIOS;1;ORCAMENTO FISCAL;3;DESPESAS CORRENTES;1;PESSOAL E ENCARGOS SOCIAIS;11;VENCIMENTOS E VANTAGENS FIXAS - PESSOAL CIVIL;319011;VENCIMENTOS E VANTAGENS FIXAS - PESSOAL CIVIL;31901101;VENCIMENTOS E SALARIOS;5;GLOBAL;08;NAO SE APLICA;-8;03/01/2018;JAN/2018;2018;070025000012018NE000001;PESSOAL ATIVO;FOLHA DE PAGAMENTO DE SERVIDORES ATIVOS REFERENTE AO MES DE MARCO DE 2018 - PA SEI 0001307-08.2018.6.07.8100. ŽPSSS SERVIDOR.;070025;TRIBUNAL REGIONAL ELEITORAL DO D. FEDERAL;;;;;;;;0,00;0,00;304.015,13;;;;;;;;;0,00;304.015,13
14107;TRIBUNAL REGIONAL ELEITORAL DO DIST. FEDERAL;070025;TRIBUNAL REGIONAL ELEITORAL DO D. FEDERAL;02122057020TP0053;20TP;ATIVOS CIVIS DA UNIAO;0000;ATIVOS CIVIS DA UNIAO;084774;FOL SERVID;PESSOAL - FOLHA DE SERVIDORES;0100;RECURSOS ORDINARIOS;1;ORCAMENTO FISCAL;3;DESPESAS CORRENTES;1;PESSOAL E ENCARGOS SOCIAIS;11;VENCIMENTOS E VANTAGENS FIXAS - PESSOAL CIVIL;319011;VENCIMENTOS E VANTAGENS FIXAS - PESSOAL CIVIL;31901101;VENCIMENTOS E SALARIOS;5;GLOBAL;08;NAO SE APLICA;-8;03/01/2018;JAN/2018;2018;070025000012018NE000001;PESSOAL ATIVO;FOLHA DE PAGAMENTO DE SERVIDORES ATIVOS REFERENTE AO MES DE MARCO DE 2018 - PA SEI 0001307-08.2018.6.07.8100. ŽTAXAS DE CONSIGNACOES.;070025;TRIBUNAL REGIONAL ELEITORAL DO D. FEDERAL;;;;;;;;0,00;0,00;1.352,50;;;;;;;;;0,00;1.352,50
14107;TRIBUNAL REGIONAL ELEITORAL DO DIST. FEDERAL;070025;TRIBUNAL REGIONAL ELEITORAL DO D. FEDERAL;02122057020TP0053;20TP;ATIVOS CIVIS DA UNIAO;0000;ATIVOS CIVIS DA UNIAO;084774;FOL SERVID;PESSOAL - FOLHA DE SERVIDORES;0100;RECURSOS ORDINARIOS;1;ORCAMENTO FISCAL;3;DESPESAS CORRENTES;1;PESSOAL E ENCARGOS SOCIAIS;11;VENCIMENTOS E VANTAGENS FIXAS - PESSOAL CIVIL;319011;VENCIMENTOS E VANTAGENS FIXAS - PESSOAL CIVIL;31901101;VENCIMENTOS E SALARIOS;5;GLOBAL;08;NAO SE APLICA;-8;03/01/2018;JAN/2018;2018;070025000012018NE000001;PESSOAL ATIVO;FOLHA DE PAGAMENTO DO MES DE  JANEIRO/2018 DOS SERVIDORES ATIVOS. PA 0000050-45.2018.6.07.8100.;070025;TRIBUNAL REGIONAL ELEITORAL DO D. FEDERAL;;;;;;;;0,00;1.128.182,98;;;;;;;;;;1.128.182,98;
14107;TRIBUNAL REGIONAL ELEITORAL DO DIST. FEDERAL;070025;TRIBUNAL REGIONAL ELEITORAL DO D. FEDERAL;02122057020TP0053;20TP;ATIVOS CIVIS DA UNIAO;0000;ATIVOS CIVIS DA UNIAO;084774;FOL SERVID;PESSOAL - FOLHA DE SERVIDORES;0100;RECURSOS ORDINARIOS;1;ORCAMENTO FISCAL;3;DESPESAS CORRENTES;1;PESSOAL E ENCARGOS SOCIAIS;11;VENCIMENTOS E VANTAGENS FIXAS - PESSOAL CIVIL;319011;VENCIMENTOS E VANTAGENS FIXAS - PESSOAL CIVIL;31901101;VENCIMENTOS E SALARIOS;5;GLOBAL;08;NAO SE APLICA;-8;03/01/2018;JAN/2018;2018;070025000012018NE000001;PESSOAL ATIVO;FOLHA DE PAGAMENTO DO MES DE  JANEIRO/2018 DOS SERVIDORES ATIVOS. PA 0000050-45.2018.6.07.8100. CANCELAMENTOS PARA ACERTO DE ERRO DE APROPRIACAO;070025;TRIBUNAL REGIONAL ELEITORAL DO D. FEDERAL;;;;;;;;0,00;(2.187.796,97);;;;;;;;;;(2.187.796,97);
14107;TRIBUNAL REGIONAL ELEITORAL DO DIST. FEDERAL;070025;TRIBUNAL REGIONAL ELEITORAL DO D. FEDERAL;02122057020TP0053;20TP;ATIVOS CIVIS DA UNIAO;0000;ATIVOS CIVIS DA UNIAO;084774;FOL SERVID;PESSOAL - FOLHA DE SERVIDORES;0100;RECURSOS ORDINARIOS;1;ORCAMENTO FISCAL;3;DESPESAS CORRENTES;1;PESSOAL E ENCARGOS SOCIAIS;11;VENCIMENTOS E VANTAGENS FIXAS - PESSOAL CIVIL;319011;VENCIMENTOS E VANTAGENS FIXAS - PESSOAL CIVIL;31901101;VENCIMENTOS E SALARIOS;5;GLOBAL;08;NAO SE APLICA;-8;03/01/2018;JAN/2018;2018;070025000012018NE000001;PESSOAL ATIVO;FOLHA DE PAGAMENTO DO MES DE  JANEIRO/2018 DOS SERVIDORES ATIVOS. PA 0000050-45.2018.6.07.8100.APROPRIACAO VENCIMENTOS E SALARIOS;070025;TRIBUNAL REGIONAL ELEITORAL DO D. FEDERAL;;;;;;;;0,00;1.060.114,00;;;;;;;;;;1.060.114,00;
14107;TRIBUNAL REGIONAL ELEITORAL DO DIST. FEDERAL;070025;TRIBUNAL REGIONAL ELEITORAL DO D. FEDERAL;02122057020TP0053;20TP;ATIVOS CIVIS DA UNIAO;0000;ATIVOS CIVIS DA UNIAO;084774;FOL SERVID;PESSOAL - FOLHA DE SERVIDORES;0100;RECURSOS ORDINARIOS;1;ORCAMENTO FISCAL;3;DESPESAS CORRENTES;1;PESSOAL E ENCARGOS SOCIAIS;11;VENCIMENTOS E VANTAGENS FIXAS - PESSOAL CIVIL;319011;VENCIMENTOS E VANTAGENS FIXAS - PESSOAL CIVIL;31901101;VENCIMENTOS E SALARIOS;5;GLOBAL;08;NAO SE APLICA;-8;03/01/2018;JAN/2018;2018;070025000012018NE000001;PESSOAL ATIVO;FOLHA DE PAGAMENTO DO MES DE  JANEIRO/2018 DOS SERVIDORES ATIVOS. PA 0000050-45.2018.6.07.8100.CANCELAMENTO PARA ACERTO DE VALOR;070025;TRIBUNAL REGIONAL ELEITORAL DO D. FEDERAL;;;;;;;;0,00;(500,01);;;;;;;;;;(500,01);
14107;TRIBUNAL REGIONAL ELEITORAL DO DIST. FEDERAL;070025;TRIBUNAL REGIONAL ELEITORAL DO D. FEDERAL;02122057020TP0053;20TP;ATIVOS CIVIS DA UNIAO;0000;ATIVOS CIVIS DA UNIAO;084774;FOL SERVID;PESSOAL - FOLHA DE SERVIDORES;0100;RECURSOS ORDINARIOS;1;ORCAMENTO FISCAL;3;DESPESAS CORRENTES;1;PESSOAL E ENCARGOS SOCIAIS;11;VENCIMENTOS E VANTAGENS FIXAS - PESSOAL CIVIL;319011;VENCIMENTOS E VANTAGENS FIXAS - PESSOAL CIVIL;31901105;INCORPORACOES;5;GLOBAL;08;NAO SE APLICA;-8;02/01/2015;JAN/2015;2015;070025000012015NE000002;PESSOAL ATIVO;NAO SE APLICA;070025;TRIBUNAL REGIONAL ELEITORAL DO D. FEDERAL;;;;;;;;;;;7.119,64;7.119,64;;;;;;;;
14107;TRIBUNAL REGIONAL ELEITORAL DO DIST. FEDERAL;070025;TRIBUNAL REGIONAL ELEITORAL DO D. FEDERAL;02122057020TP0053;20TP;ATIVOS CIVIS DA UNIAO;0000;ATIVOS CIVIS DA UNIAO;084774;FOL SERVID;PESSOAL - FOLHA DE SERVIDORES;0100;RECURSOS ORDINARIOS;1;ORCAMENTO FISCAL;3;DESPESAS CORRENTES;1;PESSOAL E ENCARGOS SOCIAIS;11;VENCIMENTOS E VANTAGENS FIXAS - PESSOAL CIVIL;319011;VENCIMENTOS E VANTAGENS FIXAS - PESSOAL CIVIL;31901105;INCORPORACOES;5;GLOBAL;08;NAO SE APLICA;-8;03/01/2018;JAN/2018;2018;070025000012018NE000001;PESSOAL ATIVO;2018NECT - VENCIMENTOS E VANTAGENS FIXAS - PESSOAL ATIVO. EXERCICIO 2018.;070025;TRIBUNAL REGIONAL ELEITORAL DO D. FEDERAL;;;;;;;;2.800.000,00;;;;;;;;;;;;
14107;TRIBUNAL REGIONAL ELEITORAL DO DIST. FEDERAL;070025;TRIBUNAL REGIONAL ELEITORAL DO D. FEDERAL;02122057020TP0053;20TP;ATIVOS CIVIS DA UNIAO;0000;ATIVOS CIVIS DA UNIAO;084774;FOL SERVID;PESSOAL - FOLHA DE SERVIDORES;0100;RECURSOS ORDINARIOS;1;ORCAMENTO FISCAL;3;DESPESAS CORRENTES;1;PESSOAL E ENCARGOS SOCIAIS;11;VENCIMENTOS E VANTAGENS FIXAS - PESSOAL CIVIL;319011;VENCIMENTOS E VANTAGENS FIXAS - PESSOAL CIVIL;31901105;INCORPORACOES;5;GLOBAL;08;NAO SE APLICA;-8;03/01/2018;JAN/2018;2018;070025000012018NE000001;PESSOAL ATIVO;DEVOLUCAO REALIZADA PELO SINDJUS REF. AO VALOR DA REMUNERACAO DO SERVIDOR JOSE RODRIGUES COSTA NETO, RELATIVO AO MES DE FEVEREIRO/2018.ŽO SERVIDOR ESTA CEDIDO AQUELA INSTITUICAO PARA DESEMPENHO DE MANDATO CLASSISTA, CONFORME PA 71.836/2015.;070025;TRIBUNAL REGIONAL ELEITORAL DO D. FEDERAL;;;;;;;;0,00;(2.819,30);(2.819,30);;;;;;;;;(2.819,30);(2.819,30)
14107;TRIBUNAL REGIONAL ELEITORAL DO DIST. FEDERAL;070025;TRIBUNAL REGIONAL ELEITORAL DO D. FEDERAL;02122057020TP0053;20TP;ATIVOS CIVIS DA UNIAO;0000;ATIVOS CIVIS DA UNIAO;084774;FOL SERVID;PESSOAL - FOLHA DE SERVIDORES;0100;RECURSOS ORDINARIOS;1;ORCAMENTO FISCAL;3;DESPESAS CORRENTES;1;PESSOAL E ENCARGOS SOCIAIS;11;VENCIMENTOS E VANTAGENS FIXAS - PESSOAL CIVIL;319011;VENCIMENTOS E VANTAGENS FIXAS - PESSOAL CIVIL;31901105;INCORPORACOES;5;GLOBAL;08;NAO SE APLICA;-8;03/01/2018;JAN/2018;2018;070025000012018NE000001;PESSOAL ATIVO;DEVOLUCAO REALIZADA PELO SINDJUS REF. AO VALOR DA REMUNERACAO DO SERVIDOR JOSE RODRIGUES COSTA NETO, RELATIVO AO MES DE JANEIRO/2018 E 13 SALARIO. ŽO SERVIDOR ESTA CEDIDO AQUELA INSTITUICAO PARA DESEMPENHO DE MANDATO CLASSISTA, CONFORME PA 71.836/2015.;070025;TRIBUNAL REGIONAL ELEITORAL DO D. FEDERAL;;;;;;;;0,00;(2.819,30);(2.819,30);;;;;;;;;(2.819,30);(2.819,30)
14107;TRIBUNAL REGIONAL ELEITORAL DO DIST. FEDERAL;070025;TRIBUNAL REGIONAL ELEITORAL DO D. FEDERAL;02122057020TP0053;20TP;ATIVOS CIVIS DA UNIAO;0000;ATIVOS CIVIS DA UNIAO;084774;FOL SERVID;PESSOAL - FOLHA DE SERVIDORES;0100;RECURSOS ORDINARIOS;1;ORCAMENTO FISCAL;3;DESPESAS CORRENTES;1;PESSOAL E ENCARGOS SOCIAIS;11;VENCIMENTOS E VANTAGENS FIXAS - PESSOAL CIVIL;319011;VENCIMENTOS E VANTAGENS FIXAS - PESSOAL CIVIL;31901105;INCORPORACOES;5;GLOBAL;08;NAO SE APLICA;-8;03/01/2018;JAN/2018;2018;070025000012018NE000001;PESSOAL ATIVO;DEVOLUCAO REALIZADA PELO SINDJUS REF. AO VALOR DA REMUNERACAO DO SERVIDOR JOSE RODRIGUES COSTA NETO, RELATIVO AO MES DE MARCO/2018.ŽO SERVIDOR ESTA CEDIDO AQUELA INSTITUICAO PARA DESEMPENHO DE MANDATO CLASSISTA, CONFORME PA 71.836/2015.;070025;TRIBUNAL REGIONAL ELEITORAL DO D. FEDERAL;;;;;;;;0,00;(5.638,60);(5.638,60);;;;;;;;;(5.638,60);(5.638,60)
14107;TRIBUNAL REGIONAL ELEITORAL DO DIST. FEDERAL;070025;TRIBUNAL REGIONAL ELEITORAL DO D. FEDERAL;02122057020TP0053;20TP;ATIVOS CIVIS DA UNIAO;0000;ATIVOS CIVIS DA UNIAO;084774;FOL SERVID;PESSOAL - FOLHA DE SERVIDORES;0100;RECURSOS ORDINARIOS;1;ORCAMENTO FISCAL;3;DESPESAS CORRENTES;1;PESSOAL E ENCARGOS SOCIAIS;11;VENCIMENTOS E VANTAGENS FIXAS - PESSOAL CIVIL;319011;VENCIMENTOS E VANTAGENS FIXAS - PESSOAL CIVIL;31901105;INCORPORACOES;5;GLOBAL;08;NAO SE APLICA;-8;03/01/2018;JAN/2018;2018;070025000012018NE000001;PESSOAL ATIVO;FOLHA DE PAGAMENTO DE SERVIDORES ATIVOS REFERENTE AO MES DE ABRIL DE 2018 - PA SEI 0001951-48.2018.6.07.8100;070025;TRIBUNAL REGIONAL ELEITORAL DO D. FEDERAL;;;;;;;;0,00;228.066,38;;;;;;;;;;228.066,38;
14107;TRIBUNAL REGIONAL ELEITORAL DO DIST. FEDERAL;070025;TRIBUNAL REGIONAL ELEITORAL DO D. FEDERAL;02122057020TP0053;20TP;ATIVOS CIVIS DA UNIAO;0000;ATIVOS CIVIS DA UNIAO;084774;FOL SERVID;PESSOAL - FOLHA DE SERVIDORES;0100;RECURSOS ORDINARIOS;1;ORCAMENTO FISCAL;3;DESPESAS CORRENTES;1;PESSOAL E ENCARGOS SOCIAIS;11;VENCIMENTOS E VANTAGENS FIXAS - PESSOAL CIVIL;319011;VENCIMENTOS E VANTAGENS FIXAS - PESSOAL CIVIL;31901105;INCORPORACOES;5;GLOBAL;08;NAO SE APLICA;-8;03/01/2018;JAN/2018;2018;070025000012018NE000001;PESSOAL ATIVO;FOLHA DE PAGAMENTO DE SERVIDORES ATIVOS REFERENTE AO MES DE ABRIL DE 2018 - PA SEI 0001951-48.2018.6.07.8100. DEDUCOES.  IRRF.;070025;TRIBUNAL REGIONAL ELEITORAL DO D. FEDERAL;;;;;;;;0,00;0,00;137.998,46;;;;;;;;;0,00;137.998,46
14107;TRIBUNAL REGIONAL ELEITORAL DO DIST. FEDERAL;070025;TRIBUNAL REGIONAL ELEITORAL DO D. FEDERAL;02122057020TP0053;20TP;ATIVOS CIVIS DA UNIAO;0000;ATIVOS CIVIS DA UNIAO;084774;FOL SERVID;PESSOAL - FOLHA DE SERVIDORES;0100;RECURSOS ORDINARIOS;1;ORCAMENTO FISCAL;3;DESPESAS CORRENTES;1;PESSOAL E ENCARGOS SOCIAIS;11;VENCIMENTOS E VANTAGENS FIXAS - PESSOAL CIVIL;319011;VENCIMENTOS E VANTAGENS FIXAS - PESSOAL CIVIL;31901105;INCORPORACOES;5;GLOBAL;08;NAO SE APLICA;-8;03/01/2018;JAN/2018;2018;070025000012018NE000001;PESSOAL ATIVO;FOLHA DE PAGAMENTO DE SERVIDORES ATIVOS REFERENTE AO MES DE ABRIL DE 2018 - PA SEI 0001951-48.2018.6.07.8100. DEDUCOES.  TRE-SAUDE CONTRIBUICAO MENSAL.;070025;TRIBUNAL REGIONAL ELEITORAL DO D. FEDERAL;;;;;;;;0,00;0,00;83.110,89;;;;;;;;;0,00;83.110,89
14107;TRIBUNAL REGIONAL ELEITORAL DO DIST. FEDERAL;070025;TRIBUNAL REGIONAL ELEITORAL DO D. FEDERAL;02122057020TP0053;20TP;ATIVOS CIVIS DA UNIAO;0000;ATIVOS CIVIS DA UNIAO;084774;FOL SERVID;PESSOAL - FOLHA DE SERVIDORES;0100;RECURSOS ORDINARIOS;1;ORCAMENTO FISCAL;3;DESPESAS CORRENTES;1;PESSOAL E ENCARGOS SOCIAIS;11;VENCIMENTOS E VANTAGENS FIXAS - PESSOAL CIVIL;319011;VENCIMENTOS E VANTAGENS FIXAS - PESSOAL CIVIL;31901105;INCORPORACOES;5;GLOBAL;08;NAO SE APLICA;-8;03/01/2018;JAN/2018;2018;070025000012018NE000001;PESSOAL ATIVO;FOLHA DE PAGAMENTO DE SERVIDORES ATIVOS REFERENTE AO MES DE ABRIL DE 2018 - PA SEI 0001951-48.2018.6.07.8100. ENCARGO FUNPRESP - JUD PATROCINADO EMPRESA.;070025;TRIBUNAL REGIONAL ELEITORAL DO D. FEDERAL;;;;;;;;0,00;0,00;6.957,03;;;;;;;;;0,00;6.957,03
14107;TRIBUNAL REGIONAL ELEITORAL DO DIST. FEDERAL;070025;TRIBUNAL REGIONAL ELEITORAL DO D. FEDERAL;02122057020TP0053;20TP;ATIVOS CIVIS DA UNIAO;0000;ATIVOS CIVIS DA UNIAO;084774;FOL SERVID;PESSOAL - FOLHA DE SERVIDORES;0100;RECURSOS ORDINARIOS;1;ORCAMENTO FISCAL;3;DESPESAS CORRENTES;1;PESSOAL E ENCARGOS SOCIAIS;11;VENCIMENTOS E VANTAGENS FIXAS - PESSOAL CIVIL;319011;VENCIMENTOS E VANTAGENS FIXAS - PESSOAL CIVIL;31901105;INCORPORACOES;5;GLOBAL;08;NAO SE APLICA;-8;03/01/2018;JAN/2018;2018;070025000012018NE000001;PESSOAL ATIVO;FOLHA DE PAGAMENTO DE SERVIDORES ATIVOS REFERENTE AO MES DE FEVEREIRO DE 2018 - PA SEI 0000707-84.2018.6.07.8100;070025;TRIBUNAL REGIONAL ELEITORAL DO D. FEDERAL;;;;;;;;0,00;228.066,38;;;;;;;;;;228.066,38;
14107;TRIBUNAL REGIONAL ELEITORAL DO DIST. FEDERAL;070025;TRIBUNAL REGIONAL ELEITORAL DO D. FEDERAL;02122057020TP0053;20TP;ATIVOS CIVIS DA UNIAO;0000;ATIVOS CIVIS DA UNIAO;084774;FOL SERVID;PESSOAL - FOLHA DE SERVIDORES;0100;RECURSOS ORDINARIOS;1;ORCAMENTO FISCAL;3;DESPESAS CORRENTES;1;PESSOAL E ENCARGOS SOCIAIS;11;VENCIMENTOS E VANTAGENS FIXAS - PESSOAL CIVIL;319011;VENCIMENTOS E VANTAGENS FIXAS - PESSOAL CIVIL;31901105;INCORPORACOES;5;GLOBAL;08;NAO SE APLICA;-8;03/01/2018;JAN/2018;2018;070025000012018NE000001;PESSOAL ATIVO;FOLHA DE PAGAMENTO DE SERVIDORES ATIVOS REFERENTE AO MES DE FEVEREIRO DE 2018 - PA SEI 0000707-84.2018.6.07.8100. DEDUCOES.  IRRF.;070025;TRIBUNAL REGIONAL ELEITORAL DO D. FEDERAL;;;;;;;;0,00;0,00;89.747,60;;;;;;;;;0,00;89.747,60
14107;TRIBUNAL REGIONAL ELEITORAL DO DIST. FEDERAL;070025;TRIBUNAL REGIONAL ELEITORAL DO D. FEDERAL;02122057020TP0053;20TP;ATIVOS CIVIS DA UNIAO;0000;ATIVOS CIVIS DA UNIAO;084774;FOL SERVID;PESSOAL - FOLHA DE SERVIDORES;0100;RECURSOS ORDINARIOS;1;ORCAMENTO FISCAL;3;DESPESAS CORRENTES;1;PESSOAL E ENCARGOS SOCIAIS;11;VENCIMENTOS E VANTAGENS FIXAS - PESSOAL CIVIL;319011;VENCIMENTOS E VANTAGENS FIXAS - PESSOAL CIVIL;31901105;INCORPORACOES;5;GLOBAL;08;NAO SE APLICA;-8;03/01/2018;JAN/2018;2018;070025000012018NE000001;PESSOAL ATIVO;FOLHA DE PAGAMENTO DE SERVIDORES ATIVOS REFERENTE AO MES DE FEVEREIRO DE 2018 - PA SEI 0000707-84.2018.6.07.8100. DEDUCOES.  PENSAO ALIMENTICIA (BB) .;070025;TRIBUNAL REGIONAL ELEITORAL DO D. FEDERAL;;;;;;;;0,00;0,00;37.385,71;;;;;;;;;0,00;37.385,71
14107;TRIBUNAL REGIONAL ELEITORAL DO DIST. FEDERAL;070025;TRIBUNAL REGIONAL ELEITORAL DO D. FEDERAL;02122057020TP0053;20TP;ATIVOS CIVIS DA UNIAO;0000;ATIVOS CIVIS DA UNIAO;084774;FOL SERVID;PESSOAL - FOLHA DE SERVIDORES;0100;RECURSOS ORDINARIOS;1;ORCAMENTO FISCAL;3;DESPESAS CORRENTES;1;PESSOAL E ENCARGOS SOCIAIS;11;VENCIMENTOS E VANTAGENS FIXAS - PESSOAL CIVIL;319011;VENCIMENTOS E VANTAGENS FIXAS - PESSOAL CIVIL;31901105;INCORPORACOES;5;GLOBAL;08;NAO SE APLICA;-8;03/01/2018;JAN/2018;2018;070025000012018NE000001;PESSOAL ATIVO;FOLHA DE PAGAMENTO DE SERVIDORES ATIVOS REFERENTE AO MES DE FEVEREIRO DE 2018 - PA SEI 0000707-84.2018.6.07.8100. DEDUCOES.  TRE-SAUDE CONTRIBUICAO MENSAL.;070025;TRIBUNAL REGIONAL ELEITORAL DO D. FEDERAL;;;;;;;;0,00;0,00;90.208,78;;;;;;;;;0,00;90.208,78
14107;TRIBUNAL REGIONAL ELEITORAL DO DIST. FEDERAL;070025;TRIBUNAL REGIONAL ELEITORAL DO D. FEDERAL;02122057020TP0053;20TP;ATIVOS CIVIS DA UNIAO;0000;ATIVOS CIVIS DA UNIAO;084774;FOL SERVID;PESSOAL - FOLHA DE SERVIDORES;0100;RECURSOS ORDINARIOS;1;ORCAMENTO FISCAL;3;DESPESAS CORRENTES;1;PESSOAL E ENCARGOS SOCIAIS;11;VENCIMENTOS E VANTAGENS FIXAS - PESSOAL CIVIL;319011;VENCIMENTOS E VANTAGENS FIXAS - PESSOAL CIVIL;31901105;INCORPORACOES;5;GLOBAL;08;NAO SE APLICA;-8;03/01/2018;JAN/2018;2018;070025000012018NE000001;PESSOAL ATIVO;FOLHA DE PAGAMENTO DE SERVIDORES ATIVOS REFERENTE AO MES DE FEVEREIRO DE 2018 - PA SEI 0000707-84.2018.6.07.8100. DEDUCOES. PENSAO ALIMENTICIA (CEF).;070025;TRIBUNAL REGIONAL ELEITORAL DO D. FEDERAL;;;;;;;;0,00;0,00;3.919,79;;;;;;;;;0,00;3.919,79
14107;TRIBUNAL REGIONAL ELEITORAL DO DIST. FEDERAL;070025;TRIBUNAL REGIONAL ELEITORAL DO D. FEDERAL;02122057020TP0053;20TP;ATIVOS CIVIS DA UNIAO;0000;ATIVOS CIVIS DA UNIAO;084774;FOL SERVID;PESSOAL - FOLHA DE SERVIDORES;0100;RECURSOS ORDINARIOS;1;ORCAMENTO FISCAL;3;DESPESAS CORRENTES;1;PESSOAL E ENCARGOS SOCIAIS;11;VENCIMENTOS E VANTAGENS FIXAS - PESSOAL CIVIL;319011;VENCIMENTOS E VANTAGENS FIXAS - PESSOAL CIVIL;31901105;INCORPORACOES;5;GLOBAL;08;NAO SE APLICA;-8;03/01/2018;JAN/2018;2018;070025000012018NE000001;PESSOAL ATIVO;FOLHA DE PAGAMENTO DE SERVIDORES ATIVOS REFERENTE AO MES DE FEVEREIRO DE 2018 - PA SEI 0000707-84.2018.6.07.8100. ENCARGO FUNPRESP - JUD PATROCINADO EMPRESA.;070025;TRIBUNAL REGIONAL ELEITORAL DO D. FEDERAL;;;;;;;;0,00;0,00;6.804,50;;;;;;;;;0,00;6.804,50
14107;TRIBUNAL REGIONAL ELEITORAL DO DIST. FEDERAL;070025;TRIBUNAL REGIONAL ELEITORAL DO D. FEDERAL;02122057020TP0053;20TP;ATIVOS CIVIS DA UNIAO;0000;ATIVOS CIVIS DA UNIAO;084774;FOL SERVID;PESSOAL - FOLHA DE SERVIDORES;0100;RECURSOS ORDINARIOS;1;ORCAMENTO FISCAL;3;DESPESAS CORRENTES;1;PESSOAL E ENCARGOS SOCIAIS;11;VENCIMENTOS E VANTAGENS FIXAS - PESSOAL CIVIL;319011;VENCIMENTOS E VANTAGENS FIXAS - PESSOAL CIVIL;31901105;INCORPORACOES;5;GLOBAL;08;NAO SE APLICA;-8;03/01/2018;JAN/2018;2018;070025000012018NE000001;PESSOAL ATIVO;FOLHA DE PAGAMENTO DE SERVIDORES ATIVOS REFERENTE AO MES DE JANEIRO DE 2018 - PA SEI 0000050-45.2018.6.07.8100;070025;TRIBUNAL REGIONAL ELEITORAL DO D. FEDERAL;;;;;;;;0,00;228.066,38;;;;;;;;;;228.066,38;
14107;TRIBUNAL REGIONAL ELEITORAL DO DIST. FEDERAL;070025;TRIBUNAL REGIONAL ELEITORAL DO D. FEDERAL;02122057020TP0053;20TP;ATIVOS CIVIS DA UNIAO;0000;ATIVOS CIVIS DA UNIAO;084774;FOL SERVID;PESSOAL - FOLHA DE SERVIDORES;0100;RECURSOS ORDINARIOS;1;ORCAMENTO FISCAL;3;DESPESAS CORRENTES;1;PESSOAL E ENCARGOS SOCIAIS;11;VENCIMENTOS E VANTAGENS FIXAS - PESSOAL CIVIL;319011;VENCIMENTOS E VANTAGENS FIXAS - PESSOAL CIVIL;31901105;INCORPORACOES;5;GLOBAL;08;NAO SE APLICA;-8;03/01/2018;JAN/2018;2018;070025000012018NE000001;PESSOAL ATIVO;FOLHA DE PAGAMENTO DE SERVIDORES ATIVOS REFERENTE AO MES DE JANEIRO DE 2018 - PA SEI 0000050-45.2018.6.07.8100. CONTRIBUICAO AO TRE-SAUDE;070025;TRIBUNAL REGIONAL ELEITORAL DO D. FEDERAL;;;;;;;;0,00;0,00;8.910,32;;;;;;;;;0,00;8.910,32
14107;TRIBUNAL REGIONAL ELEITORAL DO DIST. FEDERAL;070025;TRIBUNAL REGIONAL ELEITORAL DO D. FEDERAL;02122057020TP0053;20TP;ATIVOS CIVIS DA UNIAO;0000;ATIVOS CIVIS DA UNIAO;084774;FOL SERVID;PESSOAL - FOLHA DE SERVIDORES;0100;RECURSOS ORDINARIOS;1;ORCAMENTO FISCAL;3;DESPESAS CORRENTES;1;PESSOAL E ENCARGOS SOCIAIS;11;VENCIMENTOS E VANTAGENS FIXAS - PESSOAL CIVIL;319011;VENCIMENTOS E VANTAGENS FIXAS - PESSOAL CIVIL;31901105;INCORPORACOES;5;GLOBAL;08;NAO SE APLICA;-8;03/01/2018;JAN/2018;2018;070025000012018NE000001;PESSOAL ATIVO;FOLHA DE PAGAMENTO DE SERVIDORES ATIVOS REFERENTE AO MES DE JANEIRO DE 2018 - PA SEI 0000050-45.2018.6.07.8100. DESCONTO PENSAO ALIMENTICIA PARA OS CORRENTISTAS DA CEF;070025;TRIBUNAL REGIONAL ELEITORAL DO D. FEDERAL;;;;;;;;0,00;0,00;5.843,04;;;;;;;;;0,00;5.843,04
14107;TRIBUNAL REGIONAL ELEITORAL DO DIST. FEDERAL;070025;TRIBUNAL REGIONAL ELEITORAL DO D. FEDERAL;02122057020TP0053;20TP;ATIVOS CIVIS DA UNIAO;0000;ATIVOS CIVIS DA UNIAO;084774;FOL SERVID;PESSOAL - FOLHA DE SERVIDORES;0100;RECURSOS ORDINARIOS;1;ORCAMENTO FISCAL;3;DESPESAS CORRENTES;1;PESSOAL E ENCARGOS SOCIAIS;11;VENCIMENTOS E VANTAGENS FIXAS - PESSOAL CIVIL;319011;VENCIMENTOS E VANTAGENS FIXAS - PESSOAL CIVIL;31901105;INCORPORACOES;5;GLOBAL;08;NAO SE APLICA;-8;03/01/2018;JAN/2018;2018;070025000012018NE000001;PESSOAL ATIVO;FOLHA DE PAGAMENTO DE SERVIDORES ATIVOS REFERENTE AO MES DE JANEIRO DE 2018 - PA SEI 0000050-45.2018.6.07.8100. DESCONTO PENSAO ALIMENTICIA PARA OS CORRENTISTAS DO BB;070025;TRIBUNAL REGIONAL ELEITORAL DO D. FEDERAL;;;;;;;;0,00;0,00;53.607,62;;;;;;;;;0,00;53.607,62
14107;TRIBUNAL REGIONAL ELEITORAL DO DIST. FEDERAL;070025;TRIBUNAL REGIONAL ELEITORAL DO D. FEDERAL;02122057020TP0053;20TP;ATIVOS CIVIS DA UNIAO;0000;ATIVOS CIVIS DA UNIAO;084774;FOL SERVID;PESSOAL - FOLHA DE SERVIDORES;0100;RECURSOS ORDINARIOS;1;ORCAMENTO FISCAL;3;DESPESAS CORRENTES;1;PESSOAL E ENCARGOS SOCIAIS;11;VENCIMENTOS E VANTAGENS FIXAS - PESSOAL CIVIL;319011;VENCIMENTOS E VANTAGENS FIXAS - PESSOAL CIVIL;31901105;INCORPORACOES;5;GLOBAL;08;NAO SE APLICA;-8;03/01/2018;JAN/2018;2018;070025000012018NE000001;PESSOAL ATIVO;FOLHA DE PAGAMENTO DE SERVIDORES ATIVOS REFERENTE AO MES DE JANEIRO DE 2018 - PA SEI 0000050-45.2018.6.07.8100. RECOLHIMENTO CONTRIBUICAO FUNSPREST JUD PATROCINADO;070025;TRIBUNAL REGIONAL ELEITORAL DO D. FEDERAL;;;;;;;;0,00;0,00;7.110,96;;;;;;;;;0,00;7.110,96
14107;TRIBUNAL REGIONAL ELEITORAL DO DIST. FEDERAL;070025;TRIBUNAL REGIONAL ELEITORAL DO D. FEDERAL;02122057020TP0053;20TP;ATIVOS CIVIS DA UNIAO;0000;ATIVOS CIVIS DA UNIAO;084774;FOL SERVID;PESSOAL - FOLHA DE SERVIDORES;0100;RECURSOS ORDINARIOS;1;ORCAMENTO FISCAL;3;DESPESAS CORRENTES;1;PESSOAL E ENCARGOS SOCIAIS;11;VENCIMENTOS E VANTAGENS FIXAS - PESSOAL CIVIL;319011;VENCIMENTOS E VANTAGENS FIXAS - PESSOAL CIVIL;31901105;INCORPORACOES;5;GLOBAL;08;NAO SE APLICA;-8;03/01/2018;JAN/2018;2018;070025000012018NE000001;PESSOAL ATIVO;FOLHA DE PAGAMENTO DE SERVIDORES ATIVOS REFERENTE AO MES DE JANEIRO DE 2018 - PA SEI 0000050-45.2018.6.07.8100. RECOLHIMENTO DE IRRF;070025;TRIBUNAL REGIONAL ELEITORAL DO D. FEDERAL;;;;;;;;0,00;0,00;152.594,44;;;;;;;;;0,00;152.594,44
14107;TRIBUNAL REGIONAL ELEITORAL DO DIST. FEDERAL;070025;TRIBUNAL REGIONAL ELEITORAL DO D. FEDERAL;02122057020TP0053;20TP;ATIVOS CIVIS DA UNIAO;0000;ATIVOS CIVIS DA UNIAO;084774;FOL SERVID;PESSOAL - FOLHA DE SERVIDORES;0100;RECURSOS ORDINARIOS;1;ORCAMENTO FISCAL;3;DESPESAS CORRENTES;1;PESSOAL E ENCARGOS SOCIAIS;11;VENCIMENTOS E VANTAGENS FIXAS - PESSOAL CIVIL;319011;VENCIMENTOS E VANTAGENS FIXAS - PESSOAL CIVIL;31901105;INCORPORACOES;5;GLOBAL;08;NAO SE APLICA;-8;03/01/2018;JAN/2018;2018;070025000012018NE000001;PESSOAL ATIVO;FOLHA DE PAGAMENTO DE SERVIDORES ATIVOS REFERENTE AO MES DE MAIO DE 2018 - PA SEI 0002530-93.2018.6.07.8100.;070025;TRIBUNAL REGIONAL ELEITORAL DO D. FEDERAL;;;;;;;;0,00;228.066,38;;;;;;;;;;228.066,38;
14107;TRIBUNAL REGIONAL ELEITORAL DO DIST. FEDERAL;070025;TRIBUNAL REGIONAL ELEITORAL DO D. FEDERAL;02122057020TP0053;20TP;ATIVOS CIVIS DA UNIAO;0000;ATIVOS CIVIS DA UNIAO;084774;FOL SERVID;PESSOAL - FOLHA DE SERVIDORES;0100;RECURSOS ORDINARIOS;1;ORCAMENTO FISCAL;3;DESPESAS CORRENTES;1;PESSOAL E ENCARGOS SOCIAIS;11;VENCIMENTOS E VANTAGENS FIXAS - PESSOAL CIVIL;319011;VENCIMENTOS E VANTAGENS FIXAS - PESSOAL CIVIL;31901105;INCORPORACOES;5;GLOBAL;08;NAO SE APLICA;-8;03/01/2018;JAN/2018;2018;070025000012018NE000001;PESSOAL ATIVO;FOLHA DE PAGAMENTO DE SERVIDORES ATIVOS REFERENTE AO MES DE MARCO DE 2018 - PA SEI 0001307-08.2018.6.07.8100;070025;TRIBUNAL REGIONAL ELEITORAL DO D. FEDERAL;;;;;;;;0,00;228.066,38;;;;;;;;;;228.066,38;
14107;TRIBUNAL REGIONAL ELEITORAL DO DIST. FEDERAL;070025;TRIBUNAL REGIONAL ELEITORAL DO D. FEDERAL;02122057020TP0053;20TP;ATIVOS CIVIS DA UNIAO;0000;ATIVOS CIVIS DA UNIAO;084774;FOL SERVID;PESSOAL - FOLHA DE SERVIDORES;0100;RECURSOS ORDINARIOS;1;ORCAMENTO FISCAL;3;DESPESAS CORRENTES;1;PESSOAL E ENCARGOS SOCIAIS;11;VENCIMENTOS E VANTAGENS FIXAS - PESSOAL CIVIL;319011;VENCIMENTOS E VANTAGENS FIXAS - PESSOAL CIVIL;31901105;INCORPORACOES;5;GLOBAL;08;NAO SE APLICA;-8;03/01/2018;JAN/2018;2018;070025000012018NE000001;PESSOAL ATIVO;FOLHA DE PAGAMENTO DE SERVIDORES ATIVOS REFERENTE AO MES DE MARCO DE 2018 - PA SEI 0001307-08.2018.6.07.8100. ŽIMPOSTO DE RENDA RETIDO NA FONTE.;070025;TRIBUNAL REGIONAL ELEITORAL DO D. FEDERAL;;;;;;;;0,00;0,00;228.066,38;;;;;;;;;0,00;228.066,38
14107;TRIBUNAL REGIONAL ELEITORAL DO DIST. FEDERAL;070025;TRIBUNAL REGIONAL ELEITORAL DO D. FEDERAL;02122057020TP0053;20TP;ATIVOS CIVIS DA UNIAO;0000;ATIVOS CIVIS DA UNIAO;084774;FOL SERVID;PESSOAL - FOLHA DE SERVIDORES;0100;RECURSOS ORDINARIOS;1;ORCAMENTO FISCAL;3;DESPESAS CORRENTES;1;PESSOAL E ENCARGOS SOCIAIS;11;VENCIMENTOS E VANTAGENS FIXAS - PESSOAL CIVIL;319011;VENCIMENTOS E VANTAGENS FIXAS - PESSOAL CIVIL;31901105;INCORPORACOES;5;GLOBAL;08;NAO SE APLICA;-8;03/01/2018;JAN/2018;2018;070025000012018NE000001;PESSOAL ATIVO;FOLHA DE PAGAMENTO DO MES DE  JANEIRO/2018 DOS SERVIDORES ATIVOS. PA 0000050-45.2018.6.07.8100.;070025;TRIBUNAL REGIONAL ELEITORAL DO D. FEDERAL;;;;;;;;0,00;228.066,38;;;;;;;;;;228.066,38;
14107;TRIBUNAL REGIONAL ELEITORAL DO DIST. FEDERAL;070025;TRIBUNAL REGIONAL ELEITORAL DO D. FEDERAL;02122057020TP0053;20TP;ATIVOS CIVIS DA UNIAO;0000;ATIVOS CIVIS DA UNIAO;084774;FOL SERVID;PESSOAL - FOLHA DE SERVIDORES;0100;RECURSOS ORDINARIOS;1;ORCAMENTO FISCAL;3;DESPESAS CORRENTES;1;PESSOAL E ENCARGOS SOCIAIS;11;VENCIMENTOS E VANTAGENS FIXAS - PESSOAL CIVIL;319011;VENCIMENTOS E VANTAGENS FIXAS - PESSOAL CIVIL;31901105;INCORPORACOES;5;GLOBAL;08;NAO SE APLICA;-8;03/01/2018;JAN/2018;2018;070025000012018NE000001;PESSOAL ATIVO;FOLHA DE PAGAMENTO DO MES DE  JANEIRO/2018 DOS SERVIDORES ATIVOS. PA 0000050-45.2018.6.07.8100. CANCELAMENTOS PARA ACERTO DE ERRO DE APROPRIACAO;070025;TRIBUNAL REGIONAL ELEITORAL DO D. FEDERAL;;;;;;;;0,00;(228.066,38);;;;;;;;;;(228.066,38);
14107;TRIBUNAL REGIONAL ELEITORAL DO DIST. FEDERAL;070025;TRIBUNAL REGIONAL ELEITORAL DO D. FEDERAL;02122057020TP0053;20TP;ATIVOS CIVIS DA UNIAO;0000;ATIVOS CIVIS DA UNIAO;084774;FOL SERVID;PESSOAL - FOLHA DE SERVIDORES;0100;RECURSOS ORDINARIOS;1;ORCAMENTO FISCAL;3;DESPESAS CORRENTES;1;PESSOAL E ENCARGOS SOCIAIS;11;VENCIMENTOS E VANTAGENS FIXAS - PESSOAL CIVIL;319011;VENCIMENTOS E VANTAGENS FIXAS - PESSOAL CIVIL;31901107;ABONO DE PERMANENCIA;5;GLOBAL;08;NAO SE APLICA;-8;03/01/2018;JAN/2018;2018;070025000012018NE000001;PESSOAL ATIVO;2018NECT - VENCIMENTOS E VANTAGENS FIXAS - PESSOAL ATIVO. EXERCICIO 2018.;070025;TRIBUNAL REGIONAL ELEITORAL DO D. FEDERAL;;;;;;;;150.000,00;;;;;;;;;;;;
14107;TRIBUNAL REGIONAL ELEITORAL DO DIST. FEDERAL;070025;TRIBUNAL REGIONAL ELEITORAL DO D. FEDERAL;02122057020TP0053;20TP;ATIVOS CIVIS DA UNIAO;0000;ATIVOS CIVIS DA UNIAO;084774;FOL SERVID;PESSOAL - FOLHA DE SERVIDORES;0100;RECURSOS ORDINARIOS;1;ORCAMENTO FISCAL;3;DESPESAS CORRENTES;1;PESSOAL E ENCARGOS SOCIAIS;11;VENCIMENTOS E VANTAGENS FIXAS - PESSOAL CIVIL;319011;VENCIMENTOS E VANTAGENS FIXAS - PESSOAL CIVIL;31901107;ABONO DE PERMANENCIA;5;GLOBAL;08;NAO SE APLICA;-8;03/01/2018;JAN/2018;2018;070025000012018NE000001;PESSOAL ATIVO;FOLHA DE PAGAMENTO DE SERVIDORES ATIVOS REFERENTE AO MES DE ABRIL DE 2018 - PA SEI 0001951-48.2018.6.07.8100;070025;TRIBUNAL REGIONAL ELEITORAL DO D. FEDERAL;;;;;;;;0,00;14.421,85;;;;;;;;;;14.421,85;
14107;TRIBUNAL REGIONAL ELEITORAL DO DIST. FEDERAL;070025;TRIBUNAL REGIONAL ELEITORAL DO D. FEDERAL;02122057020TP0053;20TP;ATIVOS CIVIS DA UNIAO;0000;ATIVOS CIVIS DA UNIAO;084774;FOL SERVID;PESSOAL - FOLHA DE SERVIDORES;0100;RECURSOS ORDINARIOS;1;ORCAMENTO FISCAL;3;DESPESAS CORRENTES;1;PESSOAL E ENCARGOS SOCIAIS;11;VENCIMENTOS E VANTAGENS FIXAS - PESSOAL CIVIL;319011;VENCIMENTOS E VANTAGENS FIXAS - PESSOAL CIVIL;31901107;ABONO DE PERMANENCIA;5;GLOBAL;08;NAO SE APLICA;-8;03/01/2018;JAN/2018;2018;070025000012018NE000001;PESSOAL ATIVO;FOLHA DE PAGAMENTO DE SERVIDORES ATIVOS REFERENTE AO MES DE ABRIL DE 2018 - PA SEI 0001951-48.2018.6.07.8100. DEDUCOES.  TRE-SAUDE CONTRIBUICAO MENSAL.;070025;TRIBUNAL REGIONAL ELEITORAL DO D. FEDERAL;;;;;;;;0,00;0,00;14.421,85;;;;;;;;;0,00;14.421,85
14107;TRIBUNAL REGIONAL ELEITORAL DO DIST. FEDERAL;070025;TRIBUNAL REGIONAL ELEITORAL DO D. FEDERAL;02122057020TP0053;20TP;ATIVOS CIVIS DA UNIAO;0000;ATIVOS CIVIS DA UNIAO;084774;FOL SERVID;PESSOAL - FOLHA DE SERVIDORES;0100;RECURSOS ORDINARIOS;1;ORCAMENTO FISCAL;3;DESPESAS CORRENTES;1;PESSOAL E ENCARGOS SOCIAIS;11;VENCIMENTOS E VANTAGENS FIXAS - PESSOAL CIVIL;319011;VENCIMENTOS E VANTAGENS FIXAS - PESSOAL CIVIL;31901107;ABONO DE PERMANENCIA;5;GLOBAL;08;NAO SE APLICA;-8;03/01/2018;JAN/2018;2018;070025000012018NE000001;PESSOAL ATIVO;FOLHA DE PAGAMENTO DE SERVIDORES ATIVOS REFERENTE AO MES DE FEVEREIRO DE 2018 - PA SEI 0000707-84.2018.6.07.8100;070025;TRIBUNAL REGIONAL ELEITORAL DO D. FEDERAL;;;;;;;;0,00;14.361,35;;;;;;;;;;14.361,35;
14107;TRIBUNAL REGIONAL ELEITORAL DO DIST. FEDERAL;070025;TRIBUNAL REGIONAL ELEITORAL DO D. FEDERAL;02122057020TP0053;20TP;ATIVOS CIVIS DA UNIAO;0000;ATIVOS CIVIS DA UNIAO;084774;FOL SERVID;PESSOAL - FOLHA DE SERVIDORES;0100;RECURSOS ORDINARIOS;1;ORCAMENTO FISCAL;3;DESPESAS CORRENTES;1;PESSOAL E ENCARGOS SOCIAIS;11;VENCIMENTOS E VANTAGENS FIXAS - PESSOAL CIVIL;319011;VENCIMENTOS E VANTAGENS FIXAS - PESSOAL CIVIL;31901107;ABONO DE PERMANENCIA;5;GLOBAL;08;NAO SE APLICA;-8;03/01/2018;JAN/2018;2018;070025000012018NE000001;PESSOAL ATIVO;FOLHA DE PAGAMENTO DE SERVIDORES ATIVOS REFERENTE AO MES DE FEVEREIRO DE 2018 - PA SEI 0000707-84.2018.6.07.8100. DEDUCOES.  TRE-SAUDE CONTRIBUICAO MENSAL.;070025;TRIBUNAL REGIONAL ELEITORAL DO D. FEDERAL;;;;;;;;0,00;0,00;14.361,35;;;;;;;;;0,00;14.361,35
14107;TRIBUNAL REGIONAL ELEITORAL DO DIST. FEDERAL;070025;TRIBUNAL REGIONAL ELEITORAL DO D. FEDERAL;02122057020TP0053;20TP;ATIVOS CIVIS DA UNIAO;0000;ATIVOS CIVIS DA UNIAO;084774;FOL SERVID;PESSOAL - FOLHA DE SERVIDORES;0100;RECURSOS ORDINARIOS;1;ORCAMENTO FISCAL;3;DESPESAS CORRENTES;1;PESSOAL E ENCARGOS SOCIAIS;11;VENCIMENTOS E VANTAGENS FIXAS - PESSOAL CIVIL;319011;VENCIMENTOS E VANTAGENS FIXAS - PESSOAL CIVIL;31901107;ABONO DE PERMANENCIA;5;GLOBAL;08;NAO SE APLICA;-8;03/01/2018;JAN/2018;2018;070025000012018NE000001;PESSOAL ATIVO;FOLHA DE PAGAMENTO DE SERVIDORES ATIVOS REFERENTE AO MES DE JANEIRO DE 2018 - PA SEI 0000050-45.2018.6.07.8100;070025;TRIBUNAL REGIONAL ELEITORAL DO D. FEDERAL;;;;;;;;0,00;14.361,35;;;;;;;;;;14.361,35;
14107;TRIBUNAL REGIONAL ELEITORAL DO DIST. FEDERAL;070025;TRIBUNAL REGIONAL ELEITORAL DO D. FEDERAL;02122057020TP0053;20TP;ATIVOS CIVIS DA UNIAO;0000;ATIVOS CIVIS DA UNIAO;084774;FOL SERVID;PESSOAL - FOLHA DE SERVIDORES;0100;RECURSOS ORDINARIOS;1;ORCAMENTO FISCAL;3;DESPESAS CORRENTES;1;PESSOAL E ENCARGOS SOCIAIS;11;VENCIMENTOS E VANTAGENS FIXAS - PESSOAL CIVIL;319011;VENCIMENTOS E VANTAGENS FIXAS - PESSOAL CIVIL;31901107;ABONO DE PERMANENCIA;5;GLOBAL;08;NAO SE APLICA;-8;03/01/2018;JAN/2018;2018;070025000012018NE000001;PESSOAL ATIVO;FOLHA DE PAGAMENTO DE SERVIDORES ATIVOS REFERENTE AO MES DE JANEIRO DE 2018 - PA SEI 0000050-45.2018.6.07.8100. CONTRIBUICAO AO TRE-SAUDE;070025;TRIBUNAL REGIONAL ELEITORAL DO D. FEDERAL;;;;;;;;0,00;0,00;14.361,35;;;;;;;;;0,00;14.361,35
14107;TRIBUNAL REGIONAL ELEITORAL DO DIST. FEDERAL;070025;TRIBUNAL REGIONAL ELEITORAL DO D. FEDERAL;02122057020TP0053;20TP;ATIVOS CIVIS DA UNIAO;0000;ATIVOS CIVIS DA UNIAO;084774;FOL SERVID;PESSOAL - FOLHA DE SERVIDORES;0100;RECURSOS ORDINARIOS;1;ORCAMENTO FISCAL;3;DESPESAS CORRENTES;1;PESSOAL E ENCARGOS SOCIAIS;11;VENCIMENTOS E VANTAGENS FIXAS - PESSOAL CIVIL;319011;VENCIMENTOS E VANTAGENS FIXAS - PESSOAL CIVIL;31901107;ABONO DE PERMANENCIA;5;GLOBAL;08;NAO SE APLICA;-8;03/01/2018;JAN/2018;2018;070025000012018NE000001;PESSOAL ATIVO;FOLHA DE PAGAMENTO DE SERVIDORES ATIVOS REFERENTE AO MES DE MAIO DE 2018 - PA SEI 0002530-93.2018.6.07.8100.;070025;TRIBUNAL REGIONAL ELEITORAL DO D. FEDERAL;;;;;;;;0,00;14.416,56;;;;;;;;;;14.416,56;
14107;TRIBUNAL REGIONAL ELEITORAL DO DIST. FEDERAL;070025;TRIBUNAL REGIONAL ELEITORAL DO D. FEDERAL;02122057020TP0053;20TP;ATIVOS CIVIS DA UNIAO;0000;ATIVOS CIVIS DA UNIAO;084774;FOL SERVID;PESSOAL - FOLHA DE SERVIDORES;0100;RECURSOS ORDINARIOS;1;ORCAMENTO FISCAL;3;DESPESAS CORRENTES;1;PESSOAL E ENCARGOS SOCIAIS;11;VENCIMENTOS E VANTAGENS FIXAS - PESSOAL CIVIL;319011;VENCIMENTOS E VANTAGENS FIXAS - PESSOAL CIVIL;31901107;ABONO DE PERMANENCIA;5;GLOBAL;08;NAO SE APLICA;-8;03/01/2018;JAN/2018;2018;070025000012018NE000001;PESSOAL ATIVO;FOLHA DE PAGAMENTO DE SERVIDORES ATIVOS REFERENTE AO MES DE MARCO DE 2018 - PA SEI 0001307-08.2018.6.07.8100;070025;TRIBUNAL REGIONAL ELEITORAL DO D. FEDERAL;;;;;;;;0,00;14.361,35;;;;;;;;;;14.361,35;
14107;TRIBUNAL REGIONAL ELEITORAL DO DIST. FEDERAL;070025;TRIBUNAL REGIONAL ELEITORAL DO D. FEDERAL;02122057020TP0053;20TP;ATIVOS CIVIS DA UNIAO;0000;ATIVOS CIVIS DA UNIAO;084774;FOL SERVID;PESSOAL - FOLHA DE SERVIDORES;0100;RECURSOS ORDINARIOS;1;ORCAMENTO FISCAL;3;DESPESAS CORRENTES;1;PESSOAL E ENCARGOS SOCIAIS;11;VENCIMENTOS E VANTAGENS FIXAS - PESSOAL CIVIL;319011;VENCIMENTOS E VANTAGENS FIXAS - PESSOAL CIVIL;31901107;ABONO DE PERMANENCIA;5;GLOBAL;08;NAO SE APLICA;-8;03/01/2018;JAN/2018;2018;070025000012018NE000001;PESSOAL ATIVO;FOLHA DE PAGAMENTO DE SERVIDORES ATIVOS REFERENTE AO MES DE MARCO DE 2018 - PA SEI 0001307-08.2018.6.07.8100. ŽIMPOSTO DE RENDA RETIDO NA FONTE.;070025;TRIBUNAL REGIONAL ELEITORAL DO D. FEDERAL;;;;;;;;0,00;0,00;14.361,35;;;;;;;;;0,00;14.361,35
14107;TRIBUNAL REGIONAL ELEITORAL DO DIST. FEDERAL;070025;TRIBUNAL REGIONAL ELEITORAL DO D. FEDERAL;02122057020TP0053;20TP;ATIVOS CIVIS DA UNIAO;0000;ATIVOS CIVIS DA UNIAO;084774;FOL SERVID;PESSOAL - FOLHA DE SERVIDORES;0100;RECURSOS ORDINARIOS;1;ORCAMENTO FISCAL;3;DESPESAS CORRENTES;1;PESSOAL E ENCARGOS SOCIAIS;11;VENCIMENTOS E VANTAGENS FIXAS - PESSOAL CIVIL;319011;VENCIMENTOS E VANTAGENS FIXAS - PESSOAL CIVIL;31901107;ABONO DE PERMANENCIA;5;GLOBAL;08;NAO SE APLICA;-8;03/01/2018;JAN/2018;2018;070025000012018NE000001;PESSOAL ATIVO;FOLHA DE PAGAMENTO DO MES DE  JANEIRO/2018 DOS SERVIDORES ATIVOS. PA 0000050-45.2018.6.07.8100.;070025;TRIBUNAL REGIONAL ELEITORAL DO D. FEDERAL;;;;;;;;0,00;14.361,35;;;;;;;;;;14.361,35;
14107;TRIBUNAL REGIONAL ELEITORAL DO DIST. FEDERAL;070025;TRIBUNAL REGIONAL ELEITORAL DO D. FEDERAL;02122057020TP0053;20TP;ATIVOS CIVIS DA UNIAO;0000;ATIVOS CIVIS DA UNIAO;084774;FOL SERVID;PESSOAL - FOLHA DE SERVIDORES;0100;RECURSOS ORDINARIOS;1;ORCAMENTO FISCAL;3;DESPESAS CORRENTES;1;PESSOAL E ENCARGOS SOCIAIS;11;VENCIMENTOS E VANTAGENS FIXAS - PESSOAL CIVIL;319011;VENCIMENTOS E VANTAGENS FIXAS - PESSOAL CIVIL;31901107;ABONO DE PERMANENCIA;5;GLOBAL;08;NAO SE APLICA;-8;03/01/2018;JAN/2018;2018;070025000012018NE000001;PESSOAL ATIVO;FOLHA DE PAGAMENTO DO MES DE  JANEIRO/2018 DOS SERVIDORES ATIVOS. PA 0000050-45.2018.6.07.8100. CANCELAMENTOS PARA ACERTO DE ERRO DE APROPRIACAO;070025;TRIBUNAL REGIONAL ELEITORAL DO D. FEDERAL;;;;;;;;0,00;(14.361,35);;;;;;;;;;(14.361,35);
14107;TRIBUNAL REGIONAL ELEITORAL DO DIST. FEDERAL;070025;TRIBUNAL REGIONAL ELEITORAL DO D. FEDERAL;02122057020TP0053;20TP;ATIVOS CIVIS DA UNIAO;0000;ATIVOS CIVIS DA UNIAO;084774;FOL SERVID;PESSOAL - FOLHA DE SERVIDORES;0100;RECURSOS ORDINARIOS;1;ORCAMENTO FISCAL;3;DESPESAS CORRENTES;1;PESSOAL E ENCARGOS SOCIAIS;11;VENCIMENTOS E VANTAGENS FIXAS - PESSOAL CIVIL;319011;VENCIMENTOS E VANTAGENS FIXAS - PESSOAL CIVIL;31901109;ADICIONAL DE PERICULOSIDADE;5;GLOBAL;08;NAO SE APLICA;-8;03/01/2018;JAN/2018;2018;070025000012018NE000001;PESSOAL ATIVO;2018NECT - VENCIMENTOS E VANTAGENS FIXAS - PESSOAL ATIVO. EXERCICIO 2018.;070025;TRIBUNAL REGIONAL ELEITORAL DO D. FEDERAL;;;;;;;;40.000,00;;;;;;;;;;;;
14107;TRIBUNAL REGIONAL ELEITORAL DO DIST. FEDERAL;070025;TRIBUNAL REGIONAL ELEITORAL DO D. FEDERAL;02122057020TP0053;20TP;ATIVOS CIVIS DA UNIAO;0000;ATIVOS CIVIS DA UNIAO;084774;FOL SERVID;PESSOAL - FOLHA DE SERVIDORES;0100;RECURSOS ORDINARIOS;1;ORCAMENTO FISCAL;3;DESPESAS CORRENTES;1;PESSOAL E ENCARGOS SOCIAIS;11;VENCIMENTOS E VANTAGENS FIXAS - PESSOAL CIVIL;319011;VENCIMENTOS E VANTAGENS FIXAS - PESSOAL CIVIL;31901109;ADICIONAL DE PERICULOSIDADE;5;GLOBAL;08;NAO SE APLICA;-8;03/01/2018;JAN/2018;2018;070025000012018NE000001;PESSOAL ATIVO;FOLHA DE PAGAMENTO DE SERVIDORES ATIVOS REFERENTE AO MES DE ABRIL DE 2018 - PA SEI 0001951-48.2018.6.07.8100;070025;TRIBUNAL REGIONAL ELEITORAL DO D. FEDERAL;;;;;;;;0,00;3.582,83;;;;;;;;;;3.582,83;
14107;TRIBUNAL REGIONAL ELEITORAL DO DIST. FEDERAL;070025;TRIBUNAL REGIONAL ELEITORAL DO D. FEDERAL;02122057020TP0053;20TP;ATIVOS CIVIS DA UNIAO;0000;ATIVOS CIVIS DA UNIAO;084774;FOL SERVID;PESSOAL - FOLHA DE SERVIDORES;0100;RECURSOS ORDINARIOS;1;ORCAMENTO FISCAL;3;DESPESAS CORRENTES;1;PESSOAL E ENCARGOS SOCIAIS;11;VENCIMENTOS E VANTAGENS FIXAS - PESSOAL CIVIL;319011;VENCIMENTOS E VANTAGENS FIXAS - PESSOAL CIVIL;31901109;ADICIONAL DE PERICULOSIDADE;5;GLOBAL;08;NAO SE APLICA;-8;03/01/2018;JAN/2018;2018;070025000012018NE000001;PESSOAL ATIVO;FOLHA DE PAGAMENTO DE SERVIDORES ATIVOS REFERENTE AO MES DE ABRIL DE 2018 - PA SEI 0001951-48.2018.6.07.8100. DEDUCOES.  TRE-SAUDE CONTRIBUICAO MENSAL.;070025;TRIBUNAL REGIONAL ELEITORAL DO D. FEDERAL;;;;;;;;0,00;0,00;3.582,83;;;;;;;;;0,00;3.582,83
14107;TRIBUNAL REGIONAL ELEITORAL DO DIST. FEDERAL;070025;TRIBUNAL REGIONAL ELEITORAL DO D. FEDERAL;02122057020TP0053;20TP;ATIVOS CIVIS DA UNIAO;0000;ATIVOS CIVIS DA UNIAO;084774;FOL SERVID;PESSOAL - FOLHA DE SERVIDORES;0100;RECURSOS ORDINARIOS;1;ORCAMENTO FISCAL;3;DESPESAS CORRENTES;1;PESSOAL E ENCARGOS SOCIAIS;11;VENCIMENTOS E VANTAGENS FIXAS - PESSOAL CIVIL;319011;VENCIMENTOS E VANTAGENS FIXAS - PESSOAL CIVIL;31901109;ADICIONAL DE PERICULOSIDADE;5;GLOBAL;08;NAO SE APLICA;-8;03/01/2018;JAN/2018;2018;070025000012018NE000001;PESSOAL ATIVO;FOLHA DE PAGAMENTO DE SERVIDORES ATIVOS REFERENTE AO MES DE FEVEREIRO DE 2018 - PA SEI 0000707-84.2018.6.07.8100;070025;TRIBUNAL REGIONAL ELEITORAL DO D. FEDERAL;;;;;;;;0,00;3.562,99;;;;;;;;;;3.562,99;
14107;TRIBUNAL REGIONAL ELEITORAL DO DIST. FEDERAL;070025;TRIBUNAL REGIONAL ELEITORAL DO D. FEDERAL;02122057020TP0053;20TP;ATIVOS CIVIS DA UNIAO;0000;ATIVOS CIVIS DA UNIAO;084774;FOL SERVID;PESSOAL - FOLHA DE SERVIDORES;0100;RECURSOS ORDINARIOS;1;ORCAMENTO FISCAL;3;DESPESAS CORRENTES;1;PESSOAL E ENCARGOS SOCIAIS;11;VENCIMENTOS E VANTAGENS FIXAS - PESSOAL CIVIL;319011;VENCIMENTOS E VANTAGENS FIXAS - PESSOAL CIVIL;31901109;ADICIONAL DE PERICULOSIDADE;5;GLOBAL;08;NAO SE APLICA;-8;03/01/2018;JAN/2018;2018;070025000012018NE000001;PESSOAL ATIVO;FOLHA DE PAGAMENTO DE SERVIDORES ATIVOS REFERENTE AO MES DE FEVEREIRO DE 2018 - PA SEI 0000707-84.2018.6.07.8100. DEDUCOES.  TRE-SAUDE CONTRIBUICAO MENSAL.;070025;TRIBUNAL REGIONAL ELEITORAL DO D. FEDERAL;;;;;;;;0,00;0,00;3.562,99;;;;;;;;;0,00;3.562,99
14107;TRIBUNAL REGIONAL ELEITORAL DO DIST. FEDERAL;070025;TRIBUNAL REGIONAL ELEITORAL DO D. FEDERAL;02122057020TP0053;20TP;ATIVOS CIVIS DA UNIAO;0000;ATIVOS CIVIS DA UNIAO;084774;FOL SERVID;PESSOAL - FOLHA DE SERVIDORES;0100;RECURSOS ORDINARIOS;1;ORCAMENTO FISCAL;3;DESPESAS CORRENTES;1;PESSOAL E ENCARGOS SOCIAIS;11;VENCIMENTOS E VANTAGENS FIXAS - PESSOAL CIVIL;319011;VENCIMENTOS E VANTAGENS FIXAS - PESSOAL CIVIL;31901109;ADICIONAL DE PERICULOSIDADE;5;GLOBAL;08;NAO SE APLICA;-8;03/01/2018;JAN/2018;2018;070025000012018NE000001;PESSOAL ATIVO;FOLHA DE PAGAMENTO DE SERVIDORES ATIVOS REFERENTE AO MES DE JANEIRO DE 2018 - PA SEI 0000050-45.2018.6.07.8100;070025;TRIBUNAL REGIONAL ELEITORAL DO D. FEDERAL;;;;;;;;0,00;3.562,99;;;;;;;;;;3.562,99;
14107;TRIBUNAL REGIONAL ELEITORAL DO DIST. FEDERAL;070025;TRIBUNAL REGIONAL ELEITORAL DO D. FEDERAL;02122057020TP0053;20TP;ATIVOS CIVIS DA UNIAO;0000;ATIVOS CIVIS DA UNIAO;084774;FOL SERVID;PESSOAL - FOLHA DE SERVIDORES;0100;RECURSOS ORDINARIOS;1;ORCAMENTO FISCAL;3;DESPESAS CORRENTES;1;PESSOAL E ENCARGOS SOCIAIS;11;VENCIMENTOS E VANTAGENS FIXAS - PESSOAL CIVIL;319011;VENCIMENTOS E VANTAGENS FIXAS - PESSOAL CIVIL;31901109;ADICIONAL DE PERICULOSIDADE;5;GLOBAL;08;NAO SE APLICA;-8;03/01/2018;JAN/2018;2018;070025000012018NE000001;PESSOAL ATIVO;FOLHA DE PAGAMENTO DE SERVIDORES ATIVOS REFERENTE AO MES DE JANEIRO DE 2018 - PA SEI 0000050-45.2018.6.07.8100. CONTRIBUICAO AO TRE-SAUDE;070025;TRIBUNAL REGIONAL ELEITORAL DO D. FEDERAL;;;;;;;;0,00;0,00;3.562,99;;;;;;;;;0,00;3.562,99
14107;TRIBUNAL REGIONAL ELEITORAL DO DIST. FEDERAL;070025;TRIBUNAL REGIONAL ELEITORAL DO D. FEDERAL;02122057020TP0053;20TP;ATIVOS CIVIS DA UNIAO;0000;ATIVOS CIVIS DA UNIAO;084774;FOL SERVID;PESSOAL - FOLHA DE SERVIDORES;0100;RECURSOS ORDINARIOS;1;ORCAMENTO FISCAL;3;DESPESAS CORRENTES;1;PESSOAL E ENCARGOS SOCIAIS;11;VENCIMENTOS E VANTAGENS FIXAS - PESSOAL CIVIL;319011;VENCIMENTOS E VANTAGENS FIXAS - PESSOAL CIVIL;31901109;ADICIONAL DE PERICULOSIDADE;5;GLOBAL;08;NAO SE APLICA;-8;03/01/2018;JAN/2018;2018;070025000012018NE000001;PESSOAL ATIVO;FOLHA DE PAGAMENTO DE SERVIDORES ATIVOS REFERENTE AO MES DE MAIO DE 2018 - PA SEI 0002530-93.2018.6.07.8100.;070025;TRIBUNAL REGIONAL ELEITORAL DO D. FEDERAL;;;;;;;;0,00;3.582,83;;;;;;;;;;3.582,83;
14107;TRIBUNAL REGIONAL ELEITORAL DO DIST. FEDERAL;070025;TRIBUNAL REGIONAL ELEITORAL DO D. FEDERAL;02122057020TP0053;20TP;ATIVOS CIVIS DA UNIAO;0000;ATIVOS CIVIS DA UNIAO;084774;FOL SERVID;PESSOAL - FOLHA DE SERVIDORES;0100;RECURSOS ORDINARIOS;1;ORCAMENTO FISCAL;3;DESPESAS CORRENTES;1;PESSOAL E ENCARGOS SOCIAIS;11;VENCIMENTOS E VANTAGENS FIXAS - PESSOAL CIVIL;319011;VENCIMENTOS E VANTAGENS FIXAS - PESSOAL CIVIL;31901109;ADICIONAL DE PERICULOSIDADE;5;GLOBAL;08;NAO SE APLICA;-8;03/01/2018;JAN/2018;2018;070025000012018NE000001;PESSOAL ATIVO;FOLHA DE PAGAMENTO DE SERVIDORES ATIVOS REFERENTE AO MES DE MARCO DE 2018 - PA SEI 0001307-08.2018.6.07.8100;070025;TRIBUNAL REGIONAL ELEITORAL DO D. FEDERAL;;;;;;;;0,00;3.582,83;;;;;;;;;;3.582,83;
14107;TRIBUNAL REGIONAL ELEITORAL DO DIST. FEDERAL;070025;TRIBUNAL REGIONAL ELEITORAL DO D. FEDERAL;02122057020TP0053;20TP;ATIVOS CIVIS DA UNIAO;0000;ATIVOS CIVIS DA UNIAO;084774;FOL SERVID;PESSOAL - FOLHA DE SERVIDORES;0100;RECURSOS ORDINARIOS;1;ORCAMENTO FISCAL;3;DESPESAS CORRENTES;1;PESSOAL E ENCARGOS SOCIAIS;11;VENCIMENTOS E VANTAGENS FIXAS - PESSOAL CIVIL;319011;VENCIMENTOS E VANTAGENS FIXAS - PESSOAL CIVIL;31901109;ADICIONAL DE PERICULOSIDADE;5;GLOBAL;08;NAO SE APLICA;-8;03/01/2018;JAN/2018;2018;070025000012018NE000001;PESSOAL ATIVO;FOLHA DE PAGAMENTO DE SERVIDORES ATIVOS REFERENTE AO MES DE MARCO DE 2018 - PA SEI 0001307-08.2018.6.07.8100. ŽIMPOSTO DE RENDA RETIDO NA FONTE.;070025;TRIBUNAL REGIONAL ELEITORAL DO D. FEDERAL;;;;;;;;0,00;0,00;3.582,83;;;;;;;;;0,00;3.582,83
14107;TRIBUNAL REGIONAL ELEITORAL DO DIST. FEDERAL;070025;TRIBUNAL REGIONAL ELEITORAL DO D. FEDERAL;02122057020TP0053;20TP;ATIVOS CIVIS DA UNIAO;0000;ATIVOS CIVIS DA UNIAO;084774;FOL SERVID;PESSOAL - FOLHA DE SERVIDORES;0100;RECURSOS ORDINARIOS;1;ORCAMENTO FISCAL;3;DESPESAS CORRENTES;1;PESSOAL E ENCARGOS SOCIAIS;11;VENCIMENTOS E VANTAGENS FIXAS - PESSOAL CIVIL;319011;VENCIMENTOS E VANTAGENS FIXAS - PESSOAL CIVIL;31901109;ADICIONAL DE PERICULOSIDADE;5;GLOBAL;08;NAO SE APLICA;-8;03/01/2018;JAN/2018;2018;070025000012018NE000001;PESSOAL ATIVO;FOLHA DE PAGAMENTO DO MES DE  JANEIRO/2018 DOS SERVIDORES ATIVOS. PA 0000050-45.2018.6.07.8100.;070025;TRIBUNAL REGIONAL ELEITORAL DO D. FEDERAL;;;;;;;;0,00;3.562,99;;;;;;;;;;3.562,99;
14107;TRIBUNAL REGIONAL ELEITORAL DO DIST. FEDERAL;070025;TRIBUNAL REGIONAL ELEITORAL DO D. FEDERAL;02122057020TP0053;20TP;ATIVOS CIVIS DA UNIAO;0000;ATIVOS CIVIS DA UNIAO;084774;FOL SERVID;PESSOAL - FOLHA DE SERVIDORES;0100;RECURSOS ORDINARIOS;1;ORCAMENTO FISCAL;3;DESPESAS CORRENTES;1;PESSOAL E ENCARGOS SOCIAIS;11;VENCIMENTOS E VANTAGENS FIXAS - PESSOAL CIVIL;319011;VENCIMENTOS E VANTAGENS FIXAS - PESSOAL CIVIL;31901109;ADICIONAL DE PERICULOSIDADE;5;GLOBAL;08;NAO SE APLICA;-8;03/01/2018;JAN/2018;2018;070025000012018NE000001;PESSOAL ATIVO;FOLHA DE PAGAMENTO DO MES DE  JANEIRO/2018 DOS SERVIDORES ATIVOS. PA 0000050-45.2018.6.07.8100. CANCELAMENTOS PARA ACERTO DE ERRO DE APROPRIACAO;070025;TRIBUNAL REGIONAL ELEITORAL DO D. FEDERAL;;;;;;;;0,00;(3.562,99);;;;;;;;;;(3.562,99);
14107;TRIBUNAL REGIONAL ELEITORAL DO DIST. FEDERAL;070025;TRIBUNAL REGIONAL ELEITORAL DO D. FEDERAL;02122057020TP0053;20TP;ATIVOS CIVIS DA UNIAO;0000;ATIVOS CIVIS DA UNIAO;084774;FOL SERVID;PESSOAL - FOLHA DE SERVIDORES;0100;RECURSOS ORDINARIOS;1;ORCAMENTO FISCAL;3;DESPESAS CORRENTES;1;PESSOAL E ENCARGOS SOCIAIS;11;VENCIMENTOS E VANTAGENS FIXAS - PESSOAL CIVIL;319011;VENCIMENTOS E VANTAGENS FIXAS - PESSOAL CIVIL;31901110;ADICIONAL DE INSALUBRIDADE;5;GLOBAL;08;NAO SE APLICA;-8;03/01/2018;JAN/2018;2018;070025000012018NE000001;PESSOAL ATIVO;2018NECT - VENCIMENTOS E VANTAGENS FIXAS - PESSOAL ATIVO. EXERCICIO 2018.;070025;TRIBUNAL REGIONAL ELEITORAL DO D. FEDERAL;;;;;;;;40.000,00;;;;;;;;;;;;
14107;TRIBUNAL REGIONAL ELEITORAL DO DIST. FEDERAL;070025;TRIBUNAL REGIONAL ELEITORAL DO D. FEDERAL;02122057020TP0053;20TP;ATIVOS CIVIS DA UNIAO;0000;ATIVOS CIVIS DA UNIAO;084774;FOL SERVID;PESSOAL - FOLHA DE SERVIDORES;0100;RECURSOS ORDINARIOS;1;ORCAMENTO FISCAL;3;DESPESAS CORRENTES;1;PESSOAL E ENCARGOS SOCIAIS;11;VENCIMENTOS E VANTAGENS FIXAS - PESSOAL CIVIL;319011;VENCIMENTOS E VANTAGENS FIXAS - PESSOAL CIVIL;31901110;ADICIONAL DE INSALUBRIDADE;5;GLOBAL;08;NAO SE APLICA;-8;03/01/2018;JAN/2018;2018;070025000012018NE000001;PESSOAL ATIVO;FOLHA DE PAGAMENTO DE SERVIDORES ATIVOS REFERENTE AO MES DE ABRIL DE 2018 - PA SEI 0001951-48.2018.6.07.8100;070025;TRIBUNAL REGIONAL ELEITORAL DO D. FEDERAL;;;;;;;;0,00;4.243,47;;;;;;;;;;4.243,47;
14107;TRIBUNAL REGIONAL ELEITORAL DO DIST. FEDERAL;070025;TRIBUNAL REGIONAL ELEITORAL DO D. FEDERAL;02122057020TP0053;20TP;ATIVOS CIVIS DA UNIAO;0000;ATIVOS CIVIS DA UNIAO;084774;FOL SERVID;PESSOAL - FOLHA DE SERVIDORES;0100;RECURSOS ORDINARIOS;1;ORCAMENTO FISCAL;3;DESPESAS CORRENTES;1;PESSOAL E ENCARGOS SOCIAIS;11;VENCIMENTOS E VANTAGENS FIXAS - PESSOAL CIVIL;319011;VENCIMENTOS E VANTAGENS FIXAS - PESSOAL CIVIL;31901110;ADICIONAL DE INSALUBRIDADE;5;GLOBAL;08;NAO SE APLICA;-8;03/01/2018;JAN/2018;2018;070025000012018NE000001;PESSOAL ATIVO;FOLHA DE PAGAMENTO DE SERVIDORES ATIVOS REFERENTE AO MES DE ABRIL DE 2018 - PA SEI 0001951-48.2018.6.07.8100. DEDUCOES.  TRE-SAUDE CONTRIBUICAO MENSAL.;070025;TRIBUNAL REGIONAL ELEITORAL DO D. FEDERAL;;;;;;;;0,00;0,00;4.243,47;;;;;;;;;0,00;4.243,47
14107;TRIBUNAL REGIONAL ELEITORAL DO DIST. FEDERAL;070025;TRIBUNAL REGIONAL ELEITORAL DO D. FEDERAL;02122057020TP0053;20TP;ATIVOS CIVIS DA UNIAO;0000;ATIVOS CIVIS DA UNIAO;084774;FOL SERVID;PESSOAL - FOLHA DE SERVIDORES;0100;RECURSOS ORDINARIOS;1;ORCAMENTO FISCAL;3;DESPESAS CORRENTES;1;PESSOAL E ENCARGOS SOCIAIS;11;VENCIMENTOS E VANTAGENS FIXAS - PESSOAL CIVIL;319011;VENCIMENTOS E VANTAGENS FIXAS - PESSOAL CIVIL;31901110;ADICIONAL DE INSALUBRIDADE;5;GLOBAL;08;NAO SE APLICA;-8;03/01/2018;JAN/2018;2018;070025000012018NE000001;PESSOAL ATIVO;FOLHA DE PAGAMENTO DE SERVIDORES ATIVOS REFERENTE AO MES DE FEVEREIRO DE 2018 - PA SEI 0000707-84.2018.6.07.8100;070025;TRIBUNAL REGIONAL ELEITORAL DO D. FEDERAL;;;;;;;;0,00;4.223,63;;;;;;;;;;4.223,63;
14107;TRIBUNAL REGIONAL ELEITORAL DO DIST. FEDERAL;070025;TRIBUNAL REGIONAL ELEITORAL DO D. FEDERAL;02122057020TP0053;20TP;ATIVOS CIVIS DA UNIAO;0000;ATIVOS CIVIS DA UNIAO;084774;FOL SERVID;PESSOAL - FOLHA DE SERVIDORES;0100;RECURSOS ORDINARIOS;1;ORCAMENTO FISCAL;3;DESPESAS CORRENTES;1;PESSOAL E ENCARGOS SOCIAIS;11;VENCIMENTOS E VANTAGENS FIXAS - PESSOAL CIVIL;319011;VENCIMENTOS E VANTAGENS FIXAS - PESSOAL CIVIL;31901110;ADICIONAL DE INSALUBRIDADE;5;GLOBAL;08;NAO SE APLICA;-8;03/01/2018;JAN/2018;2018;070025000012018NE000001;PESSOAL ATIVO;FOLHA DE PAGAMENTO DE SERVIDORES ATIVOS REFERENTE AO MES DE FEVEREIRO DE 2018 - PA SEI 0000707-84.2018.6.07.8100. DEDUCOES.  TRE-SAUDE CONTRIBUICAO MENSAL.;070025;TRIBUNAL REGIONAL ELEITORAL DO D. FEDERAL;;;;;;;;0,00;0,00;4.223,63;;;;;;;;;0,00;4.223,63
14107;TRIBUNAL REGIONAL ELEITORAL DO DIST. FEDERAL;070025;TRIBUNAL REGIONAL ELEITORAL DO D. FEDERAL;02122057020TP0053;20TP;ATIVOS CIVIS DA UNIAO;0000;ATIVOS CIVIS DA UNIAO;084774;FOL SERVID;PESSOAL - FOLHA DE SERVIDORES;0100;RECURSOS ORDINARIOS;1;ORCAMENTO FISCAL;3;DESPESAS CORRENTES;1;PESSOAL E ENCARGOS SOCIAIS;11;VENCIMENTOS E VANTAGENS FIXAS - PESSOAL CIVIL;319011;VENCIMENTOS E VANTAGENS FIXAS - PESSOAL CIVIL;31901110;ADICIONAL DE INSALUBRIDADE;5;GLOBAL;08;NAO SE APLICA;-8;03/01/2018;JAN/2018;2018;070025000012018NE000001;PESSOAL ATIVO;FOLHA DE PAGAMENTO DE SERVIDORES ATIVOS REFERENTE AO MES DE JANEIRO DE 2018 - PA SEI 0000050-45.2018.6.07.8100;070025;TRIBUNAL REGIONAL ELEITORAL DO D. FEDERAL;;;;;;;;0,00;4.205,40;;;;;;;;;;4.205,40;
14107;TRIBUNAL REGIONAL ELEITORAL DO DIST. FEDERAL;070025;TRIBUNAL REGIONAL ELEITORAL DO D. FEDERAL;02122057020TP0053;20TP;ATIVOS CIVIS DA UNIAO;0000;ATIVOS CIVIS DA UNIAO;084774;FOL SERVID;PESSOAL - FOLHA DE SERVIDORES;0100;RECURSOS ORDINARIOS;1;ORCAMENTO FISCAL;3;DESPESAS CORRENTES;1;PESSOAL E ENCARGOS SOCIAIS;11;VENCIMENTOS E VANTAGENS FIXAS - PESSOAL CIVIL;319011;VENCIMENTOS E VANTAGENS FIXAS - PESSOAL CIVIL;31901110;ADICIONAL DE INSALUBRIDADE;5;GLOBAL;08;NAO SE APLICA;-8;03/01/2018;JAN/2018;2018;070025000012018NE000001;PESSOAL ATIVO;FOLHA DE PAGAMENTO DE SERVIDORES ATIVOS REFERENTE AO MES DE JANEIRO DE 2018 - PA SEI 0000050-45.2018.6.07.8100. CONTRIBUICAO AO TRE-SAUDE;070025;TRIBUNAL REGIONAL ELEITORAL DO D. FEDERAL;;;;;;;;0,00;0,00;4.205,40;;;;;;;;;0,00;4.205,40
14107;TRIBUNAL REGIONAL ELEITORAL DO DIST. FEDERAL;070025;TRIBUNAL REGIONAL ELEITORAL DO D. FEDERAL;02122057020TP0053;20TP;ATIVOS CIVIS DA UNIAO;0000;ATIVOS CIVIS DA UNIAO;084774;FOL SERVID;PESSOAL - FOLHA DE SERVIDORES;0100;RECURSOS ORDINARIOS;1;ORCAMENTO FISCAL;3;DESPESAS CORRENTES;1;PESSOAL E ENCARGOS SOCIAIS;11;VENCIMENTOS E VANTAGENS FIXAS - PESSOAL CIVIL;319011;VENCIMENTOS E VANTAGENS FIXAS - PESSOAL CIVIL;31901110;ADICIONAL DE INSALUBRIDADE;5;GLOBAL;08;NAO SE APLICA;-8;03/01/2018;JAN/2018;2018;070025000012018NE000001;PESSOAL ATIVO;FOLHA DE PAGAMENTO DE SERVIDORES ATIVOS REFERENTE AO MES DE MAIO DE 2018 - PA SEI 0002530-93.2018.6.07.8100.;070025;TRIBUNAL REGIONAL ELEITORAL DO D. FEDERAL;;;;;;;;0,00;4.243,47;;;;;;;;;;4.243,47;
14107;TRIBUNAL REGIONAL ELEITORAL DO DIST. FEDERAL;070025;TRIBUNAL REGIONAL ELEITORAL DO D. FEDERAL;02122057020TP0053;20TP;ATIVOS CIVIS DA UNIAO;0000;ATIVOS CIVIS DA UNIAO;084774;FOL SERVID;PESSOAL - FOLHA DE SERVIDORES;0100;RECURSOS ORDINARIOS;1;ORCAMENTO FISCAL;3;DESPESAS CORRENTES;1;PESSOAL E ENCARGOS SOCIAIS;11;VENCIMENTOS E VANTAGENS FIXAS - PESSOAL CIVIL;319011;VENCIMENTOS E VANTAGENS FIXAS - PESSOAL CIVIL;31901110;ADICIONAL DE INSALUBRIDADE;5;GLOBAL;08;NAO SE APLICA;-8;03/01/2018;JAN/2018;2018;070025000012018NE000001;PESSOAL ATIVO;FOLHA DE PAGAMENTO DE SERVIDORES ATIVOS REFERENTE AO MES DE MARCO DE 2018 - PA SEI 0001307-08.2018.6.07.8100;070025;TRIBUNAL REGIONAL ELEITORAL DO D. FEDERAL;;;;;;;;0,00;4.243,47;;;;;;;;;;4.243,47;
14107;TRIBUNAL REGIONAL ELEITORAL DO DIST. FEDERAL;070025;TRIBUNAL REGIONAL ELEITORAL DO D. FEDERAL;02122057020TP0053;20TP;ATIVOS CIVIS DA UNIAO;0000;ATIVOS CIVIS DA UNIAO;084774;FOL SERVID;PESSOAL - FOLHA DE SERVIDORES;0100;RECURSOS ORDINARIOS;1;ORCAMENTO FISCAL;3;DESPESAS CORRENTES;1;PESSOAL E ENCARGOS SOCIAIS;11;VENCIMENTOS E VANTAGENS FIXAS - PESSOAL CIVIL;319011;VENCIMENTOS E VANTAGENS FIXAS - PESSOAL CIVIL;31901110;ADICIONAL DE INSALUBRIDADE;5;GLOBAL;08;NAO SE APLICA;-8;03/01/2018;JAN/2018;2018;070025000012018NE000001;PESSOAL ATIVO;FOLHA DE PAGAMENTO DE SERVIDORES ATIVOS REFERENTE AO MES DE MARCO DE 2018 - PA SEI 0001307-08.2018.6.07.8100. ŽIMPOSTO DE RENDA RETIDO NA FONTE.;070025;TRIBUNAL REGIONAL ELEITORAL DO D. FEDERAL;;;;;;;;0,00;0,00;4.243,47;;;;;;;;;0,00;4.243,47
14107;TRIBUNAL REGIONAL ELEITORAL DO DIST. FEDERAL;070025;TRIBUNAL REGIONAL ELEITORAL DO D. FEDERAL;02122057020TP0053;20TP;ATIVOS CIVIS DA UNIAO;0000;ATIVOS CIVIS DA UNIAO;084774;FOL SERVID;PESSOAL - FOLHA DE SERVIDORES;0100;RECURSOS ORDINARIOS;1;ORCAMENTO FISCAL;3;DESPESAS CORRENTES;1;PESSOAL E ENCARGOS SOCIAIS;11;VENCIMENTOS E VANTAGENS FIXAS - PESSOAL CIVIL;319011;VENCIMENTOS E VANTAGENS FIXAS - PESSOAL CIVIL;31901110;ADICIONAL DE INSALUBRIDADE;5;GLOBAL;08;NAO SE APLICA;-8;03/01/2018;JAN/2018;2018;070025000012018NE000001;PESSOAL ATIVO;FOLHA DE PAGAMENTO DO MES DE  JANEIRO/2018 DOS SERVIDORES ATIVOS. PA 0000050-45.2018.6.07.8100.;070025;TRIBUNAL REGIONAL ELEITORAL DO D. FEDERAL;;;;;;;;0,00;4.205,40;;;;;;;;;;4.205,40;
14107;TRIBUNAL REGIONAL ELEITORAL DO DIST. FEDERAL;070025;TRIBUNAL REGIONAL ELEITORAL DO D. FEDERAL;02122057020TP0053;20TP;ATIVOS CIVIS DA UNIAO;0000;ATIVOS CIVIS DA UNIAO;084774;FOL SERVID;PESSOAL - FOLHA DE SERVIDORES;0100;RECURSOS ORDINARIOS;1;ORCAMENTO FISCAL;3;DESPESAS CORRENTES;1;PESSOAL E ENCARGOS SOCIAIS;11;VENCIMENTOS E VANTAGENS FIXAS - PESSOAL CIVIL;319011;VENCIMENTOS E VANTAGENS FIXAS - PESSOAL CIVIL;31901110;ADICIONAL DE INSALUBRIDADE;5;GLOBAL;08;NAO SE APLICA;-8;03/01/2018;JAN/2018;2018;070025000012018NE000001;PESSOAL ATIVO;FOLHA DE PAGAMENTO DO MES DE  JANEIRO/2018 DOS SERVIDORES ATIVOS. PA 0000050-45.2018.6.07.8100. CANCELAMENTOS PARA ACERTO DE ERRO DE APROPRIACAO;070025;TRIBUNAL REGIONAL ELEITORAL DO D. FEDERAL;;;;;;;;0,00;(4.205,40);;;;;;;;;;(4.205,40);
14107;TRIBUNAL REGIONAL ELEITORAL DO DIST. FEDERAL;070025;TRIBUNAL REGIONAL ELEITORAL DO D. FEDERAL;02122057020TP0053;20TP;ATIVOS CIVIS DA UNIAO;0000;ATIVOS CIVIS DA UNIAO;084774;FOL SERVID;PESSOAL - FOLHA DE SERVIDORES;0100;RECURSOS ORDINARIOS;1;ORCAMENTO FISCAL;3;DESPESAS CORRENTES;1;PESSOAL E ENCARGOS SOCIAIS;11;VENCIMENTOS E VANTAGENS FIXAS - PESSOAL CIVIL;319011;VENCIMENTOS E VANTAGENS FIXAS - PESSOAL CIVIL;31901113;INCENTIVO A QUALIFICACAO;5;GLOBAL;08;NAO SE APLICA;-8;03/01/2018;JAN/2018;2018;070025000012018NE000001;PESSOAL ATIVO;2018NECT - VENCIMENTOS E VANTAGENS FIXAS - PESSOAL ATIVO. EXERCICIO 2018.;070025;TRIBUNAL REGIONAL ELEITORAL DO D. FEDERAL;;;;;;;;1.000.000,00;;;;;;;;;;;;
14107;TRIBUNAL REGIONAL ELEITORAL DO DIST. FEDERAL;070025;TRIBUNAL REGIONAL ELEITORAL DO D. FEDERAL;02122057020TP0053;20TP;ATIVOS CIVIS DA UNIAO;0000;ATIVOS CIVIS DA UNIAO;084774;FOL SERVID;PESSOAL - FOLHA DE SERVIDORES;0100;RECURSOS ORDINARIOS;1;ORCAMENTO FISCAL;3;DESPESAS CORRENTES;1;PESSOAL E ENCARGOS SOCIAIS;11;VENCIMENTOS E VANTAGENS FIXAS - PESSOAL CIVIL;319011;VENCIMENTOS E VANTAGENS FIXAS - PESSOAL CIVIL;31901113;INCENTIVO A QUALIFICACAO;5;GLOBAL;08;NAO SE APLICA;-8;03/01/2018;JAN/2018;2018;070025000012018NE000001;PESSOAL ATIVO;DEVOLUCAO REALIZADA PELO SINDJUS REF. AO VALOR DA REMUNERACAO DO SERVIDOR JOSE RODRIGUES COSTA NETO, RELATIVO AO MES DE FEVEREIRO/2018.ŽO SERVIDOR ESTA CEDIDO AQUELA INSTITUICAO PARA DESEMPENHO DE MANDATO CLASSISTA, CONFORME PA 71.836/2015.;070025;TRIBUNAL REGIONAL ELEITORAL DO D. FEDERAL;;;;;;;;0,00;(526,28);(526,28);;;;;;;;;(526,28);(526,28)
14107;TRIBUNAL REGIONAL ELEITORAL DO DIST. FEDERAL;070025;TRIBUNAL REGIONAL ELEITORAL DO D. FEDERAL;02122057020TP0053;20TP;ATIVOS CIVIS DA UNIAO;0000;ATIVOS CIVIS DA UNIAO;084774;FOL SERVID;PESSOAL - FOLHA DE SERVIDORES;0100;RECURSOS ORDINARIOS;1;ORCAMENTO FISCAL;3;DESPESAS CORRENTES;1;PESSOAL E ENCARGOS SOCIAIS;11;VENCIMENTOS E VANTAGENS FIXAS - PESSOAL CIVIL;319011;VENCIMENTOS E VANTAGENS FIXAS - PESSOAL CIVIL;31901113;INCENTIVO A QUALIFICACAO;5;GLOBAL;08;NAO SE APLICA;-8;03/01/2018;JAN/2018;2018;070025000012018NE000001;PESSOAL ATIVO;DEVOLUCAO REALIZADA PELO SINDJUS REF. AO VALOR DA REMUNERACAO DO SERVIDOR JOSE RODRIGUES COSTA NETO, RELATIVO AO MES DE JANEIRO/2018 E 13 SALARIO. ŽO SERVIDOR ESTA CEDIDO AQUELA INSTITUICAO PARA DESEMPENHO DE MANDATO CLASSISTA, CONFORME PA 71.836/2015.;070025;TRIBUNAL REGIONAL ELEITORAL DO D. FEDERAL;;;;;;;;0,00;(526,28);(526,28);;;;;;;;;(526,28);(526,28)
14107;TRIBUNAL REGIONAL ELEITORAL DO DIST. FEDERAL;070025;TRIBUNAL REGIONAL ELEITORAL DO D. FEDERAL;02122057020TP0053;20TP;ATIVOS CIVIS DA UNIAO;0000;ATIVOS CIVIS DA UNIAO;084774;FOL SERVID;PESSOAL - FOLHA DE SERVIDORES;0100;RECURSOS ORDINARIOS;1;ORCAMENTO FISCAL;3;DESPESAS CORRENTES;1;PESSOAL E ENCARGOS SOCIAIS;11;VENCIMENTOS E VANTAGENS FIXAS - PESSOAL CIVIL;319011;VENCIMENTOS E VANTAGENS FIXAS - PESSOAL CIVIL;31901113;INCENTIVO A QUALIFICACAO;5;GLOBAL;08;NAO SE APLICA;-8;03/01/2018;JAN/2018;2018;070025000012018NE000001;PESSOAL ATIVO;DEVOLUCAO REALIZADA PELO SINDJUS REF. AO VALOR DA REMUNERACAO DO SERVIDOR JOSE RODRIGUES COSTA NETO, RELATIVO AO MES DE MARCO/2018.ŽO SERVIDOR ESTA CEDIDO AQUELA INSTITUICAO PARA DESEMPENHO DE MANDATO CLASSISTA, CONFORME PA 71.836/2015.;070025;TRIBUNAL REGIONAL ELEITORAL DO D. FEDERAL;;;;;;;;0,00;(1.052,56);(1.052,56);;;;;;;;;(1.052,56);(1.052,56)
14107;TRIBUNAL REGIONAL ELEITORAL DO DIST. FEDERAL;070025;TRIBUNAL REGIONAL ELEITORAL DO D. FEDERAL;02122057020TP0053;20TP;ATIVOS CIVIS DA UNIAO;0000;ATIVOS CIVIS DA UNIAO;084774;FOL SERVID;PESSOAL - FOLHA DE SERVIDORES;0100;RECURSOS ORDINARIOS;1;ORCAMENTO FISCAL;3;DESPESAS CORRENTES;1;PESSOAL E ENCARGOS SOCIAIS;11;VENCIMENTOS E VANTAGENS FIXAS - PESSOAL CIVIL;319011;VENCIMENTOS E VANTAGENS FIXAS - PESSOAL CIVIL;31901113;INCENTIVO A QUALIFICACAO;5;GLOBAL;08;NAO SE APLICA;-8;03/01/2018;JAN/2018;2018;070025000012018NE000001;PESSOAL ATIVO;FOLHA DE PAGAMENTO DE SERVIDORES ATIVOS REFERENTE AO MES DE ABRIL DE 2018 - PA SEI 0001951-48.2018.6.07.8100;070025;TRIBUNAL REGIONAL ELEITORAL DO D. FEDERAL;;;;;;;;0,00;91.443,89;;;;;;;;;;91.443,89;
14107;TRIBUNAL REGIONAL ELEITORAL DO DIST. FEDERAL;070025;TRIBUNAL REGIONAL ELEITORAL DO D. FEDERAL;02122057020TP0053;20TP;ATIVOS CIVIS DA UNIAO;0000;ATIVOS CIVIS DA UNIAO;084774;FOL SERVID;PESSOAL - FOLHA DE SERVIDORES;0100;RECURSOS ORDINARIOS;1;ORCAMENTO FISCAL;3;DESPESAS CORRENTES;1;PESSOAL E ENCARGOS SOCIAIS;11;VENCIMENTOS E VANTAGENS FIXAS - PESSOAL CIVIL;319011;VENCIMENTOS E VANTAGENS FIXAS - PESSOAL CIVIL;31901113;INCENTIVO A QUALIFICACAO;5;GLOBAL;08;NAO SE APLICA;-8;03/01/2018;JAN/2018;2018;070025000012018NE000001;PESSOAL ATIVO;FOLHA DE PAGAMENTO DE SERVIDORES ATIVOS REFERENTE AO MES DE ABRIL DE 2018 - PA SEI 0001951-48.2018.6.07.8100. DADOS BANCARIOS OUTROS BANCOS.;070025;TRIBUNAL REGIONAL ELEITORAL DO D. FEDERAL;;;;;;;;0,00;0,00;14.522,25;;;;;;;;;0,00;14.522,25
14107;TRIBUNAL REGIONAL ELEITORAL DO DIST. FEDERAL;070025;TRIBUNAL REGIONAL ELEITORAL DO D. FEDERAL;02122057020TP0053;20TP;ATIVOS CIVIS DA UNIAO;0000;ATIVOS CIVIS DA UNIAO;084774;FOL SERVID;PESSOAL - FOLHA DE SERVIDORES;0100;RECURSOS ORDINARIOS;1;ORCAMENTO FISCAL;3;DESPESAS CORRENTES;1;PESSOAL E ENCARGOS SOCIAIS;11;VENCIMENTOS E VANTAGENS FIXAS - PESSOAL CIVIL;319011;VENCIMENTOS E VANTAGENS FIXAS - PESSOAL CIVIL;31901113;INCENTIVO A QUALIFICACAO;5;GLOBAL;08;NAO SE APLICA;-8;03/01/2018;JAN/2018;2018;070025000012018NE000001;PESSOAL ATIVO;FOLHA DE PAGAMENTO DE SERVIDORES ATIVOS REFERENTE AO MES DE ABRIL DE 2018 - PA SEI 0001951-48.2018.6.07.8100. DEDUCOES.  TRE-SAUDE CONTRIBUICAO MENSAL.;070025;TRIBUNAL REGIONAL ELEITORAL DO D. FEDERAL;;;;;;;;0,00;0,00;76.921,64;;;;;;;;;0,00;76.921,64
14107;TRIBUNAL REGIONAL ELEITORAL DO DIST. FEDERAL;070025;TRIBUNAL REGIONAL ELEITORAL DO D. FEDERAL;02122057020TP0053;20TP;ATIVOS CIVIS DA UNIAO;0000;ATIVOS CIVIS DA UNIAO;084774;FOL SERVID;PESSOAL - FOLHA DE SERVIDORES;0100;RECURSOS ORDINARIOS;1;ORCAMENTO FISCAL;3;DESPESAS CORRENTES;1;PESSOAL E ENCARGOS SOCIAIS;11;VENCIMENTOS E VANTAGENS FIXAS - PESSOAL CIVIL;319011;VENCIMENTOS E VANTAGENS FIXAS - PESSOAL CIVIL;31901113;INCENTIVO A QUALIFICACAO;5;GLOBAL;08;NAO SE APLICA;-8;03/01/2018;JAN/2018;2018;070025000012018NE000001;PESSOAL ATIVO;FOLHA DE PAGAMENTO DE SERVIDORES ATIVOS REFERENTE AO MES DE FEVEREIRO DE 2018 - PA SEI 0000707-84.2018.6.07.8100;070025;TRIBUNAL REGIONAL ELEITORAL DO D. FEDERAL;;;;;;;;0,00;90.696,31;;;;;;;;;;90.696,31;
14107;TRIBUNAL REGIONAL ELEITORAL DO DIST. FEDERAL;070025;TRIBUNAL REGIONAL ELEITORAL DO D. FEDERAL;02122057020TP0053;20TP;ATIVOS CIVIS DA UNIAO;0000;ATIVOS CIVIS DA UNIAO;084774;FOL SERVID;PESSOAL - FOLHA DE SERVIDORES;0100;RECURSOS ORDINARIOS;1;ORCAMENTO FISCAL;3;DESPESAS CORRENTES;1;PESSOAL E ENCARGOS SOCIAIS;11;VENCIMENTOS E VANTAGENS FIXAS - PESSOAL CIVIL;319011;VENCIMENTOS E VANTAGENS FIXAS - PESSOAL CIVIL;31901113;INCENTIVO A QUALIFICACAO;5;GLOBAL;08;NAO SE APLICA;-8;03/01/2018;JAN/2018;2018;070025000012018NE000001;PESSOAL ATIVO;FOLHA DE PAGAMENTO DE SERVIDORES ATIVOS REFERENTE AO MES DE FEVEREIRO DE 2018 - PA SEI 0000707-84.2018.6.07.8100. DEDUCOES.  TRE-SAUDE CONTRIBUICAO MENSAL.;070025;TRIBUNAL REGIONAL ELEITORAL DO D. FEDERAL;;;;;;;;0,00;0,00;90.696,31;;;;;;;;;0,00;90.696,31
14107;TRIBUNAL REGIONAL ELEITORAL DO DIST. FEDERAL;070025;TRIBUNAL REGIONAL ELEITORAL DO D. FEDERAL;02122057020TP0053;20TP;ATIVOS CIVIS DA UNIAO;0000;ATIVOS CIVIS DA UNIAO;084774;FOL SERVID;PESSOAL - FOLHA DE SERVIDORES;0100;RECURSOS ORDINARIOS;1;ORCAMENTO FISCAL;3;DESPESAS CORRENTES;1;PESSOAL E ENCARGOS SOCIAIS;11;VENCIMENTOS E VANTAGENS FIXAS - PESSOAL CIVIL;319011;VENCIMENTOS E VANTAGENS FIXAS - PESSOAL CIVIL;31901113;INCENTIVO A QUALIFICACAO;5;GLOBAL;08;NAO SE APLICA;-8;03/01/2018;JAN/2018;2018;070025000012018NE000001;PESSOAL ATIVO;FOLHA DE PAGAMENTO DE SERVIDORES ATIVOS REFERENTE AO MES DE JANEIRO DE 2018 - PA SEI 0000050-45.2018.6.07.8100;070025;TRIBUNAL REGIONAL ELEITORAL DO D. FEDERAL;;;;;;;;0,00;89.681,01;;;;;;;;;;89.681,01;
14107;TRIBUNAL REGIONAL ELEITORAL DO DIST. FEDERAL;070025;TRIBUNAL REGIONAL ELEITORAL DO D. FEDERAL;02122057020TP0053;20TP;ATIVOS CIVIS DA UNIAO;0000;ATIVOS CIVIS DA UNIAO;084774;FOL SERVID;PESSOAL - FOLHA DE SERVIDORES;0100;RECURSOS ORDINARIOS;1;ORCAMENTO FISCAL;3;DESPESAS CORRENTES;1;PESSOAL E ENCARGOS SOCIAIS;11;VENCIMENTOS E VANTAGENS FIXAS - PESSOAL CIVIL;319011;VENCIMENTOS E VANTAGENS FIXAS - PESSOAL CIVIL;31901113;INCENTIVO A QUALIFICACAO;5;GLOBAL;08;NAO SE APLICA;-8;03/01/2018;JAN/2018;2018;070025000012018NE000001;PESSOAL ATIVO;FOLHA DE PAGAMENTO DE SERVIDORES ATIVOS REFERENTE AO MES DE JANEIRO DE 2018 - PA SEI 0000050-45.2018.6.07.8100. CONTRIBUICAO AO TRE-SAUDE;070025;TRIBUNAL REGIONAL ELEITORAL DO D. FEDERAL;;;;;;;;0,00;0,00;89.681,01;;;;;;;;;0,00;89.681,01
14107;TRIBUNAL REGIONAL ELEITORAL DO DIST. FEDERAL;070025;TRIBUNAL REGIONAL ELEITORAL DO D. FEDERAL;02122057020TP0053;20TP;ATIVOS CIVIS DA UNIAO;0000;ATIVOS CIVIS DA UNIAO;084774;FOL SERVID;PESSOAL - FOLHA DE SERVIDORES;0100;RECURSOS ORDINARIOS;1;ORCAMENTO FISCAL;3;DESPESAS CORRENTES;1;PESSOAL E ENCARGOS SOCIAIS;11;VENCIMENTOS E VANTAGENS FIXAS - PESSOAL CIVIL;319011;VENCIMENTOS E VANTAGENS FIXAS - PESSOAL CIVIL;31901113;INCENTIVO A QUALIFICACAO;5;GLOBAL;08;NAO SE APLICA;-8;03/01/2018;JAN/2018;2018;070025000012018NE000001;PESSOAL ATIVO;FOLHA DE PAGAMENTO DE SERVIDORES ATIVOS REFERENTE AO MES DE MAIO DE 2018 - PA SEI 0002530-93.2018.6.07.8100.;070025;TRIBUNAL REGIONAL ELEITORAL DO D. FEDERAL;;;;;;;;0,00;92.142,64;;;;;;;;;;92.142,64;
14107;TRIBUNAL REGIONAL ELEITORAL DO DIST. FEDERAL;070025;TRIBUNAL REGIONAL ELEITORAL DO D. FEDERAL;02122057020TP0053;20TP;ATIVOS CIVIS DA UNIAO;0000;ATIVOS CIVIS DA UNIAO;084774;FOL SERVID;PESSOAL - FOLHA DE SERVIDORES;0100;RECURSOS ORDINARIOS;1;ORCAMENTO FISCAL;3;DESPESAS CORRENTES;1;PESSOAL E ENCARGOS SOCIAIS;11;VENCIMENTOS E VANTAGENS FIXAS - PESSOAL CIVIL;319011;VENCIMENTOS E VANTAGENS FIXAS - PESSOAL CIVIL;31901113;INCENTIVO A QUALIFICACAO;5;GLOBAL;08;NAO SE APLICA;-8;03/01/2018;JAN/2018;2018;070025000012018NE000001;PESSOAL ATIVO;FOLHA DE PAGAMENTO DE SERVIDORES ATIVOS REFERENTE AO MES DE MAIO DE 2018 - PA SEI 0002530-93.2018.6.07.8100. DEVOLUCOES.;070025;TRIBUNAL REGIONAL ELEITORAL DO D. FEDERAL;;;;;;;;0,00;(223,33);(223,33);;;;;;;;;(223,33);(223,33)
14107;TRIBUNAL REGIONAL ELEITORAL DO DIST. FEDERAL;070025;TRIBUNAL REGIONAL ELEITORAL DO D. FEDERAL;02122057020TP0053;20TP;ATIVOS CIVIS DA UNIAO;0000;ATIVOS CIVIS DA UNIAO;084774;FOL SERVID;PESSOAL - FOLHA DE SERVIDORES;0100;RECURSOS ORDINARIOS;1;ORCAMENTO FISCAL;3;DESPESAS CORRENTES;1;PESSOAL E ENCARGOS SOCIAIS;11;VENCIMENTOS E VANTAGENS FIXAS - PESSOAL CIVIL;319011;VENCIMENTOS E VANTAGENS FIXAS - PESSOAL CIVIL;31901113;INCENTIVO A QUALIFICACAO;5;GLOBAL;08;NAO SE APLICA;-8;03/01/2018;JAN/2018;2018;070025000012018NE000001;PESSOAL ATIVO;FOLHA DE PAGAMENTO DE SERVIDORES ATIVOS REFERENTE AO MES DE MARCO DE 2018 - PA SEI 0001307-08.2018.6.07.8100;070025;TRIBUNAL REGIONAL ELEITORAL DO D. FEDERAL;;;;;;;;0,00;91.637,51;;;;;;;;;;91.637,51;
14107;TRIBUNAL REGIONAL ELEITORAL DO DIST. FEDERAL;070025;TRIBUNAL REGIONAL ELEITORAL DO D. FEDERAL;02122057020TP0053;20TP;ATIVOS CIVIS DA UNIAO;0000;ATIVOS CIVIS DA UNIAO;084774;FOL SERVID;PESSOAL - FOLHA DE SERVIDORES;0100;RECURSOS ORDINARIOS;1;ORCAMENTO FISCAL;3;DESPESAS CORRENTES;1;PESSOAL E ENCARGOS SOCIAIS;11;VENCIMENTOS E VANTAGENS FIXAS - PESSOAL CIVIL;319011;VENCIMENTOS E VANTAGENS FIXAS - PESSOAL CIVIL;31901113;INCENTIVO A QUALIFICACAO;5;GLOBAL;08;NAO SE APLICA;-8;03/01/2018;JAN/2018;2018;070025000012018NE000001;PESSOAL ATIVO;FOLHA DE PAGAMENTO DE SERVIDORES ATIVOS REFERENTE AO MES DE MARCO DE 2018 - PA SEI 0001307-08.2018.6.07.8100.  FUNPRESP.;070025;TRIBUNAL REGIONAL ELEITORAL DO D. FEDERAL;;;;;;;;0,00;0,00;6.946,92;;;;;;;;;0,00;6.946,92
14107;TRIBUNAL REGIONAL ELEITORAL DO DIST. FEDERAL;070025;TRIBUNAL REGIONAL ELEITORAL DO D. FEDERAL;02122057020TP0053;20TP;ATIVOS CIVIS DA UNIAO;0000;ATIVOS CIVIS DA UNIAO;084774;FOL SERVID;PESSOAL - FOLHA DE SERVIDORES;0100;RECURSOS ORDINARIOS;1;ORCAMENTO FISCAL;3;DESPESAS CORRENTES;1;PESSOAL E ENCARGOS SOCIAIS;11;VENCIMENTOS E VANTAGENS FIXAS - PESSOAL CIVIL;319011;VENCIMENTOS E VANTAGENS FIXAS - PESSOAL CIVIL;31901113;INCENTIVO A QUALIFICACAO;5;GLOBAL;08;NAO SE APLICA;-8;03/01/2018;JAN/2018;2018;070025000012018NE000001;PESSOAL ATIVO;FOLHA DE PAGAMENTO DE SERVIDORES ATIVOS REFERENTE AO MES DE MARCO DE 2018 - PA SEI 0001307-08.2018.6.07.8100.  VALOR DE OUTROS BANCOS.;070025;TRIBUNAL REGIONAL ELEITORAL DO D. FEDERAL;;;;;;;;0,00;0,00;816,69;;;;;;;;;0,00;816,69
14107;TRIBUNAL REGIONAL ELEITORAL DO DIST. FEDERAL;070025;TRIBUNAL REGIONAL ELEITORAL DO D. FEDERAL;02122057020TP0053;20TP;ATIVOS CIVIS DA UNIAO;0000;ATIVOS CIVIS DA UNIAO;084774;FOL SERVID;PESSOAL - FOLHA DE SERVIDORES;0100;RECURSOS ORDINARIOS;1;ORCAMENTO FISCAL;3;DESPESAS CORRENTES;1;PESSOAL E ENCARGOS SOCIAIS;11;VENCIMENTOS E VANTAGENS FIXAS - PESSOAL CIVIL;319011;VENCIMENTOS E VANTAGENS FIXAS - PESSOAL CIVIL;31901113;INCENTIVO A QUALIFICACAO;5;GLOBAL;08;NAO SE APLICA;-8;03/01/2018;JAN/2018;2018;070025000012018NE000001;PESSOAL ATIVO;FOLHA DE PAGAMENTO DE SERVIDORES ATIVOS REFERENTE AO MES DE MARCO DE 2018 - PA SEI 0001307-08.2018.6.07.8100. ŽIMPOSTO DE RENDA RETIDO NA FONTE.;070025;TRIBUNAL REGIONAL ELEITORAL DO D. FEDERAL;;;;;;;;0,00;0,00;83.873,90;;;;;;;;;0,00;83.873,90
14107;TRIBUNAL REGIONAL ELEITORAL DO DIST. FEDERAL;070025;TRIBUNAL REGIONAL ELEITORAL DO D. FEDERAL;02122057020TP0053;20TP;ATIVOS CIVIS DA UNIAO;0000;ATIVOS CIVIS DA UNIAO;084774;FOL SERVID;PESSOAL - FOLHA DE SERVIDORES;0100;RECURSOS ORDINARIOS;1;ORCAMENTO FISCAL;3;DESPESAS CORRENTES;1;PESSOAL E ENCARGOS SOCIAIS;11;VENCIMENTOS E VANTAGENS FIXAS - PESSOAL CIVIL;319011;VENCIMENTOS E VANTAGENS FIXAS - PESSOAL CIVIL;31901113;INCENTIVO A QUALIFICACAO;5;GLOBAL;08;NAO SE APLICA;-8;03/01/2018;JAN/2018;2018;070025000012018NE000001;PESSOAL ATIVO;FOLHA DE PAGAMENTO DO MES DE  JANEIRO/2018 DOS SERVIDORES ATIVOS. PA 0000050-45.2018.6.07.8100.;070025;TRIBUNAL REGIONAL ELEITORAL DO D. FEDERAL;;;;;;;;0,00;89.681,01;;;;;;;;;;89.681,01;
14107;TRIBUNAL REGIONAL ELEITORAL DO DIST. FEDERAL;070025;TRIBUNAL REGIONAL ELEITORAL DO D. FEDERAL;02122057020TP0053;20TP;ATIVOS CIVIS DA UNIAO;0000;ATIVOS CIVIS DA UNIAO;084774;FOL SERVID;PESSOAL - FOLHA DE SERVIDORES;0100;RECURSOS ORDINARIOS;1;ORCAMENTO FISCAL;3;DESPESAS CORRENTES;1;PESSOAL E ENCARGOS SOCIAIS;11;VENCIMENTOS E VANTAGENS FIXAS - PESSOAL CIVIL;319011;VENCIMENTOS E VANTAGENS FIXAS - PESSOAL CIVIL;31901113;INCENTIVO A QUALIFICACAO;5;GLOBAL;08;NAO SE APLICA;-8;03/01/2018;JAN/2018;2018;070025000012018NE000001;PESSOAL ATIVO;FOLHA DE PAGAMENTO DO MES DE  JANEIRO/2018 DOS SERVIDORES ATIVOS. PA 0000050-45.2018.6.07.8100. CANCELAMENTOS PARA ACERTO DE ERRO DE APROPRIACAO;070025;TRIBUNAL REGIONAL ELEITORAL DO D. FEDERAL;;;;;;;;0,00;(89.681,01);;;;;;;;;;(89.681,01);
14107;TRIBUNAL REGIONAL ELEITORAL DO DIST. FEDERAL;070025;TRIBUNAL REGIONAL ELEITORAL DO D. FEDERAL;02122057020TP0053;20TP;ATIVOS CIVIS DA UNIAO;0000;ATIVOS CIVIS DA UNIAO;084774;FOL SERVID;PESSOAL - FOLHA DE SERVIDORES;0100;RECURSOS ORDINARIOS;1;ORCAMENTO FISCAL;3;DESPESAS CORRENTES;1;PESSOAL E ENCARGOS SOCIAIS;11;VENCIMENTOS E VANTAGENS FIXAS - PESSOAL CIVIL;319011;VENCIMENTOS E VANTAGENS FIXAS - PESSOAL CIVIL;31901131;GRATIFICACAO POR EXERCICIO DE CARGO EFETIVO;5;GLOBAL;08;NAO SE APLICA;-8;03/01/2018;JAN/2018;2018;070025000012018NE000001;PESSOAL ATIVO;2018NECT - VENCIMENTOS E VANTAGENS FIXAS - PESSOAL ATIVO. EXERCICIO 2018.;070025;TRIBUNAL REGIONAL ELEITORAL DO D. FEDERAL;;;;;;;;14.000.000,00;;;;;;;;;;;;
14107;TRIBUNAL REGIONAL ELEITORAL DO DIST. FEDERAL;070025;TRIBUNAL REGIONAL ELEITORAL DO D. FEDERAL;02122057020TP0053;20TP;ATIVOS CIVIS DA UNIAO;0000;ATIVOS CIVIS DA UNIAO;084774;FOL SERVID;PESSOAL - FOLHA DE SERVIDORES;0100;RECURSOS ORDINARIOS;1;ORCAMENTO FISCAL;3;DESPESAS CORRENTES;1;PESSOAL E ENCARGOS SOCIAIS;11;VENCIMENTOS E VANTAGENS FIXAS - PESSOAL CIVIL;319011;VENCIMENTOS E VANTAGENS FIXAS - PESSOAL CIVIL;31901131;GRATIFICACAO POR EXERCICIO DE CARGO EFETIVO;5;GLOBAL;08;NAO SE APLICA;-8;03/01/2018;JAN/2018;2018;070025000012018NE000001;PESSOAL ATIVO;DEVOLUCAO REALIZADA PELO SINDJUS REF. AO VALOR DA REMUNERACAO DO SERVIDOR JOSE RODRIGUES COSTA NETO, RELATIVO AO MES DE FEVEREIRO/2018.ŽO SERVIDOR ESTA CEDIDO AQUELA INSTITUICAO PARA DESEMPENHO DE MANDATO CLASSISTA, CONFORME PA 71.836/2015.;070025;TRIBUNAL REGIONAL ELEITORAL DO D. FEDERAL;;;;;;;;0,00;(8.560,85);(8.560,85);;;;;;;;;(8.560,85);(8.560,85)
14107;TRIBUNAL REGIONAL ELEITORAL DO DIST. FEDERAL;070025;TRIBUNAL REGIONAL ELEITORAL DO D. FEDERAL;02122057020TP0053;20TP;ATIVOS CIVIS DA UNIAO;0000;ATIVOS CIVIS DA UNIAO;084774;FOL SERVID;PESSOAL - FOLHA DE SERVIDORES;0100;RECURSOS ORDINARIOS;1;ORCAMENTO FISCAL;3;DESPESAS CORRENTES;1;PESSOAL E ENCARGOS SOCIAIS;11;VENCIMENTOS E VANTAGENS FIXAS - PESSOAL CIVIL;319011;VENCIMENTOS E VANTAGENS FIXAS - PESSOAL CIVIL;31901131;GRATIFICACAO POR EXERCICIO DE CARGO EFETIVO;5;GLOBAL;08;NAO SE APLICA;-8;03/01/2018;JAN/2018;2018;070025000012018NE000001;PESSOAL ATIVO;DEVOLUCAO REALIZADA PELO SINDJUS REF. AO VALOR DA REMUNERACAO DO SERVIDOR JOSE RODRIGUES COSTA NETO, RELATIVO AO MES DE JANEIRO/2018 E 13 SALARIO. ŽO SERVIDOR ESTA CEDIDO AQUELA INSTITUICAO PARA DESEMPENHO DE MANDATO CLASSISTA, CONFORME PA 71.836/2015.;070025;TRIBUNAL REGIONAL ELEITORAL DO D. FEDERAL;;;;;;;;0,00;(8.560,85);(8.560,85);;;;;;;;;(8.560,85);(8.560,85)
14107;TRIBUNAL REGIONAL ELEITORAL DO DIST. FEDERAL;070025;TRIBUNAL REGIONAL ELEITORAL DO D. FEDERAL;02122057020TP0053;20TP;ATIVOS CIVIS DA UNIAO;0000;ATIVOS CIVIS DA UNIAO;084774;FOL SERVID;PESSOAL - FOLHA DE SERVIDORES;0100;RECURSOS ORDINARIOS;1;ORCAMENTO FISCAL;3;DESPESAS CORRENTES;1;PESSOAL E ENCARGOS SOCIAIS;11;VENCIMENTOS E VANTAGENS FIXAS - PESSOAL CIVIL;319011;VENCIMENTOS E VANTAGENS FIXAS - PESSOAL CIVIL;31901131;GRATIFICACAO POR EXERCICIO DE CARGO EFETIVO;5;GLOBAL;08;NAO SE APLICA;-8;03/01/2018;JAN/2018;2018;070025000012018NE000001;PESSOAL ATIVO;DEVOLUCAO REALIZADA PELO SINDJUS REF. AO VALOR DA REMUNERACAO DO SERVIDOR JOSE RODRIGUES COSTA NETO, RELATIVO AO MES DE MARCO/2018.ŽO SERVIDOR ESTA CEDIDO AQUELA INSTITUICAO PARA DESEMPENHO DE MANDATO CLASSISTA, CONFORME PA 71.836/2015.;070025;TRIBUNAL REGIONAL ELEITORAL DO D. FEDERAL;;;;;;;;0,00;(17.121,70);(17.121,70);;;;;;;;;(17.121,70);(17.121,70)
14107;TRIBUNAL REGIONAL ELEITORAL DO DIST. FEDERAL;070025;TRIBUNAL REGIONAL ELEITORAL DO D. FEDERAL;02122057020TP0053;20TP;ATIVOS CIVIS DA UNIAO;0000;ATIVOS CIVIS DA UNIAO;084774;FOL SERVID;PESSOAL - FOLHA DE SERVIDORES;0100;RECURSOS ORDINARIOS;1;ORCAMENTO FISCAL;3;DESPESAS CORRENTES;1;PESSOAL E ENCARGOS SOCIAIS;11;VENCIMENTOS E VANTAGENS FIXAS - PESSOAL CIVIL;319011;VENCIMENTOS E VANTAGENS FIXAS - PESSOAL CIVIL;31901131;GRATIFICACAO POR EXERCICIO DE CARGO EFETIVO;5;GLOBAL;08;NAO SE APLICA;-8;03/01/2018;JAN/2018;2018;070025000012018NE000001;PESSOAL ATIVO;FOLHA DE PAGAMENTO DE SERVIDORES ATIVOS REFERENTE AO MES DE ABRIL DE 2018 - PA SEI 0001951-48.2018.6.07.8100;070025;TRIBUNAL REGIONAL ELEITORAL DO D. FEDERAL;;;;;;;;0,00;1.390.380,49;;;;;;;;;;1.390.380,49;
14107;TRIBUNAL REGIONAL ELEITORAL DO DIST. FEDERAL;070025;TRIBUNAL REGIONAL ELEITORAL DO D. FEDERAL;02122057020TP0053;20TP;ATIVOS CIVIS DA UNIAO;0000;ATIVOS CIVIS DA UNIAO;084774;FOL SERVID;PESSOAL - FOLHA DE SERVIDORES;0100;RECURSOS ORDINARIOS;1;ORCAMENTO FISCAL;3;DESPESAS CORRENTES;1;PESSOAL E ENCARGOS SOCIAIS;11;VENCIMENTOS E VANTAGENS FIXAS - PESSOAL CIVIL;319011;VENCIMENTOS E VANTAGENS FIXAS - PESSOAL CIVIL;31901131;GRATIFICACAO POR EXERCICIO DE CARGO EFETIVO;5;GLOBAL;08;NAO SE APLICA;-8;03/01/2018;JAN/2018;2018;070025000012018NE000001;PESSOAL ATIVO;FOLHA DE PAGAMENTO DE SERVIDORES ATIVOS REFERENTE AO MES DE ABRIL DE 2018 - PA SEI 0001951-48.2018.6.07.8100 ŽDEVOLUCAO VENCIMENTOS E SALARIOS, ANT. DE SALARIO E BENEFICIOS.;070025;TRIBUNAL REGIONAL ELEITORAL DO D. FEDERAL;;;;;;;;0,00;(4.353,66);0,00;;;;;;;;;(4.353,66);0,00
14107;TRIBUNAL REGIONAL ELEITORAL DO DIST. FEDERAL;070025;TRIBUNAL REGIONAL ELEITORAL DO D. FEDERAL;02122057020TP0053;20TP;ATIVOS CIVIS DA UNIAO;0000;ATIVOS CIVIS DA UNIAO;084774;FOL SERVID;PESSOAL - FOLHA DE SERVIDORES;0100;RECURSOS ORDINARIOS;1;ORCAMENTO FISCAL;3;DESPESAS CORRENTES;1;PESSOAL E ENCARGOS SOCIAIS;11;VENCIMENTOS E VANTAGENS FIXAS - PESSOAL CIVIL;319011;VENCIMENTOS E VANTAGENS FIXAS - PESSOAL CIVIL;31901131;GRATIFICACAO POR EXERCICIO DE CARGO EFETIVO;5;GLOBAL;08;NAO SE APLICA;-8;03/01/2018;JAN/2018;2018;070025000012018NE000001;PESSOAL ATIVO;FOLHA DE PAGAMENTO DE SERVIDORES ATIVOS REFERENTE AO MES DE ABRIL DE 2018 - PA SEI 0001951-48.2018.6.07.8100. DADOS BANCARIOS BANCO DO BRASIL.;070025;TRIBUNAL REGIONAL ELEITORAL DO D. FEDERAL;;;;;;;;0,00;0,00;468.027,54;;;;;;;;;0,00;468.027,54
14107;TRIBUNAL REGIONAL ELEITORAL DO DIST. FEDERAL;070025;TRIBUNAL REGIONAL ELEITORAL DO D. FEDERAL;02122057020TP0053;20TP;ATIVOS CIVIS DA UNIAO;0000;ATIVOS CIVIS DA UNIAO;084774;FOL SERVID;PESSOAL - FOLHA DE SERVIDORES;0100;RECURSOS ORDINARIOS;1;ORCAMENTO FISCAL;3;DESPESAS CORRENTES;1;PESSOAL E ENCARGOS SOCIAIS;11;VENCIMENTOS E VANTAGENS FIXAS - PESSOAL CIVIL;319011;VENCIMENTOS E VANTAGENS FIXAS - PESSOAL CIVIL;31901131;GRATIFICACAO POR EXERCICIO DE CARGO EFETIVO;5;GLOBAL;08;NAO SE APLICA;-8;03/01/2018;JAN/2018;2018;070025000012018NE000001;PESSOAL ATIVO;FOLHA DE PAGAMENTO DE SERVIDORES ATIVOS REFERENTE AO MES DE ABRIL DE 2018 - PA SEI 0001951-48.2018.6.07.8100. DADOS BANCARIOS BANCO ITAU.;070025;TRIBUNAL REGIONAL ELEITORAL DO D. FEDERAL;;;;;;;;0,00;0,00;97.654,07;;;;;;;;;0,00;97.654,07
14107;TRIBUNAL REGIONAL ELEITORAL DO DIST. FEDERAL;070025;TRIBUNAL REGIONAL ELEITORAL DO D. FEDERAL;02122057020TP0053;20TP;ATIVOS CIVIS DA UNIAO;0000;ATIVOS CIVIS DA UNIAO;084774;FOL SERVID;PESSOAL - FOLHA DE SERVIDORES;0100;RECURSOS ORDINARIOS;1;ORCAMENTO FISCAL;3;DESPESAS CORRENTES;1;PESSOAL E ENCARGOS SOCIAIS;11;VENCIMENTOS E VANTAGENS FIXAS - PESSOAL CIVIL;319011;VENCIMENTOS E VANTAGENS FIXAS - PESSOAL CIVIL;31901131;GRATIFICACAO POR EXERCICIO DE CARGO EFETIVO;5;GLOBAL;08;NAO SE APLICA;-8;03/01/2018;JAN/2018;2018;070025000012018NE000001;PESSOAL ATIVO;FOLHA DE PAGAMENTO DE SERVIDORES ATIVOS REFERENTE AO MES DE ABRIL DE 2018 - PA SEI 0001951-48.2018.6.07.8100. DADOS BANCARIOS CEF.;070025;TRIBUNAL REGIONAL ELEITORAL DO D. FEDERAL;;;;;;;;0,00;0,00;588.173,30;;;;;;;;;0,00;588.173,30
14107;TRIBUNAL REGIONAL ELEITORAL DO DIST. FEDERAL;070025;TRIBUNAL REGIONAL ELEITORAL DO D. FEDERAL;02122057020TP0053;20TP;ATIVOS CIVIS DA UNIAO;0000;ATIVOS CIVIS DA UNIAO;084774;FOL SERVID;PESSOAL - FOLHA DE SERVIDORES;0100;RECURSOS ORDINARIOS;1;ORCAMENTO FISCAL;3;DESPESAS CORRENTES;1;PESSOAL E ENCARGOS SOCIAIS;11;VENCIMENTOS E VANTAGENS FIXAS - PESSOAL CIVIL;319011;VENCIMENTOS E VANTAGENS FIXAS - PESSOAL CIVIL;31901131;GRATIFICACAO POR EXERCICIO DE CARGO EFETIVO;5;GLOBAL;08;NAO SE APLICA;-8;03/01/2018;JAN/2018;2018;070025000012018NE000001;PESSOAL ATIVO;FOLHA DE PAGAMENTO DE SERVIDORES ATIVOS REFERENTE AO MES DE ABRIL DE 2018 - PA SEI 0001951-48.2018.6.07.8100. DADOS BANCARIOS OUTROS BANCOS.;070025;TRIBUNAL REGIONAL ELEITORAL DO D. FEDERAL;;;;;;;;0,00;0,00;232.171,92;;;;;;;;;0,00;232.171,92
14107;TRIBUNAL REGIONAL ELEITORAL DO DIST. FEDERAL;070025;TRIBUNAL REGIONAL ELEITORAL DO D. FEDERAL;02122057020TP0053;20TP;ATIVOS CIVIS DA UNIAO;0000;ATIVOS CIVIS DA UNIAO;084774;FOL SERVID;PESSOAL - FOLHA DE SERVIDORES;0100;RECURSOS ORDINARIOS;1;ORCAMENTO FISCAL;3;DESPESAS CORRENTES;1;PESSOAL E ENCARGOS SOCIAIS;11;VENCIMENTOS E VANTAGENS FIXAS - PESSOAL CIVIL;319011;VENCIMENTOS E VANTAGENS FIXAS - PESSOAL CIVIL;31901131;GRATIFICACAO POR EXERCICIO DE CARGO EFETIVO;5;GLOBAL;08;NAO SE APLICA;-8;03/01/2018;JAN/2018;2018;070025000012018NE000001;PESSOAL ATIVO;FOLHA DE PAGAMENTO DE SERVIDORES ATIVOS REFERENTE AO MES DE FEVEREIRO DE 2018 - PA SEI 0000707-84.2018.6.07.8100;070025;TRIBUNAL REGIONAL ELEITORAL DO D. FEDERAL;;;;;;;;0,00;1.380.248,79;;;;;;;;;;1.380.248,79;
14107;TRIBUNAL REGIONAL ELEITORAL DO DIST. FEDERAL;070025;TRIBUNAL REGIONAL ELEITORAL DO D. FEDERAL;02122057020TP0053;20TP;ATIVOS CIVIS DA UNIAO;0000;ATIVOS CIVIS DA UNIAO;084774;FOL SERVID;PESSOAL - FOLHA DE SERVIDORES;0100;RECURSOS ORDINARIOS;1;ORCAMENTO FISCAL;3;DESPESAS CORRENTES;1;PESSOAL E ENCARGOS SOCIAIS;11;VENCIMENTOS E VANTAGENS FIXAS - PESSOAL CIVIL;319011;VENCIMENTOS E VANTAGENS FIXAS - PESSOAL CIVIL;31901131;GRATIFICACAO POR EXERCICIO DE CARGO EFETIVO;5;GLOBAL;08;NAO SE APLICA;-8;03/01/2018;JAN/2018;2018;070025000012018NE000001;PESSOAL ATIVO;FOLHA DE PAGAMENTO DE SERVIDORES ATIVOS REFERENTE AO MES DE FEVEREIRO DE 2018 - PA SEI 0000707-84.2018.6.07.8100. DADOS BANCARIOS BANCO DO BRASIL.;070025;TRIBUNAL REGIONAL ELEITORAL DO D. FEDERAL;;;;;;;;0,00;0,00;530.893,92;;;;;;;;;0,00;530.893,92
14107;TRIBUNAL REGIONAL ELEITORAL DO DIST. FEDERAL;070025;TRIBUNAL REGIONAL ELEITORAL DO D. FEDERAL;02122057020TP0053;20TP;ATIVOS CIVIS DA UNIAO;0000;ATIVOS CIVIS DA UNIAO;084774;FOL SERVID;PESSOAL - FOLHA DE SERVIDORES;0100;RECURSOS ORDINARIOS;1;ORCAMENTO FISCAL;3;DESPESAS CORRENTES;1;PESSOAL E ENCARGOS SOCIAIS;11;VENCIMENTOS E VANTAGENS FIXAS - PESSOAL CIVIL;319011;VENCIMENTOS E VANTAGENS FIXAS - PESSOAL CIVIL;31901131;GRATIFICACAO POR EXERCICIO DE CARGO EFETIVO;5;GLOBAL;08;NAO SE APLICA;-8;03/01/2018;JAN/2018;2018;070025000012018NE000001;PESSOAL ATIVO;FOLHA DE PAGAMENTO DE SERVIDORES ATIVOS REFERENTE AO MES DE FEVEREIRO DE 2018 - PA SEI 0000707-84.2018.6.07.8100. DADOS BANCARIOS CEF.;070025;TRIBUNAL REGIONAL ELEITORAL DO D. FEDERAL;;;;;;;;0,00;0,00;566.076,01;;;;;;;;;0,00;566.076,01
14107;TRIBUNAL REGIONAL ELEITORAL DO DIST. FEDERAL;070025;TRIBUNAL REGIONAL ELEITORAL DO D. FEDERAL;02122057020TP0053;20TP;ATIVOS CIVIS DA UNIAO;0000;ATIVOS CIVIS DA UNIAO;084774;FOL SERVID;PESSOAL - FOLHA DE SERVIDORES;0100;RECURSOS ORDINARIOS;1;ORCAMENTO FISCAL;3;DESPESAS CORRENTES;1;PESSOAL E ENCARGOS SOCIAIS;11;VENCIMENTOS E VANTAGENS FIXAS - PESSOAL CIVIL;319011;VENCIMENTOS E VANTAGENS FIXAS - PESSOAL CIVIL;31901131;GRATIFICACAO POR EXERCICIO DE CARGO EFETIVO;5;GLOBAL;08;NAO SE APLICA;-8;03/01/2018;JAN/2018;2018;070025000012018NE000001;PESSOAL ATIVO;FOLHA DE PAGAMENTO DE SERVIDORES ATIVOS REFERENTE AO MES DE FEVEREIRO DE 2018 - PA SEI 0000707-84.2018.6.07.8100. DADOS BANCARIOS OUTROS BANCOS.;070025;TRIBUNAL REGIONAL ELEITORAL DO D. FEDERAL;;;;;;;;0,00;0,00;224.653,62;;;;;;;;;0,00;224.653,62
14107;TRIBUNAL REGIONAL ELEITORAL DO DIST. FEDERAL;070025;TRIBUNAL REGIONAL ELEITORAL DO D. FEDERAL;02122057020TP0053;20TP;ATIVOS CIVIS DA UNIAO;0000;ATIVOS CIVIS DA UNIAO;084774;FOL SERVID;PESSOAL - FOLHA DE SERVIDORES;0100;RECURSOS ORDINARIOS;1;ORCAMENTO FISCAL;3;DESPESAS CORRENTES;1;PESSOAL E ENCARGOS SOCIAIS;11;VENCIMENTOS E VANTAGENS FIXAS - PESSOAL CIVIL;319011;VENCIMENTOS E VANTAGENS FIXAS - PESSOAL CIVIL;31901131;GRATIFICACAO POR EXERCICIO DE CARGO EFETIVO;5;GLOBAL;08;NAO SE APLICA;-8;03/01/2018;JAN/2018;2018;070025000012018NE000001;PESSOAL ATIVO;FOLHA DE PAGAMENTO DE SERVIDORES ATIVOS REFERENTE AO MES DE FEVEREIRO DE 2018 - PA SEI 0000707-84.2018.6.07.8100. DEDUCOES.  BANCO BRADESCO.;070025;TRIBUNAL REGIONAL ELEITORAL DO D. FEDERAL;;;;;;;;0,00;0,00;1.519,64;;;;;;;;;0,00;1.519,64
14107;TRIBUNAL REGIONAL ELEITORAL DO DIST. FEDERAL;070025;TRIBUNAL REGIONAL ELEITORAL DO D. FEDERAL;02122057020TP0053;20TP;ATIVOS CIVIS DA UNIAO;0000;ATIVOS CIVIS DA UNIAO;084774;FOL SERVID;PESSOAL - FOLHA DE SERVIDORES;0100;RECURSOS ORDINARIOS;1;ORCAMENTO FISCAL;3;DESPESAS CORRENTES;1;PESSOAL E ENCARGOS SOCIAIS;11;VENCIMENTOS E VANTAGENS FIXAS - PESSOAL CIVIL;319011;VENCIMENTOS E VANTAGENS FIXAS - PESSOAL CIVIL;31901131;GRATIFICACAO POR EXERCICIO DE CARGO EFETIVO;5;GLOBAL;08;NAO SE APLICA;-8;03/01/2018;JAN/2018;2018;070025000012018NE000001;PESSOAL ATIVO;FOLHA DE PAGAMENTO DE SERVIDORES ATIVOS REFERENTE AO MES DE FEVEREIRO DE 2018 - PA SEI 0000707-84.2018.6.07.8100. DEDUCOES.  DEVOLUCAO DE CONSIGNACOES (TAXAS MINISTERIO DO PLANEJAMENTO).;070025;TRIBUNAL REGIONAL ELEITORAL DO D. FEDERAL;;;;;;;;0,00;0,00;1.398,00;;;;;;;;;0,00;1.398,00
14107;TRIBUNAL REGIONAL ELEITORAL DO DIST. FEDERAL;070025;TRIBUNAL REGIONAL ELEITORAL DO D. FEDERAL;02122057020TP0053;20TP;ATIVOS CIVIS DA UNIAO;0000;ATIVOS CIVIS DA UNIAO;084774;FOL SERVID;PESSOAL - FOLHA DE SERVIDORES;0100;RECURSOS ORDINARIOS;1;ORCAMENTO FISCAL;3;DESPESAS CORRENTES;1;PESSOAL E ENCARGOS SOCIAIS;11;VENCIMENTOS E VANTAGENS FIXAS - PESSOAL CIVIL;319011;VENCIMENTOS E VANTAGENS FIXAS - PESSOAL CIVIL;31901131;GRATIFICACAO POR EXERCICIO DE CARGO EFETIVO;5;GLOBAL;08;NAO SE APLICA;-8;03/01/2018;JAN/2018;2018;070025000012018NE000001;PESSOAL ATIVO;FOLHA DE PAGAMENTO DE SERVIDORES ATIVOS REFERENTE AO MES DE FEVEREIRO DE 2018 - PA SEI 0000707-84.2018.6.07.8100. DEDUCOES.  PENSAO ALIMENTICIA (OUTROS BANCO).;070025;TRIBUNAL REGIONAL ELEITORAL DO D. FEDERAL;;;;;;;;0,00;0,00;12.898,54;;;;;;;;;0,00;12.898,54
14107;TRIBUNAL REGIONAL ELEITORAL DO DIST. FEDERAL;070025;TRIBUNAL REGIONAL ELEITORAL DO D. FEDERAL;02122057020TP0053;20TP;ATIVOS CIVIS DA UNIAO;0000;ATIVOS CIVIS DA UNIAO;084774;FOL SERVID;PESSOAL - FOLHA DE SERVIDORES;0100;RECURSOS ORDINARIOS;1;ORCAMENTO FISCAL;3;DESPESAS CORRENTES;1;PESSOAL E ENCARGOS SOCIAIS;11;VENCIMENTOS E VANTAGENS FIXAS - PESSOAL CIVIL;319011;VENCIMENTOS E VANTAGENS FIXAS - PESSOAL CIVIL;31901131;GRATIFICACAO POR EXERCICIO DE CARGO EFETIVO;5;GLOBAL;08;NAO SE APLICA;-8;03/01/2018;JAN/2018;2018;070025000012018NE000001;PESSOAL ATIVO;FOLHA DE PAGAMENTO DE SERVIDORES ATIVOS REFERENTE AO MES DE FEVEREIRO DE 2018 - PA SEI 0000707-84.2018.6.07.8100. DEDUCOES.  TRE-SAUDE CONTRIBUICAO MENSAL.;070025;TRIBUNAL REGIONAL ELEITORAL DO D. FEDERAL;;;;;;;;0,00;0,00;2.442,57;;;;;;;;;0,00;2.442,57
14107;TRIBUNAL REGIONAL ELEITORAL DO DIST. FEDERAL;070025;TRIBUNAL REGIONAL ELEITORAL DO D. FEDERAL;02122057020TP0053;20TP;ATIVOS CIVIS DA UNIAO;0000;ATIVOS CIVIS DA UNIAO;084774;FOL SERVID;PESSOAL - FOLHA DE SERVIDORES;0100;RECURSOS ORDINARIOS;1;ORCAMENTO FISCAL;3;DESPESAS CORRENTES;1;PESSOAL E ENCARGOS SOCIAIS;11;VENCIMENTOS E VANTAGENS FIXAS - PESSOAL CIVIL;319011;VENCIMENTOS E VANTAGENS FIXAS - PESSOAL CIVIL;31901131;GRATIFICACAO POR EXERCICIO DE CARGO EFETIVO;5;GLOBAL;08;NAO SE APLICA;-8;03/01/2018;JAN/2018;2018;070025000012018NE000001;PESSOAL ATIVO;FOLHA DE PAGAMENTO DE SERVIDORES ATIVOS REFERENTE AO MES DE FEVEREIRO DE 2018 - PA SEI 0000707-84.2018.6.07.8100. DEDUCOES. INSS SERVIDORES.;070025;TRIBUNAL REGIONAL ELEITORAL DO D. FEDERAL;;;;;;;;0,00;0,00;1.900,86;;;;;;;;;0,00;1.900,86
14107;TRIBUNAL REGIONAL ELEITORAL DO DIST. FEDERAL;070025;TRIBUNAL REGIONAL ELEITORAL DO D. FEDERAL;02122057020TP0053;20TP;ATIVOS CIVIS DA UNIAO;0000;ATIVOS CIVIS DA UNIAO;084774;FOL SERVID;PESSOAL - FOLHA DE SERVIDORES;0100;RECURSOS ORDINARIOS;1;ORCAMENTO FISCAL;3;DESPESAS CORRENTES;1;PESSOAL E ENCARGOS SOCIAIS;11;VENCIMENTOS E VANTAGENS FIXAS - PESSOAL CIVIL;319011;VENCIMENTOS E VANTAGENS FIXAS - PESSOAL CIVIL;31901131;GRATIFICACAO POR EXERCICIO DE CARGO EFETIVO;5;GLOBAL;08;NAO SE APLICA;-8;03/01/2018;JAN/2018;2018;070025000012018NE000001;PESSOAL ATIVO;FOLHA DE PAGAMENTO DE SERVIDORES ATIVOS REFERENTE AO MES DE FEVEREIRO DE 2018 - PA SEI 0000707-84.2018.6.07.8100. DEVOLUCOES;070025;TRIBUNAL REGIONAL ELEITORAL DO D. FEDERAL;;;;;;;;0,00;(4.353,66);34.111,97;;;;;;;;;(4.353,66);34.111,97
14107;TRIBUNAL REGIONAL ELEITORAL DO DIST. FEDERAL;070025;TRIBUNAL REGIONAL ELEITORAL DO D. FEDERAL;02122057020TP0053;20TP;ATIVOS CIVIS DA UNIAO;0000;ATIVOS CIVIS DA UNIAO;084774;FOL SERVID;PESSOAL - FOLHA DE SERVIDORES;0100;RECURSOS ORDINARIOS;1;ORCAMENTO FISCAL;3;DESPESAS CORRENTES;1;PESSOAL E ENCARGOS SOCIAIS;11;VENCIMENTOS E VANTAGENS FIXAS - PESSOAL CIVIL;319011;VENCIMENTOS E VANTAGENS FIXAS - PESSOAL CIVIL;31901131;GRATIFICACAO POR EXERCICIO DE CARGO EFETIVO;5;GLOBAL;08;NAO SE APLICA;-8;03/01/2018;JAN/2018;2018;070025000012018NE000001;PESSOAL ATIVO;FOLHA DE PAGAMENTO DE SERVIDORES ATIVOS REFERENTE AO MES DE JANEIRO DE 2018 - PA SEI 0000050-45.2018.6.07.8100;070025;TRIBUNAL REGIONAL ELEITORAL DO D. FEDERAL;;;;;;;;0,00;1.375.206,05;;;;;;;;;;1.375.206,05;
14107;TRIBUNAL REGIONAL ELEITORAL DO DIST. FEDERAL;070025;TRIBUNAL REGIONAL ELEITORAL DO D. FEDERAL;02122057020TP0053;20TP;ATIVOS CIVIS DA UNIAO;0000;ATIVOS CIVIS DA UNIAO;084774;FOL SERVID;PESSOAL - FOLHA DE SERVIDORES;0100;RECURSOS ORDINARIOS;1;ORCAMENTO FISCAL;3;DESPESAS CORRENTES;1;PESSOAL E ENCARGOS SOCIAIS;11;VENCIMENTOS E VANTAGENS FIXAS - PESSOAL CIVIL;319011;VENCIMENTOS E VANTAGENS FIXAS - PESSOAL CIVIL;31901131;GRATIFICACAO POR EXERCICIO DE CARGO EFETIVO;5;GLOBAL;08;NAO SE APLICA;-8;03/01/2018;JAN/2018;2018;070025000012018NE000001;PESSOAL ATIVO;FOLHA DE PAGAMENTO DE SERVIDORES ATIVOS REFERENTE AO MES DE JANEIRO DE 2018 - PA SEI 0000050-45.2018.6.07.8100. CONSIGNACAO BRADESCO;070025;TRIBUNAL REGIONAL ELEITORAL DO D. FEDERAL;;;;;;;;0,00;0,00;1.519,64;;;;;;;;;0,00;1.519,64
14107;TRIBUNAL REGIONAL ELEITORAL DO DIST. FEDERAL;070025;TRIBUNAL REGIONAL ELEITORAL DO D. FEDERAL;02122057020TP0053;20TP;ATIVOS CIVIS DA UNIAO;0000;ATIVOS CIVIS DA UNIAO;084774;FOL SERVID;PESSOAL - FOLHA DE SERVIDORES;0100;RECURSOS ORDINARIOS;1;ORCAMENTO FISCAL;3;DESPESAS CORRENTES;1;PESSOAL E ENCARGOS SOCIAIS;11;VENCIMENTOS E VANTAGENS FIXAS - PESSOAL CIVIL;319011;VENCIMENTOS E VANTAGENS FIXAS - PESSOAL CIVIL;31901131;GRATIFICACAO POR EXERCICIO DE CARGO EFETIVO;5;GLOBAL;08;NAO SE APLICA;-8;03/01/2018;JAN/2018;2018;070025000012018NE000001;PESSOAL ATIVO;FOLHA DE PAGAMENTO DE SERVIDORES ATIVOS REFERENTE AO MES DE JANEIRO DE 2018 - PA SEI 0000050-45.2018.6.07.8100. CONTRIBUICAO AO TRE-SAUDE;070025;TRIBUNAL REGIONAL ELEITORAL DO D. FEDERAL;;;;;;;;0,00;0,00;58.960,26;;;;;;;;;0,00;58.960,26
14107;TRIBUNAL REGIONAL ELEITORAL DO DIST. FEDERAL;070025;TRIBUNAL REGIONAL ELEITORAL DO D. FEDERAL;02122057020TP0053;20TP;ATIVOS CIVIS DA UNIAO;0000;ATIVOS CIVIS DA UNIAO;084774;FOL SERVID;PESSOAL - FOLHA DE SERVIDORES;0100;RECURSOS ORDINARIOS;1;ORCAMENTO FISCAL;3;DESPESAS CORRENTES;1;PESSOAL E ENCARGOS SOCIAIS;11;VENCIMENTOS E VANTAGENS FIXAS - PESSOAL CIVIL;319011;VENCIMENTOS E VANTAGENS FIXAS - PESSOAL CIVIL;31901131;GRATIFICACAO POR EXERCICIO DE CARGO EFETIVO;5;GLOBAL;08;NAO SE APLICA;-8;03/01/2018;JAN/2018;2018;070025000012018NE000001;PESSOAL ATIVO;FOLHA DE PAGAMENTO DE SERVIDORES ATIVOS REFERENTE AO MES DE JANEIRO DE 2018 - PA SEI 0000050-45.2018.6.07.8100. DADOS BANCARIOS BANCOS DIFERENTES DO BB, ITAU E CEF;070025;TRIBUNAL REGIONAL ELEITORAL DO D. FEDERAL;;;;;;;;0,00;0,00;417.301,33;;;;;;;;;0,00;417.301,33
14107;TRIBUNAL REGIONAL ELEITORAL DO DIST. FEDERAL;070025;TRIBUNAL REGIONAL ELEITORAL DO D. FEDERAL;02122057020TP0053;20TP;ATIVOS CIVIS DA UNIAO;0000;ATIVOS CIVIS DA UNIAO;084774;FOL SERVID;PESSOAL - FOLHA DE SERVIDORES;0100;RECURSOS ORDINARIOS;1;ORCAMENTO FISCAL;3;DESPESAS CORRENTES;1;PESSOAL E ENCARGOS SOCIAIS;11;VENCIMENTOS E VANTAGENS FIXAS - PESSOAL CIVIL;319011;VENCIMENTOS E VANTAGENS FIXAS - PESSOAL CIVIL;31901131;GRATIFICACAO POR EXERCICIO DE CARGO EFETIVO;5;GLOBAL;08;NAO SE APLICA;-8;03/01/2018;JAN/2018;2018;070025000012018NE000001;PESSOAL ATIVO;FOLHA DE PAGAMENTO DE SERVIDORES ATIVOS REFERENTE AO MES DE JANEIRO DE 2018 - PA SEI 0000050-45.2018.6.07.8100. DADOS BANCARIOS BB;070025;TRIBUNAL REGIONAL ELEITORAL DO D. FEDERAL;;;;;;;;0,00;0,00;876.032,66;;;;;;;;;0,00;876.032,66
14107;TRIBUNAL REGIONAL ELEITORAL DO DIST. FEDERAL;070025;TRIBUNAL REGIONAL ELEITORAL DO D. FEDERAL;02122057020TP0053;20TP;ATIVOS CIVIS DA UNIAO;0000;ATIVOS CIVIS DA UNIAO;084774;FOL SERVID;PESSOAL - FOLHA DE SERVIDORES;0100;RECURSOS ORDINARIOS;1;ORCAMENTO FISCAL;3;DESPESAS CORRENTES;1;PESSOAL E ENCARGOS SOCIAIS;11;VENCIMENTOS E VANTAGENS FIXAS - PESSOAL CIVIL;319011;VENCIMENTOS E VANTAGENS FIXAS - PESSOAL CIVIL;31901131;GRATIFICACAO POR EXERCICIO DE CARGO EFETIVO;5;GLOBAL;08;NAO SE APLICA;-8;03/01/2018;JAN/2018;2018;070025000012018NE000001;PESSOAL ATIVO;FOLHA DE PAGAMENTO DE SERVIDORES ATIVOS REFERENTE AO MES DE JANEIRO DE 2018 - PA SEI 0000050-45.2018.6.07.8100. DESCONTO PENSAO ALIMENTICIA PARA OS CORRENTISTAS DE OUTROS BANCOS DIFERENTES DE BB, CEF E ITAU;070025;TRIBUNAL REGIONAL ELEITORAL DO D. FEDERAL;;;;;;;;0,00;0,00;18.048,56;;;;;;;;;0,00;18.048,56
14107;TRIBUNAL REGIONAL ELEITORAL DO DIST. FEDERAL;070025;TRIBUNAL REGIONAL ELEITORAL DO D. FEDERAL;02122057020TP0053;20TP;ATIVOS CIVIS DA UNIAO;0000;ATIVOS CIVIS DA UNIAO;084774;FOL SERVID;PESSOAL - FOLHA DE SERVIDORES;0100;RECURSOS ORDINARIOS;1;ORCAMENTO FISCAL;3;DESPESAS CORRENTES;1;PESSOAL E ENCARGOS SOCIAIS;11;VENCIMENTOS E VANTAGENS FIXAS - PESSOAL CIVIL;319011;VENCIMENTOS E VANTAGENS FIXAS - PESSOAL CIVIL;31901131;GRATIFICACAO POR EXERCICIO DE CARGO EFETIVO;5;GLOBAL;08;NAO SE APLICA;-8;03/01/2018;JAN/2018;2018;070025000012018NE000001;PESSOAL ATIVO;FOLHA DE PAGAMENTO DE SERVIDORES ATIVOS REFERENTE AO MES DE JANEIRO DE 2018 - PA SEI 0000050-45.2018.6.07.8100. RECOLHIMENTO CONTRIBUICAO INSS SERVIDOR;070025;TRIBUNAL REGIONAL ELEITORAL DO D. FEDERAL;;;;;;;;0,00;0,00;2.110,35;;;;;;;;;0,00;2.110,35
14107;TRIBUNAL REGIONAL ELEITORAL DO DIST. FEDERAL;070025;TRIBUNAL REGIONAL ELEITORAL DO D. FEDERAL;02122057020TP0053;20TP;ATIVOS CIVIS DA UNIAO;0000;ATIVOS CIVIS DA UNIAO;084774;FOL SERVID;PESSOAL - FOLHA DE SERVIDORES;0100;RECURSOS ORDINARIOS;1;ORCAMENTO FISCAL;3;DESPESAS CORRENTES;1;PESSOAL E ENCARGOS SOCIAIS;11;VENCIMENTOS E VANTAGENS FIXAS - PESSOAL CIVIL;319011;VENCIMENTOS E VANTAGENS FIXAS - PESSOAL CIVIL;31901131;GRATIFICACAO POR EXERCICIO DE CARGO EFETIVO;5;GLOBAL;08;NAO SE APLICA;-8;03/01/2018;JAN/2018;2018;070025000012018NE000001;PESSOAL ATIVO;FOLHA DE PAGAMENTO DE SERVIDORES ATIVOS REFERENTE AO MES DE JANEIRO DE 2018 - PA SEI 0000050-45.2018.6.07.8100. RECOLHIMENTO TAXAS DE CONSIGNACAO;070025;TRIBUNAL REGIONAL ELEITORAL DO D. FEDERAL;;;;;;;;0,00;0,00;1.233,25;;;;;;;;;0,00;1.233,25
14107;TRIBUNAL REGIONAL ELEITORAL DO DIST. FEDERAL;070025;TRIBUNAL REGIONAL ELEITORAL DO D. FEDERAL;02122057020TP0053;20TP;ATIVOS CIVIS DA UNIAO;0000;ATIVOS CIVIS DA UNIAO;084774;FOL SERVID;PESSOAL - FOLHA DE SERVIDORES;0100;RECURSOS ORDINARIOS;1;ORCAMENTO FISCAL;3;DESPESAS CORRENTES;1;PESSOAL E ENCARGOS SOCIAIS;11;VENCIMENTOS E VANTAGENS FIXAS - PESSOAL CIVIL;319011;VENCIMENTOS E VANTAGENS FIXAS - PESSOAL CIVIL;31901131;GRATIFICACAO POR EXERCICIO DE CARGO EFETIVO;5;GLOBAL;08;NAO SE APLICA;-8;03/01/2018;JAN/2018;2018;070025000012018NE000001;PESSOAL ATIVO;FOLHA DE PAGAMENTO DE SERVIDORES ATIVOS REFERENTE AO MES DE MAIO DE 2018 - PA SEI 0002530-93.2018.6.07.8100.;070025;TRIBUNAL REGIONAL ELEITORAL DO D. FEDERAL;;;;;;;;0,00;1.399.917,00;;;;;;;;;;1.399.917,00;
14107;TRIBUNAL REGIONAL ELEITORAL DO DIST. FEDERAL;070025;TRIBUNAL REGIONAL ELEITORAL DO D. FEDERAL;02122057020TP0053;20TP;ATIVOS CIVIS DA UNIAO;0000;ATIVOS CIVIS DA UNIAO;084774;FOL SERVID;PESSOAL - FOLHA DE SERVIDORES;0100;RECURSOS ORDINARIOS;1;ORCAMENTO FISCAL;3;DESPESAS CORRENTES;1;PESSOAL E ENCARGOS SOCIAIS;11;VENCIMENTOS E VANTAGENS FIXAS - PESSOAL CIVIL;319011;VENCIMENTOS E VANTAGENS FIXAS - PESSOAL CIVIL;31901131;GRATIFICACAO POR EXERCICIO DE CARGO EFETIVO;5;GLOBAL;08;NAO SE APLICA;-8;03/01/2018;JAN/2018;2018;070025000012018NE000001;PESSOAL ATIVO;FOLHA DE PAGAMENTO DE SERVIDORES ATIVOS REFERENTE AO MES DE MAIO DE 2018 - PA SEI 0002530-93.2018.6.07.8100. DEVOLUCOES.;070025;TRIBUNAL REGIONAL ELEITORAL DO D. FEDERAL;;;;;;;;0,00;(4.353,66);16.603,80;;;;;;;;;(4.353,66);16.603,80
14107;TRIBUNAL REGIONAL ELEITORAL DO DIST. FEDERAL;070025;TRIBUNAL REGIONAL ELEITORAL DO D. FEDERAL;02122057020TP0053;20TP;ATIVOS CIVIS DA UNIAO;0000;ATIVOS CIVIS DA UNIAO;084774;FOL SERVID;PESSOAL - FOLHA DE SERVIDORES;0100;RECURSOS ORDINARIOS;1;ORCAMENTO FISCAL;3;DESPESAS CORRENTES;1;PESSOAL E ENCARGOS SOCIAIS;11;VENCIMENTOS E VANTAGENS FIXAS - PESSOAL CIVIL;319011;VENCIMENTOS E VANTAGENS FIXAS - PESSOAL CIVIL;31901131;GRATIFICACAO POR EXERCICIO DE CARGO EFETIVO;5;GLOBAL;08;NAO SE APLICA;-8;03/01/2018;JAN/2018;2018;070025000012018NE000001;PESSOAL ATIVO;FOLHA DE PAGAMENTO DE SERVIDORES ATIVOS REFERENTE AO MES DE MARCO DE 2018 - PA SEI 0001307-08.2018.6.07.8100;070025;TRIBUNAL REGIONAL ELEITORAL DO D. FEDERAL;;;;;;;;0,00;1.382.078,89;;;;;;;;;;1.382.078,89;
14107;TRIBUNAL REGIONAL ELEITORAL DO DIST. FEDERAL;070025;TRIBUNAL REGIONAL ELEITORAL DO D. FEDERAL;02122057020TP0053;20TP;ATIVOS CIVIS DA UNIAO;0000;ATIVOS CIVIS DA UNIAO;084774;FOL SERVID;PESSOAL - FOLHA DE SERVIDORES;0100;RECURSOS ORDINARIOS;1;ORCAMENTO FISCAL;3;DESPESAS CORRENTES;1;PESSOAL E ENCARGOS SOCIAIS;11;VENCIMENTOS E VANTAGENS FIXAS - PESSOAL CIVIL;319011;VENCIMENTOS E VANTAGENS FIXAS - PESSOAL CIVIL;31901131;GRATIFICACAO POR EXERCICIO DE CARGO EFETIVO;5;GLOBAL;08;NAO SE APLICA;-8;03/01/2018;JAN/2018;2018;070025000012018NE000001;PESSOAL ATIVO;FOLHA DE PAGAMENTO DE SERVIDORES ATIVOS REFERENTE AO MES DE MARCO DE 2018 - PA SEI 0001307-08.2018.6.07.8100 ŽANULACAO DE DESPESAS.;070025;TRIBUNAL REGIONAL ELEITORAL DO D. FEDERAL;;;;;;;;0,00;(4.353,66);864,75;;;;;;;;;(4.353,66);864,75
14107;TRIBUNAL REGIONAL ELEITORAL DO DIST. FEDERAL;070025;TRIBUNAL REGIONAL ELEITORAL DO D. FEDERAL;02122057020TP0053;20TP;ATIVOS CIVIS DA UNIAO;0000;ATIVOS CIVIS DA UNIAO;084774;FOL SERVID;PESSOAL - FOLHA DE SERVIDORES;0100;RECURSOS ORDINARIOS;1;ORCAMENTO FISCAL;3;DESPESAS CORRENTES;1;PESSOAL E ENCARGOS SOCIAIS;11;VENCIMENTOS E VANTAGENS FIXAS - PESSOAL CIVIL;319011;VENCIMENTOS E VANTAGENS FIXAS - PESSOAL CIVIL;31901131;GRATIFICACAO POR EXERCICIO DE CARGO EFETIVO;5;GLOBAL;08;NAO SE APLICA;-8;03/01/2018;JAN/2018;2018;070025000012018NE000001;PESSOAL ATIVO;FOLHA DE PAGAMENTO DE SERVIDORES ATIVOS REFERENTE AO MES DE MARCO DE 2018 - PA SEI 0001307-08.2018.6.07.8100.  VALOR DE OUTROS BANCOS.;070025;TRIBUNAL REGIONAL ELEITORAL DO D. FEDERAL;;;;;;;;0,00;0,00;236.536,52;;;;;;;;;0,00;236.536,52
14107;TRIBUNAL REGIONAL ELEITORAL DO DIST. FEDERAL;070025;TRIBUNAL REGIONAL ELEITORAL DO D. FEDERAL;02122057020TP0053;20TP;ATIVOS CIVIS DA UNIAO;0000;ATIVOS CIVIS DA UNIAO;084774;FOL SERVID;PESSOAL - FOLHA DE SERVIDORES;0100;RECURSOS ORDINARIOS;1;ORCAMENTO FISCAL;3;DESPESAS CORRENTES;1;PESSOAL E ENCARGOS SOCIAIS;11;VENCIMENTOS E VANTAGENS FIXAS - PESSOAL CIVIL;319011;VENCIMENTOS E VANTAGENS FIXAS - PESSOAL CIVIL;31901131;GRATIFICACAO POR EXERCICIO DE CARGO EFETIVO;5;GLOBAL;08;NAO SE APLICA;-8;03/01/2018;JAN/2018;2018;070025000012018NE000001;PESSOAL ATIVO;FOLHA DE PAGAMENTO DE SERVIDORES ATIVOS REFERENTE AO MES DE MARCO DE 2018 - PA SEI 0001307-08.2018.6.07.8100.  VALOR DO BANCO DO BRASIL.;070025;TRIBUNAL REGIONAL ELEITORAL DO D. FEDERAL;;;;;;;;0,00;0,00;1.140.323,96;;;;;;;;;0,00;1.140.323,96
14107;TRIBUNAL REGIONAL ELEITORAL DO DIST. FEDERAL;070025;TRIBUNAL REGIONAL ELEITORAL DO D. FEDERAL;02122057020TP0053;20TP;ATIVOS CIVIS DA UNIAO;0000;ATIVOS CIVIS DA UNIAO;084774;FOL SERVID;PESSOAL - FOLHA DE SERVIDORES;0100;RECURSOS ORDINARIOS;1;ORCAMENTO FISCAL;3;DESPESAS CORRENTES;1;PESSOAL E ENCARGOS SOCIAIS;11;VENCIMENTOS E VANTAGENS FIXAS - PESSOAL CIVIL;319011;VENCIMENTOS E VANTAGENS FIXAS - PESSOAL CIVIL;31901131;GRATIFICACAO POR EXERCICIO DE CARGO EFETIVO;5;GLOBAL;08;NAO SE APLICA;-8;03/01/2018;JAN/2018;2018;070025000012018NE000001;PESSOAL ATIVO;FOLHA DE PAGAMENTO DO MES DE  JANEIRO/2018 DOS SERVIDORES ATIVOS. PA 0000050-45.2018.6.07.8100.;070025;TRIBUNAL REGIONAL ELEITORAL DO D. FEDERAL;;;;;;;;0,00;1.379.559,71;;;;;;;;;;1.379.559,71;
14107;TRIBUNAL REGIONAL ELEITORAL DO DIST. FEDERAL;070025;TRIBUNAL REGIONAL ELEITORAL DO D. FEDERAL;02122057020TP0053;20TP;ATIVOS CIVIS DA UNIAO;0000;ATIVOS CIVIS DA UNIAO;084774;FOL SERVID;PESSOAL - FOLHA DE SERVIDORES;0100;RECURSOS ORDINARIOS;1;ORCAMENTO FISCAL;3;DESPESAS CORRENTES;1;PESSOAL E ENCARGOS SOCIAIS;11;VENCIMENTOS E VANTAGENS FIXAS - PESSOAL CIVIL;319011;VENCIMENTOS E VANTAGENS FIXAS - PESSOAL CIVIL;31901131;GRATIFICACAO POR EXERCICIO DE CARGO EFETIVO;5;GLOBAL;08;NAO SE APLICA;-8;03/01/2018;JAN/2018;2018;070025000012018NE000001;PESSOAL ATIVO;FOLHA DE PAGAMENTO DO MES DE  JANEIRO/2018 DOS SERVIDORES ATIVOS. PA 0000050-45.2018.6.07.8100. CANCELAMENTOS PARA ACERTO DE ERRO DE APROPRIACAO;070025;TRIBUNAL REGIONAL ELEITORAL DO D. FEDERAL;;;;;;;;0,00;(1.379.559,71);;;;;;;;;;(1.379.559,71);
14107;TRIBUNAL REGIONAL ELEITORAL DO DIST. FEDERAL;070025;TRIBUNAL REGIONAL ELEITORAL DO D. FEDERAL;02122057020TP0053;20TP;ATIVOS CIVIS DA UNIAO;0000;ATIVOS CIVIS DA UNIAO;084774;FOL SERVID;PESSOAL - FOLHA DE SERVIDORES;0100;RECURSOS ORDINARIOS;1;ORCAMENTO FISCAL;3;DESPESAS CORRENTES;1;PESSOAL E ENCARGOS SOCIAIS;11;VENCIMENTOS E VANTAGENS FIXAS - PESSOAL CIVIL;319011;VENCIMENTOS E VANTAGENS FIXAS - PESSOAL CIVIL;31901133;GRAT POR EXERCICIO DE FUNCOES COMISSIONADAS;5;GLOBAL;08;NAO SE APLICA;-8;03/01/2018;JAN/2018;2018;070025000012018NE000001;PESSOAL ATIVO;2018NECT - VENCIMENTOS E VANTAGENS FIXAS - PESSOAL ATIVO. EXERCICIO 2018.;070025;TRIBUNAL REGIONAL ELEITORAL DO D. FEDERAL;;;;;;;;4.000.000,00;;;;;;;;;;;;
14107;TRIBUNAL REGIONAL ELEITORAL DO DIST. FEDERAL;070025;TRIBUNAL REGIONAL ELEITORAL DO D. FEDERAL;02122057020TP0053;20TP;ATIVOS CIVIS DA UNIAO;0000;ATIVOS CIVIS DA UNIAO;084774;FOL SERVID;PESSOAL - FOLHA DE SERVIDORES;0100;RECURSOS ORDINARIOS;1;ORCAMENTO FISCAL;3;DESPESAS CORRENTES;1;PESSOAL E ENCARGOS SOCIAIS;11;VENCIMENTOS E VANTAGENS FIXAS - PESSOAL CIVIL;319011;VENCIMENTOS E VANTAGENS FIXAS - PESSOAL CIVIL;31901133;GRAT POR EXERCICIO DE FUNCOES COMISSIONADAS;5;GLOBAL;08;NAO SE APLICA;-8;03/01/2018;JAN/2018;2018;070025000012018NE000001;PESSOAL ATIVO;DEVOLUCAO DE 21 DIAS DE FUNCAO COMISSIONADA FC-3 DA SERVIDORA ANNE CAROLINE DIESEL DE OLIVEIRA.;070025;TRIBUNAL REGIONAL ELEITORAL DO D. FEDERAL;;;;;;;;0,00;(934,21);(934,21);;;;;;;;;(934,21);(934,21)
14107;TRIBUNAL REGIONAL ELEITORAL DO DIST. FEDERAL;070025;TRIBUNAL REGIONAL ELEITORAL DO D. FEDERAL;02122057020TP0053;20TP;ATIVOS CIVIS DA UNIAO;0000;ATIVOS CIVIS DA UNIAO;084774;FOL SERVID;PESSOAL - FOLHA DE SERVIDORES;0100;RECURSOS ORDINARIOS;1;ORCAMENTO FISCAL;3;DESPESAS CORRENTES;1;PESSOAL E ENCARGOS SOCIAIS;11;VENCIMENTOS E VANTAGENS FIXAS - PESSOAL CIVIL;319011;VENCIMENTOS E VANTAGENS FIXAS - PESSOAL CIVIL;31901133;GRAT POR EXERCICIO DE FUNCOES COMISSIONADAS;5;GLOBAL;08;NAO SE APLICA;-8;03/01/2018;JAN/2018;2018;070025000012018NE000001;PESSOAL ATIVO;DEVOLUCAO DE FC01 - SERVIDOR EURIPEDES TRAJANO DOURADO REFERENTE A DEVOLUCAO DE 17 (DEZESSETE) DIAS DE PAGAMENTO DA FC01 PAGO NO MES DE NOVEMBRO/2017.;070025;TRIBUNAL REGIONAL ELEITORAL DO D. FEDERAL;;;;;;;;0,00;(577,49);(577,49);;;;;;;;;(577,49);(577,49)
14107;TRIBUNAL REGIONAL ELEITORAL DO DIST. FEDERAL;070025;TRIBUNAL REGIONAL ELEITORAL DO D. FEDERAL;02122057020TP0053;20TP;ATIVOS CIVIS DA UNIAO;0000;ATIVOS CIVIS DA UNIAO;084774;FOL SERVID;PESSOAL - FOLHA DE SERVIDORES;0100;RECURSOS ORDINARIOS;1;ORCAMENTO FISCAL;3;DESPESAS CORRENTES;1;PESSOAL E ENCARGOS SOCIAIS;11;VENCIMENTOS E VANTAGENS FIXAS - PESSOAL CIVIL;319011;VENCIMENTOS E VANTAGENS FIXAS - PESSOAL CIVIL;31901133;GRAT POR EXERCICIO DE FUNCOES COMISSIONADAS;5;GLOBAL;08;NAO SE APLICA;-8;03/01/2018;JAN/2018;2018;070025000012018NE000001;PESSOAL ATIVO;DEVOLUCAO DE FC02 - SERVIDOR WAGNER AUGUSTO DA SILVA COSTA;070025;TRIBUNAL REGIONAL ELEITORAL DO D. FEDERAL;;;;;;;;0,00;(98,76);(98,76);;;;;;;;;(98,76);(98,76)
14107;TRIBUNAL REGIONAL ELEITORAL DO DIST. FEDERAL;070025;TRIBUNAL REGIONAL ELEITORAL DO D. FEDERAL;02122057020TP0053;20TP;ATIVOS CIVIS DA UNIAO;0000;ATIVOS CIVIS DA UNIAO;084774;FOL SERVID;PESSOAL - FOLHA DE SERVIDORES;0100;RECURSOS ORDINARIOS;1;ORCAMENTO FISCAL;3;DESPESAS CORRENTES;1;PESSOAL E ENCARGOS SOCIAIS;11;VENCIMENTOS E VANTAGENS FIXAS - PESSOAL CIVIL;319011;VENCIMENTOS E VANTAGENS FIXAS - PESSOAL CIVIL;31901133;GRAT POR EXERCICIO DE FUNCOES COMISSIONADAS;5;GLOBAL;08;NAO SE APLICA;-8;03/01/2018;JAN/2018;2018;070025000012018NE000001;PESSOAL ATIVO;DEVOLUCAO DE: FUNCAO COMISSIONADA FC01 (07 DIAS), GRATIFICACAO NATALINA (2/12 AVOS) E IR GRAT. NATALINA DO SERVIDOR ALFREDO DA MATA MACHADO.;070025;TRIBUNAL REGIONAL ELEITORAL DO D. FEDERAL;;;;;;;;0,00;(1.017,06);(1.017,06);;;;;;;;;(1.017,06);(1.017,06)
14107;TRIBUNAL REGIONAL ELEITORAL DO DIST. FEDERAL;070025;TRIBUNAL REGIONAL ELEITORAL DO D. FEDERAL;02122057020TP0053;20TP;ATIVOS CIVIS DA UNIAO;0000;ATIVOS CIVIS DA UNIAO;084774;FOL SERVID;PESSOAL - FOLHA DE SERVIDORES;0100;RECURSOS ORDINARIOS;1;ORCAMENTO FISCAL;3;DESPESAS CORRENTES;1;PESSOAL E ENCARGOS SOCIAIS;11;VENCIMENTOS E VANTAGENS FIXAS - PESSOAL CIVIL;319011;VENCIMENTOS E VANTAGENS FIXAS - PESSOAL CIVIL;31901133;GRAT POR EXERCICIO DE FUNCOES COMISSIONADAS;5;GLOBAL;08;NAO SE APLICA;-8;03/01/2018;JAN/2018;2018;070025000012018NE000001;PESSOAL ATIVO;DEVOLUCAO DE: FUNCAO COMISSIONADA FC01 (07 DIAS)E GRATIFICACAO NATALINA (2/12 AVOS)DA SERVIDORA MARLI CAMILO DOS SANTOS.;070025;TRIBUNAL REGIONAL ELEITORAL DO D. FEDERAL;;;;;;;;0,00;(237,79);(237,79);;;;;;;;;(237,79);(237,79)
14107;TRIBUNAL REGIONAL ELEITORAL DO DIST. FEDERAL;070025;TRIBUNAL REGIONAL ELEITORAL DO D. FEDERAL;02122057020TP0053;20TP;ATIVOS CIVIS DA UNIAO;0000;ATIVOS CIVIS DA UNIAO;084774;FOL SERVID;PESSOAL - FOLHA DE SERVIDORES;0100;RECURSOS ORDINARIOS;1;ORCAMENTO FISCAL;3;DESPESAS CORRENTES;1;PESSOAL E ENCARGOS SOCIAIS;11;VENCIMENTOS E VANTAGENS FIXAS - PESSOAL CIVIL;319011;VENCIMENTOS E VANTAGENS FIXAS - PESSOAL CIVIL;31901133;GRAT POR EXERCICIO DE FUNCOES COMISSIONADAS;5;GLOBAL;08;NAO SE APLICA;-8;03/01/2018;JAN/2018;2018;070025000012018NE000001;PESSOAL ATIVO;DEVOLUCAO DE: FUNCAO COMISSIONADA FC06 (20 DIAS)E GATIFICACAO NATALINA DO SERVIDOR NORMANDI VITOR SILVA .;070025;TRIBUNAL REGIONAL ELEITORAL DO D. FEDERAL;;;;;;;;0,00;(1.923,55);(1.923,55);;;;;;;;;(1.923,55);(1.923,55)
14107;TRIBUNAL REGIONAL ELEITORAL DO DIST. FEDERAL;070025;TRIBUNAL REGIONAL ELEITORAL DO D. FEDERAL;02122057020TP0053;20TP;ATIVOS CIVIS DA UNIAO;0000;ATIVOS CIVIS DA UNIAO;084774;FOL SERVID;PESSOAL - FOLHA DE SERVIDORES;0100;RECURSOS ORDINARIOS;1;ORCAMENTO FISCAL;3;DESPESAS CORRENTES;1;PESSOAL E ENCARGOS SOCIAIS;11;VENCIMENTOS E VANTAGENS FIXAS - PESSOAL CIVIL;319011;VENCIMENTOS E VANTAGENS FIXAS - PESSOAL CIVIL;31901133;GRAT POR EXERCICIO DE FUNCOES COMISSIONADAS;5;GLOBAL;08;NAO SE APLICA;-8;03/01/2018;JAN/2018;2018;070025000012018NE000001;PESSOAL ATIVO;FOLHA DE PAGAMENTO DE SERVIDORES ATIVOS REFERENTE AO MES DE ABRIL DE 2018 - PA SEI 0001951-48.2018.6.07.8100;070025;TRIBUNAL REGIONAL ELEITORAL DO D. FEDERAL;;;;;;;;0,00;326.318,92;;;;;;;;;;326.318,92;
14107;TRIBUNAL REGIONAL ELEITORAL DO DIST. FEDERAL;070025;TRIBUNAL REGIONAL ELEITORAL DO D. FEDERAL;02122057020TP0053;20TP;ATIVOS CIVIS DA UNIAO;0000;ATIVOS CIVIS DA UNIAO;084774;FOL SERVID;PESSOAL - FOLHA DE SERVIDORES;0100;RECURSOS ORDINARIOS;1;ORCAMENTO FISCAL;3;DESPESAS CORRENTES;1;PESSOAL E ENCARGOS SOCIAIS;11;VENCIMENTOS E VANTAGENS FIXAS - PESSOAL CIVIL;319011;VENCIMENTOS E VANTAGENS FIXAS - PESSOAL CIVIL;31901133;GRAT POR EXERCICIO DE FUNCOES COMISSIONADAS;5;GLOBAL;08;NAO SE APLICA;-8;03/01/2018;JAN/2018;2018;070025000012018NE000001;PESSOAL ATIVO;FOLHA DE PAGAMENTO DE SERVIDORES ATIVOS REFERENTE AO MES DE ABRIL DE 2018 - PA SEI 0001951-48.2018.6.07.8100 ŽDEVOLUCAO VENCIMENTOS E SALARIOS, ANT. DE SALARIO E BENEFICIOS.;070025;TRIBUNAL REGIONAL ELEITORAL DO D. FEDERAL;;;;;;;;0,00;(1.090,21);0,00;;;;;;;;;(1.090,21);0,00
14107;TRIBUNAL REGIONAL ELEITORAL DO DIST. FEDERAL;070025;TRIBUNAL REGIONAL ELEITORAL DO D. FEDERAL;02122057020TP0053;20TP;ATIVOS CIVIS DA UNIAO;0000;ATIVOS CIVIS DA UNIAO;084774;FOL SERVID;PESSOAL - FOLHA DE SERVIDORES;0100;RECURSOS ORDINARIOS;1;ORCAMENTO FISCAL;3;DESPESAS CORRENTES;1;PESSOAL E ENCARGOS SOCIAIS;11;VENCIMENTOS E VANTAGENS FIXAS - PESSOAL CIVIL;319011;VENCIMENTOS E VANTAGENS FIXAS - PESSOAL CIVIL;31901133;GRAT POR EXERCICIO DE FUNCOES COMISSIONADAS;5;GLOBAL;08;NAO SE APLICA;-8;03/01/2018;JAN/2018;2018;070025000012018NE000001;PESSOAL ATIVO;FOLHA DE PAGAMENTO DE SERVIDORES ATIVOS REFERENTE AO MES DE ABRIL DE 2018 - PA SEI 0001951-48.2018.6.07.8100. DADOS BANCARIOS BANCO DO BRASIL.;070025;TRIBUNAL REGIONAL ELEITORAL DO D. FEDERAL;;;;;;;;0,00;0,00;325.228,71;;;;;;;;;0,00;325.228,71
14107;TRIBUNAL REGIONAL ELEITORAL DO DIST. FEDERAL;070025;TRIBUNAL REGIONAL ELEITORAL DO D. FEDERAL;02122057020TP0053;20TP;ATIVOS CIVIS DA UNIAO;0000;ATIVOS CIVIS DA UNIAO;084774;FOL SERVID;PESSOAL - FOLHA DE SERVIDORES;0100;RECURSOS ORDINARIOS;1;ORCAMENTO FISCAL;3;DESPESAS CORRENTES;1;PESSOAL E ENCARGOS SOCIAIS;11;VENCIMENTOS E VANTAGENS FIXAS - PESSOAL CIVIL;319011;VENCIMENTOS E VANTAGENS FIXAS - PESSOAL CIVIL;31901133;GRAT POR EXERCICIO DE FUNCOES COMISSIONADAS;5;GLOBAL;08;NAO SE APLICA;-8;03/01/2018;JAN/2018;2018;070025000012018NE000001;PESSOAL ATIVO;FOLHA DE PAGAMENTO DE SERVIDORES ATIVOS REFERENTE AO MES DE FEVEREIRO DE 2018 - PA SEI 0000707-84.2018.6.07.8100;070025;TRIBUNAL REGIONAL ELEITORAL DO D. FEDERAL;;;;;;;;0,00;324.798,57;;;;;;;;;;324.798,57;
14107;TRIBUNAL REGIONAL ELEITORAL DO DIST. FEDERAL;070025;TRIBUNAL REGIONAL ELEITORAL DO D. FEDERAL;02122057020TP0053;20TP;ATIVOS CIVIS DA UNIAO;0000;ATIVOS CIVIS DA UNIAO;084774;FOL SERVID;PESSOAL - FOLHA DE SERVIDORES;0100;RECURSOS ORDINARIOS;1;ORCAMENTO FISCAL;3;DESPESAS CORRENTES;1;PESSOAL E ENCARGOS SOCIAIS;11;VENCIMENTOS E VANTAGENS FIXAS - PESSOAL CIVIL;319011;VENCIMENTOS E VANTAGENS FIXAS - PESSOAL CIVIL;31901133;GRAT POR EXERCICIO DE FUNCOES COMISSIONADAS;5;GLOBAL;08;NAO SE APLICA;-8;03/01/2018;JAN/2018;2018;070025000012018NE000001;PESSOAL ATIVO;FOLHA DE PAGAMENTO DE SERVIDORES ATIVOS REFERENTE AO MES DE FEVEREIRO DE 2018 - PA SEI 0000707-84.2018.6.07.8100. DADOS BANCARIOS BANCO DO BRASIL.;070025;TRIBUNAL REGIONAL ELEITORAL DO D. FEDERAL;;;;;;;;0,00;0,00;324.798,57;;;;;;;;;0,00;324.798,57
14107;TRIBUNAL REGIONAL ELEITORAL DO DIST. FEDERAL;070025;TRIBUNAL REGIONAL ELEITORAL DO D. FEDERAL;02122057020TP0053;20TP;ATIVOS CIVIS DA UNIAO;0000;ATIVOS CIVIS DA UNIAO;084774;FOL SERVID;PESSOAL - FOLHA DE SERVIDORES;0100;RECURSOS ORDINARIOS;1;ORCAMENTO FISCAL;3;DESPESAS CORRENTES;1;PESSOAL E ENCARGOS SOCIAIS;11;VENCIMENTOS E VANTAGENS FIXAS - PESSOAL CIVIL;319011;VENCIMENTOS E VANTAGENS FIXAS - PESSOAL CIVIL;31901133;GRAT POR EXERCICIO DE FUNCOES COMISSIONADAS;5;GLOBAL;08;NAO SE APLICA;-8;03/01/2018;JAN/2018;2018;070025000012018NE000001;PESSOAL ATIVO;FOLHA DE PAGAMENTO DE SERVIDORES ATIVOS REFERENTE AO MES DE JANEIRO DE 2018 - PA SEI 0000050-45.2018.6.07.8100;070025;TRIBUNAL REGIONAL ELEITORAL DO D. FEDERAL;;;;;;;;0,00;329.350,45;;;;;;;;;;329.350,45;
14107;TRIBUNAL REGIONAL ELEITORAL DO DIST. FEDERAL;070025;TRIBUNAL REGIONAL ELEITORAL DO D. FEDERAL;02122057020TP0053;20TP;ATIVOS CIVIS DA UNIAO;0000;ATIVOS CIVIS DA UNIAO;084774;FOL SERVID;PESSOAL - FOLHA DE SERVIDORES;0100;RECURSOS ORDINARIOS;1;ORCAMENTO FISCAL;3;DESPESAS CORRENTES;1;PESSOAL E ENCARGOS SOCIAIS;11;VENCIMENTOS E VANTAGENS FIXAS - PESSOAL CIVIL;319011;VENCIMENTOS E VANTAGENS FIXAS - PESSOAL CIVIL;31901133;GRAT POR EXERCICIO DE FUNCOES COMISSIONADAS;5;GLOBAL;08;NAO SE APLICA;-8;03/01/2018;JAN/2018;2018;070025000012018NE000001;PESSOAL ATIVO;FOLHA DE PAGAMENTO DE SERVIDORES ATIVOS REFERENTE AO MES DE JANEIRO DE 2018 - PA SEI 0000050-45.2018.6.07.8100. DADOS BANCARIOS BB;070025;TRIBUNAL REGIONAL ELEITORAL DO D. FEDERAL;;;;;;;;0,00;0,00;329.350,45;;;;;;;;;0,00;329.350,45
14107;TRIBUNAL REGIONAL ELEITORAL DO DIST. FEDERAL;070025;TRIBUNAL REGIONAL ELEITORAL DO D. FEDERAL;02122057020TP0053;20TP;ATIVOS CIVIS DA UNIAO;0000;ATIVOS CIVIS DA UNIAO;084774;FOL SERVID;PESSOAL - FOLHA DE SERVIDORES;0100;RECURSOS ORDINARIOS;1;ORCAMENTO FISCAL;3;DESPESAS CORRENTES;1;PESSOAL E ENCARGOS SOCIAIS;11;VENCIMENTOS E VANTAGENS FIXAS - PESSOAL CIVIL;319011;VENCIMENTOS E VANTAGENS FIXAS - PESSOAL CIVIL;31901133;GRAT POR EXERCICIO DE FUNCOES COMISSIONADAS;5;GLOBAL;08;NAO SE APLICA;-8;03/01/2018;JAN/2018;2018;070025000012018NE000001;PESSOAL ATIVO;FOLHA DE PAGAMENTO DE SERVIDORES ATIVOS REFERENTE AO MES DE MAIO DE 2018 - PA SEI 0002530-93.2018.6.07.8100.;070025;TRIBUNAL REGIONAL ELEITORAL DO D. FEDERAL;;;;;;;;0,00;340.518,83;;;;;;;;;;340.518,83;
14107;TRIBUNAL REGIONAL ELEITORAL DO DIST. FEDERAL;070025;TRIBUNAL REGIONAL ELEITORAL DO D. FEDERAL;02122057020TP0053;20TP;ATIVOS CIVIS DA UNIAO;0000;ATIVOS CIVIS DA UNIAO;084774;FOL SERVID;PESSOAL - FOLHA DE SERVIDORES;0100;RECURSOS ORDINARIOS;1;ORCAMENTO FISCAL;3;DESPESAS CORRENTES;1;PESSOAL E ENCARGOS SOCIAIS;11;VENCIMENTOS E VANTAGENS FIXAS - PESSOAL CIVIL;319011;VENCIMENTOS E VANTAGENS FIXAS - PESSOAL CIVIL;31901133;GRAT POR EXERCICIO DE FUNCOES COMISSIONADAS;5;GLOBAL;08;NAO SE APLICA;-8;03/01/2018;JAN/2018;2018;070025000012018NE000001;PESSOAL ATIVO;FOLHA DE PAGAMENTO DE SERVIDORES ATIVOS REFERENTE AO MES DE MAIO DE 2018 - PA SEI 0002530-93.2018.6.07.8100. DEVOLUCOES.;070025;TRIBUNAL REGIONAL ELEITORAL DO D. FEDERAL;;;;;;;;0,00;(7.153,77);0,00;;;;;;;;;(7.153,77);0,00
14107;TRIBUNAL REGIONAL ELEITORAL DO DIST. FEDERAL;070025;TRIBUNAL REGIONAL ELEITORAL DO D. FEDERAL;02122057020TP0053;20TP;ATIVOS CIVIS DA UNIAO;0000;ATIVOS CIVIS DA UNIAO;084774;FOL SERVID;PESSOAL - FOLHA DE SERVIDORES;0100;RECURSOS ORDINARIOS;1;ORCAMENTO FISCAL;3;DESPESAS CORRENTES;1;PESSOAL E ENCARGOS SOCIAIS;11;VENCIMENTOS E VANTAGENS FIXAS - PESSOAL CIVIL;319011;VENCIMENTOS E VANTAGENS FIXAS - PESSOAL CIVIL;31901133;GRAT POR EXERCICIO DE FUNCOES COMISSIONADAS;5;GLOBAL;08;NAO SE APLICA;-8;03/01/2018;JAN/2018;2018;070025000012018NE000001;PESSOAL ATIVO;FOLHA DE PAGAMENTO DE SERVIDORES ATIVOS REFERENTE AO MES DE MARCO DE 2018 - PA SEI 0001307-08.2018.6.07.8100;070025;TRIBUNAL REGIONAL ELEITORAL DO D. FEDERAL;;;;;;;;0,00;324.655,30;;;;;;;;;;324.655,30;
14107;TRIBUNAL REGIONAL ELEITORAL DO DIST. FEDERAL;070025;TRIBUNAL REGIONAL ELEITORAL DO D. FEDERAL;02122057020TP0053;20TP;ATIVOS CIVIS DA UNIAO;0000;ATIVOS CIVIS DA UNIAO;084774;FOL SERVID;PESSOAL - FOLHA DE SERVIDORES;0100;RECURSOS ORDINARIOS;1;ORCAMENTO FISCAL;3;DESPESAS CORRENTES;1;PESSOAL E ENCARGOS SOCIAIS;11;VENCIMENTOS E VANTAGENS FIXAS - PESSOAL CIVIL;319011;VENCIMENTOS E VANTAGENS FIXAS - PESSOAL CIVIL;31901133;GRAT POR EXERCICIO DE FUNCOES COMISSIONADAS;5;GLOBAL;08;NAO SE APLICA;-8;03/01/2018;JAN/2018;2018;070025000012018NE000001;PESSOAL ATIVO;FOLHA DE PAGAMENTO DE SERVIDORES ATIVOS REFERENTE AO MES DE MARCO DE 2018 - PA SEI 0001307-08.2018.6.07.8100.  VALOR DO BANCO DO BRASIL.;070025;TRIBUNAL REGIONAL ELEITORAL DO D. FEDERAL;;;;;;;;0,00;0,00;324.655,30;;;;;;;;;0,00;324.655,30
14107;TRIBUNAL REGIONAL ELEITORAL DO DIST. FEDERAL;070025;TRIBUNAL REGIONAL ELEITORAL DO D. FEDERAL;02122057020TP0053;20TP;ATIVOS CIVIS DA UNIAO;0000;ATIVOS CIVIS DA UNIAO;084774;FOL SERVID;PESSOAL - FOLHA DE SERVIDORES;0100;RECURSOS ORDINARIOS;1;ORCAMENTO FISCAL;3;DESPESAS CORRENTES;1;PESSOAL E ENCARGOS SOCIAIS;11;VENCIMENTOS E VANTAGENS FIXAS - PESSOAL CIVIL;319011;VENCIMENTOS E VANTAGENS FIXAS - PESSOAL CIVIL;31901133;GRAT POR EXERCICIO DE FUNCOES COMISSIONADAS;5;GLOBAL;08;NAO SE APLICA;-8;03/01/2018;JAN/2018;2018;070025000012018NE000001;PESSOAL ATIVO;FOLHA DE PAGAMENTO DO MES DE  JANEIRO/2018 DOS SERVIDORES ATIVOS. PA 0000050-45.2018.6.07.8100.;070025;TRIBUNAL REGIONAL ELEITORAL DO D. FEDERAL;;;;;;;;0,00;329.350,45;;;;;;;;;;329.350,45;
14107;TRIBUNAL REGIONAL ELEITORAL DO DIST. FEDERAL;070025;TRIBUNAL REGIONAL ELEITORAL DO D. FEDERAL;02122057020TP0053;20TP;ATIVOS CIVIS DA UNIAO;0000;ATIVOS CIVIS DA UNIAO;084774;FOL SERVID;PESSOAL - FOLHA DE SERVIDORES;0100;RECURSOS ORDINARIOS;1;ORCAMENTO FISCAL;3;DESPESAS CORRENTES;1;PESSOAL E ENCARGOS SOCIAIS;11;VENCIMENTOS E VANTAGENS FIXAS - PESSOAL CIVIL;319011;VENCIMENTOS E VANTAGENS FIXAS - PESSOAL CIVIL;31901133;GRAT POR EXERCICIO DE FUNCOES COMISSIONADAS;5;GLOBAL;08;NAO SE APLICA;-8;03/01/2018;JAN/2018;2018;070025000012018NE000001;PESSOAL ATIVO;FOLHA DE PAGAMENTO DO MES DE  JANEIRO/2018 DOS SERVIDORES ATIVOS. PA 0000050-45.2018.6.07.8100. CANCELAMENTOS PARA ACERTO DE ERRO DE APROPRIACAO;070025;TRIBUNAL REGIONAL ELEITORAL DO D. FEDERAL;;;;;;;;0,00;(329.350,45);;;;;;;;;;(329.350,45);
14107;TRIBUNAL REGIONAL ELEITORAL DO DIST. FEDERAL;070025;TRIBUNAL REGIONAL ELEITORAL DO D. FEDERAL;02122057020TP0053;20TP;ATIVOS CIVIS DA UNIAO;0000;ATIVOS CIVIS DA UNIAO;084774;FOL SERVID;PESSOAL - FOLHA DE SERVIDORES;0100;RECURSOS ORDINARIOS;1;ORCAMENTO FISCAL;3;DESPESAS CORRENTES;1;PESSOAL E ENCARGOS SOCIAIS;11;VENCIMENTOS E VANTAGENS FIXAS - PESSOAL CIVIL;319011;VENCIMENTOS E VANTAGENS FIXAS - PESSOAL CIVIL;31901136;GRATIFICACAO P/EXERCICIO DE CARGO EM COMISSAO;5;GLOBAL;08;NAO SE APLICA;-8;03/01/2018;JAN/2018;2018;070025000012018NE000001;PESSOAL ATIVO;2018NECT - VENCIMENTOS E VANTAGENS FIXAS - PESSOAL ATIVO. EXERCICIO 2018.;070025;TRIBUNAL REGIONAL ELEITORAL DO D. FEDERAL;;;;;;;;2.800.000,00;;;;;;;;;;;;
14107;TRIBUNAL REGIONAL ELEITORAL DO DIST. FEDERAL;070025;TRIBUNAL REGIONAL ELEITORAL DO D. FEDERAL;02122057020TP0053;20TP;ATIVOS CIVIS DA UNIAO;0000;ATIVOS CIVIS DA UNIAO;084774;FOL SERVID;PESSOAL - FOLHA DE SERVIDORES;0100;RECURSOS ORDINARIOS;1;ORCAMENTO FISCAL;3;DESPESAS CORRENTES;1;PESSOAL E ENCARGOS SOCIAIS;11;VENCIMENTOS E VANTAGENS FIXAS - PESSOAL CIVIL;319011;VENCIMENTOS E VANTAGENS FIXAS - PESSOAL CIVIL;31901136;GRATIFICACAO P/EXERCICIO DE CARGO EM COMISSAO;5;GLOBAL;08;NAO SE APLICA;-8;03/01/2018;JAN/2018;2018;070025000012018NE000001;PESSOAL ATIVO;FOLHA DE PAGAMENTO DE SERVIDORES ATIVOS REFERENTE AO MES DE ABRIL DE 2018 - PA SEI 0001951-48.2018.6.07.8100;070025;TRIBUNAL REGIONAL ELEITORAL DO D. FEDERAL;;;;;;;;0,00;232.569,79;;;;;;;;;;232.569,79;
14107;TRIBUNAL REGIONAL ELEITORAL DO DIST. FEDERAL;070025;TRIBUNAL REGIONAL ELEITORAL DO D. FEDERAL;02122057020TP0053;20TP;ATIVOS CIVIS DA UNIAO;0000;ATIVOS CIVIS DA UNIAO;084774;FOL SERVID;PESSOAL - FOLHA DE SERVIDORES;0100;RECURSOS ORDINARIOS;1;ORCAMENTO FISCAL;3;DESPESAS CORRENTES;1;PESSOAL E ENCARGOS SOCIAIS;11;VENCIMENTOS E VANTAGENS FIXAS - PESSOAL CIVIL;319011;VENCIMENTOS E VANTAGENS FIXAS - PESSOAL CIVIL;31901136;GRATIFICACAO P/EXERCICIO DE CARGO EM COMISSAO;5;GLOBAL;08;NAO SE APLICA;-8;03/01/2018;JAN/2018;2018;070025000012018NE000001;PESSOAL ATIVO;FOLHA DE PAGAMENTO DE SERVIDORES ATIVOS REFERENTE AO MES DE ABRIL DE 2018 - PA SEI 0001951-48.2018.6.07.8100. DADOS BANCARIOS BANCO DO BRASIL.;070025;TRIBUNAL REGIONAL ELEITORAL DO D. FEDERAL;;;;;;;;0,00;0,00;232.569,79;;;;;;;;;0,00;232.569,79
14107;TRIBUNAL REGIONAL ELEITORAL DO DIST. FEDERAL;070025;TRIBUNAL REGIONAL ELEITORAL DO D. FEDERAL;02122057020TP0053;20TP;ATIVOS CIVIS DA UNIAO;0000;ATIVOS CIVIS DA UNIAO;084774;FOL SERVID;PESSOAL - FOLHA DE SERVIDORES;0100;RECURSOS ORDINARIOS;1;ORCAMENTO FISCAL;3;DESPESAS CORRENTES;1;PESSOAL E ENCARGOS SOCIAIS;11;VENCIMENTOS E VANTAGENS FIXAS - PESSOAL CIVIL;319011;VENCIMENTOS E VANTAGENS FIXAS - PESSOAL CIVIL;31901136;GRATIFICACAO P/EXERCICIO DE CARGO EM COMISSAO;5;GLOBAL;08;NAO SE APLICA;-8;03/01/2018;JAN/2018;2018;070025000012018NE000001;PESSOAL ATIVO;FOLHA DE PAGAMENTO DE SERVIDORES ATIVOS REFERENTE AO MES DE FEVEREIRO DE 2018 - PA SEI 0000707-84.2018.6.07.8100;070025;TRIBUNAL REGIONAL ELEITORAL DO D. FEDERAL;;;;;;;;0,00;232.569,79;;;;;;;;;;232.569,79;
14107;TRIBUNAL REGIONAL ELEITORAL DO DIST. FEDERAL;070025;TRIBUNAL REGIONAL ELEITORAL DO D. FEDERAL;02122057020TP0053;20TP;ATIVOS CIVIS DA UNIAO;0000;ATIVOS CIVIS DA UNIAO;084774;FOL SERVID;PESSOAL - FOLHA DE SERVIDORES;0100;RECURSOS ORDINARIOS;1;ORCAMENTO FISCAL;3;DESPESAS CORRENTES;1;PESSOAL E ENCARGOS SOCIAIS;11;VENCIMENTOS E VANTAGENS FIXAS - PESSOAL CIVIL;319011;VENCIMENTOS E VANTAGENS FIXAS - PESSOAL CIVIL;31901136;GRATIFICACAO P/EXERCICIO DE CARGO EM COMISSAO;5;GLOBAL;08;NAO SE APLICA;-8;03/01/2018;JAN/2018;2018;070025000012018NE000001;PESSOAL ATIVO;FOLHA DE PAGAMENTO DE SERVIDORES ATIVOS REFERENTE AO MES DE FEVEREIRO DE 2018 - PA SEI 0000707-84.2018.6.07.8100. DADOS BANCARIOS BANCO DO BRASIL.;070025;TRIBUNAL REGIONAL ELEITORAL DO D. FEDERAL;;;;;;;;0,00;0,00;232.569,79;;;;;;;;;0,00;232.569,79
14107;TRIBUNAL REGIONAL ELEITORAL DO DIST. FEDERAL;070025;TRIBUNAL REGIONAL ELEITORAL DO D. FEDERAL;02122057020TP0053;20TP;ATIVOS CIVIS DA UNIAO;0000;ATIVOS CIVIS DA UNIAO;084774;FOL SERVID;PESSOAL - FOLHA DE SERVIDORES;0100;RECURSOS ORDINARIOS;1;ORCAMENTO FISCAL;3;DESPESAS CORRENTES;1;PESSOAL E ENCARGOS SOCIAIS;11;VENCIMENTOS E VANTAGENS FIXAS - PESSOAL CIVIL;319011;VENCIMENTOS E VANTAGENS FIXAS - PESSOAL CIVIL;31901136;GRATIFICACAO P/EXERCICIO DE CARGO EM COMISSAO;5;GLOBAL;08;NAO SE APLICA;-8;03/01/2018;JAN/2018;2018;070025000012018NE000001;PESSOAL ATIVO;FOLHA DE PAGAMENTO DE SERVIDORES ATIVOS REFERENTE AO MES DE JANEIRO DE 2018 - PA SEI 0000050-45.2018.6.07.8100;070025;TRIBUNAL REGIONAL ELEITORAL DO D. FEDERAL;;;;;;;;0,00;232.569,79;;;;;;;;;;232.569,79;
14107;TRIBUNAL REGIONAL ELEITORAL DO DIST. FEDERAL;070025;TRIBUNAL REGIONAL ELEITORAL DO D. FEDERAL;02122057020TP0053;20TP;ATIVOS CIVIS DA UNIAO;0000;ATIVOS CIVIS DA UNIAO;084774;FOL SERVID;PESSOAL - FOLHA DE SERVIDORES;0100;RECURSOS ORDINARIOS;1;ORCAMENTO FISCAL;3;DESPESAS CORRENTES;1;PESSOAL E ENCARGOS SOCIAIS;11;VENCIMENTOS E VANTAGENS FIXAS - PESSOAL CIVIL;319011;VENCIMENTOS E VANTAGENS FIXAS - PESSOAL CIVIL;31901136;GRATIFICACAO P/EXERCICIO DE CARGO EM COMISSAO;5;GLOBAL;08;NAO SE APLICA;-8;03/01/2018;JAN/2018;2018;070025000012018NE000001;PESSOAL ATIVO;FOLHA DE PAGAMENTO DE SERVIDORES ATIVOS REFERENTE AO MES DE JANEIRO DE 2018 - PA SEI 0000050-45.2018.6.07.8100. DADOS BANCARIOS BB;070025;TRIBUNAL REGIONAL ELEITORAL DO D. FEDERAL;;;;;;;;0,00;0,00;232.569,79;;;;;;;;;0,00;232.569,79
14107;TRIBUNAL REGIONAL ELEITORAL DO DIST. FEDERAL;070025;TRIBUNAL REGIONAL ELEITORAL DO D. FEDERAL;02122057020TP0053;20TP;ATIVOS CIVIS DA UNIAO;0000;ATIVOS CIVIS DA UNIAO;084774;FOL SERVID;PESSOAL - FOLHA DE SERVIDORES;0100;RECURSOS ORDINARIOS;1;ORCAMENTO FISCAL;3;DESPESAS CORRENTES;1;PESSOAL E ENCARGOS SOCIAIS;11;VENCIMENTOS E VANTAGENS FIXAS - PESSOAL CIVIL;319011;VENCIMENTOS E VANTAGENS FIXAS - PESSOAL CIVIL;31901136;GRATIFICACAO P/EXERCICIO DE CARGO EM COMISSAO;5;GLOBAL;08;NAO SE APLICA;-8;03/01/2018;JAN/2018;2018;070025000012018NE000001;PESSOAL ATIVO;FOLHA DE PAGAMENTO DE SERVIDORES ATIVOS REFERENTE AO MES DE MAIO DE 2018 - PA SEI 0002530-93.2018.6.07.8100.;070025;TRIBUNAL REGIONAL ELEITORAL DO D. FEDERAL;;;;;;;;0,00;232.468,66;;;;;;;;;;232.468,66;
14107;TRIBUNAL REGIONAL ELEITORAL DO DIST. FEDERAL;070025;TRIBUNAL REGIONAL ELEITORAL DO D. FEDERAL;02122057020TP0053;20TP;ATIVOS CIVIS DA UNIAO;0000;ATIVOS CIVIS DA UNIAO;084774;FOL SERVID;PESSOAL - FOLHA DE SERVIDORES;0100;RECURSOS ORDINARIOS;1;ORCAMENTO FISCAL;3;DESPESAS CORRENTES;1;PESSOAL E ENCARGOS SOCIAIS;11;VENCIMENTOS E VANTAGENS FIXAS - PESSOAL CIVIL;319011;VENCIMENTOS E VANTAGENS FIXAS - PESSOAL CIVIL;31901136;GRATIFICACAO P/EXERCICIO DE CARGO EM COMISSAO;5;GLOBAL;08;NAO SE APLICA;-8;03/01/2018;JAN/2018;2018;070025000012018NE000001;PESSOAL ATIVO;FOLHA DE PAGAMENTO DE SERVIDORES ATIVOS REFERENTE AO MES DE MAIO DE 2018 - PA SEI 0002530-93.2018.6.07.8100. DEVOLUCOES.;070025;TRIBUNAL REGIONAL ELEITORAL DO D. FEDERAL;;;;;;;;0,00;(3.002,86);0,00;;;;;;;;;(3.002,86);0,00
14107;TRIBUNAL REGIONAL ELEITORAL DO DIST. FEDERAL;070025;TRIBUNAL REGIONAL ELEITORAL DO D. FEDERAL;02122057020TP0053;20TP;ATIVOS CIVIS DA UNIAO;0000;ATIVOS CIVIS DA UNIAO;084774;FOL SERVID;PESSOAL - FOLHA DE SERVIDORES;0100;RECURSOS ORDINARIOS;1;ORCAMENTO FISCAL;3;DESPESAS CORRENTES;1;PESSOAL E ENCARGOS SOCIAIS;11;VENCIMENTOS E VANTAGENS FIXAS - PESSOAL CIVIL;319011;VENCIMENTOS E VANTAGENS FIXAS - PESSOAL CIVIL;31901136;GRATIFICACAO P/EXERCICIO DE CARGO EM COMISSAO;5;GLOBAL;08;NAO SE APLICA;-8;03/01/2018;JAN/2018;2018;070025000012018NE000001;PESSOAL ATIVO;FOLHA DE PAGAMENTO DE SERVIDORES ATIVOS REFERENTE AO MES DE MARCO DE 2018 - PA SEI 0001307-08.2018.6.07.8100;070025;TRIBUNAL REGIONAL ELEITORAL DO D. FEDERAL;;;;;;;;0,00;232.569,79;;;;;;;;;;232.569,79;
14107;TRIBUNAL REGIONAL ELEITORAL DO DIST. FEDERAL;070025;TRIBUNAL REGIONAL ELEITORAL DO D. FEDERAL;02122057020TP0053;20TP;ATIVOS CIVIS DA UNIAO;0000;ATIVOS CIVIS DA UNIAO;084774;FOL SERVID;PESSOAL - FOLHA DE SERVIDORES;0100;RECURSOS ORDINARIOS;1;ORCAMENTO FISCAL;3;DESPESAS CORRENTES;1;PESSOAL E ENCARGOS SOCIAIS;11;VENCIMENTOS E VANTAGENS FIXAS - PESSOAL CIVIL;319011;VENCIMENTOS E VANTAGENS FIXAS - PESSOAL CIVIL;31901136;GRATIFICACAO P/EXERCICIO DE CARGO EM COMISSAO;5;GLOBAL;08;NAO SE APLICA;-8;03/01/2018;JAN/2018;2018;070025000012018NE000001;PESSOAL ATIVO;FOLHA DE PAGAMENTO DE SERVIDORES ATIVOS REFERENTE AO MES DE MARCO DE 2018 - PA SEI 0001307-08.2018.6.07.8100.  VALOR DA CEF.;070025;TRIBUNAL REGIONAL ELEITORAL DO D. FEDERAL;;;;;;;;0,00;0,00;138.113,95;;;;;;;;;0,00;138.113,95
14107;TRIBUNAL REGIONAL ELEITORAL DO DIST. FEDERAL;070025;TRIBUNAL REGIONAL ELEITORAL DO D. FEDERAL;02122057020TP0053;20TP;ATIVOS CIVIS DA UNIAO;0000;ATIVOS CIVIS DA UNIAO;084774;FOL SERVID;PESSOAL - FOLHA DE SERVIDORES;0100;RECURSOS ORDINARIOS;1;ORCAMENTO FISCAL;3;DESPESAS CORRENTES;1;PESSOAL E ENCARGOS SOCIAIS;11;VENCIMENTOS E VANTAGENS FIXAS - PESSOAL CIVIL;319011;VENCIMENTOS E VANTAGENS FIXAS - PESSOAL CIVIL;31901136;GRATIFICACAO P/EXERCICIO DE CARGO EM COMISSAO;5;GLOBAL;08;NAO SE APLICA;-8;03/01/2018;JAN/2018;2018;070025000012018NE000001;PESSOAL ATIVO;FOLHA DE PAGAMENTO DE SERVIDORES ATIVOS REFERENTE AO MES DE MARCO DE 2018 - PA SEI 0001307-08.2018.6.07.8100.  VALOR DO BANCO DO BRASIL.;070025;TRIBUNAL REGIONAL ELEITORAL DO D. FEDERAL;;;;;;;;0,00;0,00;94.455,84;;;;;;;;;0,00;94.455,84
14107;TRIBUNAL REGIONAL ELEITORAL DO DIST. FEDERAL;070025;TRIBUNAL REGIONAL ELEITORAL DO D. FEDERAL;02122057020TP0053;20TP;ATIVOS CIVIS DA UNIAO;0000;ATIVOS CIVIS DA UNIAO;084774;FOL SERVID;PESSOAL - FOLHA DE SERVIDORES;0100;RECURSOS ORDINARIOS;1;ORCAMENTO FISCAL;3;DESPESAS CORRENTES;1;PESSOAL E ENCARGOS SOCIAIS;11;VENCIMENTOS E VANTAGENS FIXAS - PESSOAL CIVIL;319011;VENCIMENTOS E VANTAGENS FIXAS - PESSOAL CIVIL;31901136;GRATIFICACAO P/EXERCICIO DE CARGO EM COMISSAO;5;GLOBAL;08;NAO SE APLICA;-8;03/01/2018;JAN/2018;2018;070025000012018NE000001;PESSOAL ATIVO;FOLHA DE PAGAMENTO DO MES DE  JANEIRO/2018 DOS SERVIDORES ATIVOS. PA 0000050-45.2018.6.07.8100.;070025;TRIBUNAL REGIONAL ELEITORAL DO D. FEDERAL;;;;;;;;0,00;232.569,79;;;;;;;;;;232.569,79;
14107;TRIBUNAL REGIONAL ELEITORAL DO DIST. FEDERAL;070025;TRIBUNAL REGIONAL ELEITORAL DO D. FEDERAL;02122057020TP0053;20TP;ATIVOS CIVIS DA UNIAO;0000;ATIVOS CIVIS DA UNIAO;084774;FOL SERVID;PESSOAL - FOLHA DE SERVIDORES;0100;RECURSOS ORDINARIOS;1;ORCAMENTO FISCAL;3;DESPESAS CORRENTES;1;PESSOAL E ENCARGOS SOCIAIS;11;VENCIMENTOS E VANTAGENS FIXAS - PESSOAL CIVIL;319011;VENCIMENTOS E VANTAGENS FIXAS - PESSOAL CIVIL;31901136;GRATIFICACAO P/EXERCICIO DE CARGO EM COMISSAO;5;GLOBAL;08;NAO SE APLICA;-8;03/01/2018;JAN/2018;2018;070025000012018NE000001;PESSOAL ATIVO;FOLHA DE PAGAMENTO DO MES DE  JANEIRO/2018 DOS SERVIDORES ATIVOS. PA 0000050-45.2018.6.07.8100. CANCELAMENTOS PARA ACERTO DE ERRO DE APROPRIACAO;070025;TRIBUNAL REGIONAL ELEITORAL DO D. FEDERAL;;;;;;;;0,00;(232.569,79);;;;;;;;;;(232.569,79);
14107;TRIBUNAL REGIONAL ELEITORAL DO DIST. FEDERAL;070025;TRIBUNAL REGIONAL ELEITORAL DO D. FEDERAL;02122057020TP0053;20TP;ATIVOS CIVIS DA UNIAO;0000;ATIVOS CIVIS DA UNIAO;084774;FOL SERVID;PESSOAL - FOLHA DE SERVIDORES;0100;RECURSOS ORDINARIOS;1;ORCAMENTO FISCAL;3;DESPESAS CORRENTES;1;PESSOAL E ENCARGOS SOCIAIS;11;VENCIMENTOS E VANTAGENS FIXAS - PESSOAL CIVIL;319011;VENCIMENTOS E VANTAGENS FIXAS - PESSOAL CIVIL;31901137;GRATIFICACAO DE TEMPO DE SERVICO;5;GLOBAL;08;NAO SE APLICA;-8;03/01/2018;JAN/2018;2018;070025000012018NE000001;PESSOAL ATIVO;2018NECT - VENCIMENTOS E VANTAGENS FIXAS - PESSOAL ATIVO. EXERCICIO 2018.;070025;TRIBUNAL REGIONAL ELEITORAL DO D. FEDERAL;;;;;;;;300.000,00;;;;;;;;;;;;
14107;TRIBUNAL REGIONAL ELEITORAL DO DIST. FEDERAL;070025;TRIBUNAL REGIONAL ELEITORAL DO D. FEDERAL;02122057020TP0053;20TP;ATIVOS CIVIS DA UNIAO;0000;ATIVOS CIVIS DA UNIAO;084774;FOL SERVID;PESSOAL - FOLHA DE SERVIDORES;0100;RECURSOS ORDINARIOS;1;ORCAMENTO FISCAL;3;DESPESAS CORRENTES;1;PESSOAL E ENCARGOS SOCIAIS;11;VENCIMENTOS E VANTAGENS FIXAS - PESSOAL CIVIL;319011;VENCIMENTOS E VANTAGENS FIXAS - PESSOAL CIVIL;31901137;GRATIFICACAO DE TEMPO DE SERVICO;5;GLOBAL;08;NAO SE APLICA;-8;03/01/2018;JAN/2018;2018;070025000012018NE000001;PESSOAL ATIVO;DEVOLUCAO REALIZADA PELO SINDJUS REF. AO VALOR DA REMUNERACAO DO SERVIDOR JOSE RODRIGUES COSTA NETO, RELATIVO AO MES DE FEVEREIRO/2018.ŽO SERVIDOR ESTA CEDIDO AQUELA INSTITUICAO PARA DESEMPENHO DE MANDATO CLASSISTA, CONFORME PA 71.836/2015.;070025;TRIBUNAL REGIONAL ELEITORAL DO D. FEDERAL;;;;;;;;0,00;(350,85);(350,85);;;;;;;;;(350,85);(350,85)
14107;TRIBUNAL REGIONAL ELEITORAL DO DIST. FEDERAL;070025;TRIBUNAL REGIONAL ELEITORAL DO D. FEDERAL;02122057020TP0053;20TP;ATIVOS CIVIS DA UNIAO;0000;ATIVOS CIVIS DA UNIAO;084774;FOL SERVID;PESSOAL - FOLHA DE SERVIDORES;0100;RECURSOS ORDINARIOS;1;ORCAMENTO FISCAL;3;DESPESAS CORRENTES;1;PESSOAL E ENCARGOS SOCIAIS;11;VENCIMENTOS E VANTAGENS FIXAS - PESSOAL CIVIL;319011;VENCIMENTOS E VANTAGENS FIXAS - PESSOAL CIVIL;31901137;GRATIFICACAO DE TEMPO DE SERVICO;5;GLOBAL;08;NAO SE APLICA;-8;03/01/2018;JAN/2018;2018;070025000012018NE000001;PESSOAL ATIVO;DEVOLUCAO REALIZADA PELO SINDJUS REF. AO VALOR DA REMUNERACAO DO SERVIDOR JOSE RODRIGUES COSTA NETO, RELATIVO AO MES DE JANEIRO/2018 E 13 SALARIO. ŽO SERVIDOR ESTA CEDIDO AQUELA INSTITUICAO PARA DESEMPENHO DE MANDATO CLASSISTA, CONFORME PA 71.836/2015.;070025;TRIBUNAL REGIONAL ELEITORAL DO D. FEDERAL;;;;;;;;0,00;(350,85);(350,85);;;;;;;;;(350,85);(350,85)
14107;TRIBUNAL REGIONAL ELEITORAL DO DIST. FEDERAL;070025;TRIBUNAL REGIONAL ELEITORAL DO D. FEDERAL;02122057020TP0053;20TP;ATIVOS CIVIS DA UNIAO;0000;ATIVOS CIVIS DA UNIAO;084774;FOL SERVID;PESSOAL - FOLHA DE SERVIDORES;0100;RECURSOS ORDINARIOS;1;ORCAMENTO FISCAL;3;DESPESAS CORRENTES;1;PESSOAL E ENCARGOS SOCIAIS;11;VENCIMENTOS E VANTAGENS FIXAS - PESSOAL CIVIL;319011;VENCIMENTOS E VANTAGENS FIXAS - PESSOAL CIVIL;31901137;GRATIFICACAO DE TEMPO DE SERVICO;5;GLOBAL;08;NAO SE APLICA;-8;03/01/2018;JAN/2018;2018;070025000012018NE000001;PESSOAL ATIVO;DEVOLUCAO REALIZADA PELO SINDJUS REF. AO VALOR DA REMUNERACAO DO SERVIDOR JOSE RODRIGUES COSTA NETO, RELATIVO AO MES DE MARCO/2018.ŽO SERVIDOR ESTA CEDIDO AQUELA INSTITUICAO PARA DESEMPENHO DE MANDATO CLASSISTA, CONFORME PA 71.836/2015.;070025;TRIBUNAL REGIONAL ELEITORAL DO D. FEDERAL;;;;;;;;0,00;(701,70);(701,70);;;;;;;;;(701,70);(701,70)
14107;TRIBUNAL REGIONAL ELEITORAL DO DIST. FEDERAL;070025;TRIBUNAL REGIONAL ELEITORAL DO D. FEDERAL;02122057020TP0053;20TP;ATIVOS CIVIS DA UNIAO;0000;ATIVOS CIVIS DA UNIAO;084774;FOL SERVID;PESSOAL - FOLHA DE SERVIDORES;0100;RECURSOS ORDINARIOS;1;ORCAMENTO FISCAL;3;DESPESAS CORRENTES;1;PESSOAL E ENCARGOS SOCIAIS;11;VENCIMENTOS E VANTAGENS FIXAS - PESSOAL CIVIL;319011;VENCIMENTOS E VANTAGENS FIXAS - PESSOAL CIVIL;31901137;GRATIFICACAO DE TEMPO DE SERVICO;5;GLOBAL;08;NAO SE APLICA;-8;03/01/2018;JAN/2018;2018;070025000012018NE000001;PESSOAL ATIVO;FOLHA DE PAGAMENTO DE SERVIDORES ATIVOS REFERENTE AO MES DE ABRIL DE 2018 - PA SEI 0001951-48.2018.6.07.8100;070025;TRIBUNAL REGIONAL ELEITORAL DO D. FEDERAL;;;;;;;;0,00;29.120,61;;;;;;;;;;29.120,61;
14107;TRIBUNAL REGIONAL ELEITORAL DO DIST. FEDERAL;070025;TRIBUNAL REGIONAL ELEITORAL DO D. FEDERAL;02122057020TP0053;20TP;ATIVOS CIVIS DA UNIAO;0000;ATIVOS CIVIS DA UNIAO;084774;FOL SERVID;PESSOAL - FOLHA DE SERVIDORES;0100;RECURSOS ORDINARIOS;1;ORCAMENTO FISCAL;3;DESPESAS CORRENTES;1;PESSOAL E ENCARGOS SOCIAIS;11;VENCIMENTOS E VANTAGENS FIXAS - PESSOAL CIVIL;319011;VENCIMENTOS E VANTAGENS FIXAS - PESSOAL CIVIL;31901137;GRATIFICACAO DE TEMPO DE SERVICO;5;GLOBAL;08;NAO SE APLICA;-8;03/01/2018;JAN/2018;2018;070025000012018NE000001;PESSOAL ATIVO;FOLHA DE PAGAMENTO DE SERVIDORES ATIVOS REFERENTE AO MES DE ABRIL DE 2018 - PA SEI 0001951-48.2018.6.07.8100. DADOS BANCARIOS BANCO DO BRASIL.;070025;TRIBUNAL REGIONAL ELEITORAL DO D. FEDERAL;;;;;;;;0,00;0,00;29.120,61;;;;;;;;;0,00;29.120,61
14107;TRIBUNAL REGIONAL ELEITORAL DO DIST. FEDERAL;070025;TRIBUNAL REGIONAL ELEITORAL DO D. FEDERAL;02122057020TP0053;20TP;ATIVOS CIVIS DA UNIAO;0000;ATIVOS CIVIS DA UNIAO;084774;FOL SERVID;PESSOAL - FOLHA DE SERVIDORES;0100;RECURSOS ORDINARIOS;1;ORCAMENTO FISCAL;3;DESPESAS CORRENTES;1;PESSOAL E ENCARGOS SOCIAIS;11;VENCIMENTOS E VANTAGENS FIXAS - PESSOAL CIVIL;319011;VENCIMENTOS E VANTAGENS FIXAS - PESSOAL CIVIL;31901137;GRATIFICACAO DE TEMPO DE SERVICO;5;GLOBAL;08;NAO SE APLICA;-8;03/01/2018;JAN/2018;2018;070025000012018NE000001;PESSOAL ATIVO;FOLHA DE PAGAMENTO DE SERVIDORES ATIVOS REFERENTE AO MES DE FEVEREIRO DE 2018 - PA SEI 0000707-84.2018.6.07.8100;070025;TRIBUNAL REGIONAL ELEITORAL DO D. FEDERAL;;;;;;;;0,00;29.110,08;;;;;;;;;;29.110,08;
14107;TRIBUNAL REGIONAL ELEITORAL DO DIST. FEDERAL;070025;TRIBUNAL REGIONAL ELEITORAL DO D. FEDERAL;02122057020TP0053;20TP;ATIVOS CIVIS DA UNIAO;0000;ATIVOS CIVIS DA UNIAO;084774;FOL SERVID;PESSOAL - FOLHA DE SERVIDORES;0100;RECURSOS ORDINARIOS;1;ORCAMENTO FISCAL;3;DESPESAS CORRENTES;1;PESSOAL E ENCARGOS SOCIAIS;11;VENCIMENTOS E VANTAGENS FIXAS - PESSOAL CIVIL;319011;VENCIMENTOS E VANTAGENS FIXAS - PESSOAL CIVIL;31901137;GRATIFICACAO DE TEMPO DE SERVICO;5;GLOBAL;08;NAO SE APLICA;-8;03/01/2018;JAN/2018;2018;070025000012018NE000001;PESSOAL ATIVO;FOLHA DE PAGAMENTO DE SERVIDORES ATIVOS REFERENTE AO MES DE FEVEREIRO DE 2018 - PA SEI 0000707-84.2018.6.07.8100. DADOS BANCARIOS BANCO DO BRASIL.;070025;TRIBUNAL REGIONAL ELEITORAL DO D. FEDERAL;;;;;;;;0,00;0,00;29.110,08;;;;;;;;;0,00;29.110,08
14107;TRIBUNAL REGIONAL ELEITORAL DO DIST. FEDERAL;070025;TRIBUNAL REGIONAL ELEITORAL DO D. FEDERAL;02122057020TP0053;20TP;ATIVOS CIVIS DA UNIAO;0000;ATIVOS CIVIS DA UNIAO;084774;FOL SERVID;PESSOAL - FOLHA DE SERVIDORES;0100;RECURSOS ORDINARIOS;1;ORCAMENTO FISCAL;3;DESPESAS CORRENTES;1;PESSOAL E ENCARGOS SOCIAIS;11;VENCIMENTOS E VANTAGENS FIXAS - PESSOAL CIVIL;319011;VENCIMENTOS E VANTAGENS FIXAS - PESSOAL CIVIL;31901137;GRATIFICACAO DE TEMPO DE SERVICO;5;GLOBAL;08;NAO SE APLICA;-8;03/01/2018;JAN/2018;2018;070025000012018NE000001;PESSOAL ATIVO;FOLHA DE PAGAMENTO DE SERVIDORES ATIVOS REFERENTE AO MES DE JANEIRO DE 2018 - PA SEI 0000050-45.2018.6.07.8100;070025;TRIBUNAL REGIONAL ELEITORAL DO D. FEDERAL;;;;;;;;0,00;29.110,08;;;;;;;;;;29.110,08;
14107;TRIBUNAL REGIONAL ELEITORAL DO DIST. FEDERAL;070025;TRIBUNAL REGIONAL ELEITORAL DO D. FEDERAL;02122057020TP0053;20TP;ATIVOS CIVIS DA UNIAO;0000;ATIVOS CIVIS DA UNIAO;084774;FOL SERVID;PESSOAL - FOLHA DE SERVIDORES;0100;RECURSOS ORDINARIOS;1;ORCAMENTO FISCAL;3;DESPESAS CORRENTES;1;PESSOAL E ENCARGOS SOCIAIS;11;VENCIMENTOS E VANTAGENS FIXAS - PESSOAL CIVIL;319011;VENCIMENTOS E VANTAGENS FIXAS - PESSOAL CIVIL;31901137;GRATIFICACAO DE TEMPO DE SERVICO;5;GLOBAL;08;NAO SE APLICA;-8;03/01/2018;JAN/2018;2018;070025000012018NE000001;PESSOAL ATIVO;FOLHA DE PAGAMENTO DE SERVIDORES ATIVOS REFERENTE AO MES DE JANEIRO DE 2018 - PA SEI 0000050-45.2018.6.07.8100. DADOS BANCARIOS BB;070025;TRIBUNAL REGIONAL ELEITORAL DO D. FEDERAL;;;;;;;;0,00;0,00;29.110,08;;;;;;;;;0,00;29.110,08
14107;TRIBUNAL REGIONAL ELEITORAL DO DIST. FEDERAL;070025;TRIBUNAL REGIONAL ELEITORAL DO D. FEDERAL;02122057020TP0053;20TP;ATIVOS CIVIS DA UNIAO;0000;ATIVOS CIVIS DA UNIAO;084774;FOL SERVID;PESSOAL - FOLHA DE SERVIDORES;0100;RECURSOS ORDINARIOS;1;ORCAMENTO FISCAL;3;DESPESAS CORRENTES;1;PESSOAL E ENCARGOS SOCIAIS;11;VENCIMENTOS E VANTAGENS FIXAS - PESSOAL CIVIL;319011;VENCIMENTOS E VANTAGENS FIXAS - PESSOAL CIVIL;31901137;GRATIFICACAO DE TEMPO DE SERVICO;5;GLOBAL;08;NAO SE APLICA;-8;03/01/2018;JAN/2018;2018;070025000012018NE000001;PESSOAL ATIVO;FOLHA DE PAGAMENTO DE SERVIDORES ATIVOS REFERENTE AO MES DE MAIO DE 2018 - PA SEI 0002530-93.2018.6.07.8100.;070025;TRIBUNAL REGIONAL ELEITORAL DO D. FEDERAL;;;;;;;;0,00;29.120,61;;;;;;;;;;29.120,61;
14107;TRIBUNAL REGIONAL ELEITORAL DO DIST. FEDERAL;070025;TRIBUNAL REGIONAL ELEITORAL DO D. FEDERAL;02122057020TP0053;20TP;ATIVOS CIVIS DA UNIAO;0000;ATIVOS CIVIS DA UNIAO;084774;FOL SERVID;PESSOAL - FOLHA DE SERVIDORES;0100;RECURSOS ORDINARIOS;1;ORCAMENTO FISCAL;3;DESPESAS CORRENTES;1;PESSOAL E ENCARGOS SOCIAIS;11;VENCIMENTOS E VANTAGENS FIXAS - PESSOAL CIVIL;319011;VENCIMENTOS E VANTAGENS FIXAS - PESSOAL CIVIL;31901137;GRATIFICACAO DE TEMPO DE SERVICO;5;GLOBAL;08;NAO SE APLICA;-8;03/01/2018;JAN/2018;2018;070025000012018NE000001;PESSOAL ATIVO;FOLHA DE PAGAMENTO DE SERVIDORES ATIVOS REFERENTE AO MES DE MARCO DE 2018 - PA SEI 0001307-08.2018.6.07.8100;070025;TRIBUNAL REGIONAL ELEITORAL DO D. FEDERAL;;;;;;;;0,00;29.110,08;;;;;;;;;;29.110,08;
14107;TRIBUNAL REGIONAL ELEITORAL DO DIST. FEDERAL;070025;TRIBUNAL REGIONAL ELEITORAL DO D. FEDERAL;02122057020TP0053;20TP;ATIVOS CIVIS DA UNIAO;0000;ATIVOS CIVIS DA UNIAO;084774;FOL SERVID;PESSOAL - FOLHA DE SERVIDORES;0100;RECURSOS ORDINARIOS;1;ORCAMENTO FISCAL;3;DESPESAS CORRENTES;1;PESSOAL E ENCARGOS SOCIAIS;11;VENCIMENTOS E VANTAGENS FIXAS - PESSOAL CIVIL;319011;VENCIMENTOS E VANTAGENS FIXAS - PESSOAL CIVIL;31901137;GRATIFICACAO DE TEMPO DE SERVICO;5;GLOBAL;08;NAO SE APLICA;-8;03/01/2018;JAN/2018;2018;070025000012018NE000001;PESSOAL ATIVO;FOLHA DE PAGAMENTO DE SERVIDORES ATIVOS REFERENTE AO MES DE MARCO DE 2018 - PA SEI 0001307-08.2018.6.07.8100.  VALOR DA CEF.;070025;TRIBUNAL REGIONAL ELEITORAL DO D. FEDERAL;;;;;;;;0,00;0,00;29.110,08;;;;;;;;;0,00;29.110,08
14107;TRIBUNAL REGIONAL ELEITORAL DO DIST. FEDERAL;070025;TRIBUNAL REGIONAL ELEITORAL DO D. FEDERAL;02122057020TP0053;20TP;ATIVOS CIVIS DA UNIAO;0000;ATIVOS CIVIS DA UNIAO;084774;FOL SERVID;PESSOAL - FOLHA DE SERVIDORES;0100;RECURSOS ORDINARIOS;1;ORCAMENTO FISCAL;3;DESPESAS CORRENTES;1;PESSOAL E ENCARGOS SOCIAIS;11;VENCIMENTOS E VANTAGENS FIXAS - PESSOAL CIVIL;319011;VENCIMENTOS E VANTAGENS FIXAS - PESSOAL CIVIL;31901137;GRATIFICACAO DE TEMPO DE SERVICO;5;GLOBAL;08;NAO SE APLICA;-8;03/01/2018;JAN/2018;2018;070025000012018NE000001;PESSOAL ATIVO;FOLHA DE PAGAMENTO DO MES DE  JANEIRO/2018 DOS SERVIDORES ATIVOS. PA 0000050-45.2018.6.07.8100.;070025;TRIBUNAL REGIONAL ELEITORAL DO D. FEDERAL;;;;;;;;0,00;29.110,08;;;;;;;;;;29.110,08;
14107;TRIBUNAL REGIONAL ELEITORAL DO DIST. FEDERAL;070025;TRIBUNAL REGIONAL ELEITORAL DO D. FEDERAL;02122057020TP0053;20TP;ATIVOS CIVIS DA UNIAO;0000;ATIVOS CIVIS DA UNIAO;084774;FOL SERVID;PESSOAL - FOLHA DE SERVIDORES;0100;RECURSOS ORDINARIOS;1;ORCAMENTO FISCAL;3;DESPESAS CORRENTES;1;PESSOAL E ENCARGOS SOCIAIS;11;VENCIMENTOS E VANTAGENS FIXAS - PESSOAL CIVIL;319011;VENCIMENTOS E VANTAGENS FIXAS - PESSOAL CIVIL;31901137;GRATIFICACAO DE TEMPO DE SERVICO;5;GLOBAL;08;NAO SE APLICA;-8;03/01/2018;JAN/2018;2018;070025000012018NE000001;PESSOAL ATIVO;FOLHA DE PAGAMENTO DO MES DE  JANEIRO/2018 DOS SERVIDORES ATIVOS. PA 0000050-45.2018.6.07.8100. CANCELAMENTOS PARA ACERTO DE ERRO DE APROPRIACAO;070025;TRIBUNAL REGIONAL ELEITORAL DO D. FEDERAL;;;;;;;;0,00;(29.110,08);;;;;;;;;;(29.110,08);
14107;TRIBUNAL REGIONAL ELEITORAL DO DIST. FEDERAL;070025;TRIBUNAL REGIONAL ELEITORAL DO D. FEDERAL;02122057020TP0053;20TP;ATIVOS CIVIS DA UNIAO;0000;ATIVOS CIVIS DA UNIAO;084774;FOL SERVID;PESSOAL - FOLHA DE SERVIDORES;0100;RECURSOS ORDINARIOS;1;ORCAMENTO FISCAL;3;DESPESAS CORRENTES;1;PESSOAL E ENCARGOS SOCIAIS;11;VENCIMENTOS E VANTAGENS FIXAS - PESSOAL CIVIL;319011;VENCIMENTOS E VANTAGENS FIXAS - PESSOAL CIVIL;31901143;13º SALARIO;5;GLOBAL;08;NAO SE APLICA;-8;03/01/2018;JAN/2018;2018;070025000012018NE000001;PESSOAL ATIVO;2018NECT - VENCIMENTOS E VANTAGENS FIXAS - PESSOAL ATIVO. EXERCICIO 2018.;070025;TRIBUNAL REGIONAL ELEITORAL DO D. FEDERAL;;;;;;;;3.500.000,00;;;;;;;;;;;;
14107;TRIBUNAL REGIONAL ELEITORAL DO DIST. FEDERAL;070025;TRIBUNAL REGIONAL ELEITORAL DO D. FEDERAL;02122057020TP0053;20TP;ATIVOS CIVIS DA UNIAO;0000;ATIVOS CIVIS DA UNIAO;084774;FOL SERVID;PESSOAL - FOLHA DE SERVIDORES;0100;RECURSOS ORDINARIOS;1;ORCAMENTO FISCAL;3;DESPESAS CORRENTES;1;PESSOAL E ENCARGOS SOCIAIS;11;VENCIMENTOS E VANTAGENS FIXAS - PESSOAL CIVIL;319011;VENCIMENTOS E VANTAGENS FIXAS - PESSOAL CIVIL;31901143;13º SALARIO;5;GLOBAL;08;NAO SE APLICA;-8;03/01/2018;JAN/2018;2018;070025000012018NE000001;PESSOAL ATIVO;DEVOLUCAO DE ANTECIPACAO GRATIFICACAO NATALINA DA SERVIDORA ANNE CAROLINE DIESEL DE OLIVEIRA.;070025;TRIBUNAL REGIONAL ELEITORAL DO D. FEDERAL;;;;;;;;0,00;(689,54);(689,54);;;;;;;;;(689,54);(689,54)
14107;TRIBUNAL REGIONAL ELEITORAL DO DIST. FEDERAL;070025;TRIBUNAL REGIONAL ELEITORAL DO D. FEDERAL;02122057020TP0053;20TP;ATIVOS CIVIS DA UNIAO;0000;ATIVOS CIVIS DA UNIAO;084774;FOL SERVID;PESSOAL - FOLHA DE SERVIDORES;0100;RECURSOS ORDINARIOS;1;ORCAMENTO FISCAL;3;DESPESAS CORRENTES;1;PESSOAL E ENCARGOS SOCIAIS;11;VENCIMENTOS E VANTAGENS FIXAS - PESSOAL CIVIL;319011;VENCIMENTOS E VANTAGENS FIXAS - PESSOAL CIVIL;31901143;13º SALARIO;5;GLOBAL;08;NAO SE APLICA;-8;03/01/2018;JAN/2018;2018;070025000012018NE000001;PESSOAL ATIVO;DEVOLUCAO DE: FUNCAO COMISSIONADA FC01 (07 DIAS), GRATIFICACAO NATALINA (2/12 AVOS) E IR GRAT. NATALINA DO SERVIDOR ALFREDO DA MATA MACHADO.;070025;TRIBUNAL REGIONAL ELEITORAL DO D. FEDERAL;;;;;;;;0,00;(998,48);(998,48);;;;;;;;;(998,48);(998,48)
14107;TRIBUNAL REGIONAL ELEITORAL DO DIST. FEDERAL;070025;TRIBUNAL REGIONAL ELEITORAL DO D. FEDERAL;02122057020TP0053;20TP;ATIVOS CIVIS DA UNIAO;0000;ATIVOS CIVIS DA UNIAO;084774;FOL SERVID;PESSOAL - FOLHA DE SERVIDORES;0100;RECURSOS ORDINARIOS;1;ORCAMENTO FISCAL;3;DESPESAS CORRENTES;1;PESSOAL E ENCARGOS SOCIAIS;11;VENCIMENTOS E VANTAGENS FIXAS - PESSOAL CIVIL;319011;VENCIMENTOS E VANTAGENS FIXAS - PESSOAL CIVIL;31901143;13º SALARIO;5;GLOBAL;08;NAO SE APLICA;-8;03/01/2018;JAN/2018;2018;070025000012018NE000001;PESSOAL ATIVO;DEVOLUCAO DE: FUNCAO COMISSIONADA FC01 (07 DIAS)E GRATIFICACAO NATALINA (2/12 AVOS)DA SERVIDORA MARLI CAMILO DOS SANTOS.;070025;TRIBUNAL REGIONAL ELEITORAL DO D. FEDERAL;;;;;;;;0,00;(169,86);(169,86);;;;;;;;;(169,86);(169,86)
14107;TRIBUNAL REGIONAL ELEITORAL DO DIST. FEDERAL;070025;TRIBUNAL REGIONAL ELEITORAL DO D. FEDERAL;02122057020TP0053;20TP;ATIVOS CIVIS DA UNIAO;0000;ATIVOS CIVIS DA UNIAO;084774;FOL SERVID;PESSOAL - FOLHA DE SERVIDORES;0100;RECURSOS ORDINARIOS;1;ORCAMENTO FISCAL;3;DESPESAS CORRENTES;1;PESSOAL E ENCARGOS SOCIAIS;11;VENCIMENTOS E VANTAGENS FIXAS - PESSOAL CIVIL;319011;VENCIMENTOS E VANTAGENS FIXAS - PESSOAL CIVIL;31901143;13º SALARIO;5;GLOBAL;08;NAO SE APLICA;-8;03/01/2018;JAN/2018;2018;070025000012018NE000001;PESSOAL ATIVO;DEVOLUCAO DE: FUNCAO COMISSIONADA FC06 (20 DIAS)E GATIFICACAO NATALINA DO SERVIDOR NORMANDI VITOR SILVA .;070025;TRIBUNAL REGIONAL ELEITORAL DO D. FEDERAL;;;;;;;;0,00;(768,09);(768,09);;;;;;;;;(768,09);(768,09)
14107;TRIBUNAL REGIONAL ELEITORAL DO DIST. FEDERAL;070025;TRIBUNAL REGIONAL ELEITORAL DO D. FEDERAL;02122057020TP0053;20TP;ATIVOS CIVIS DA UNIAO;0000;ATIVOS CIVIS DA UNIAO;084774;FOL SERVID;PESSOAL - FOLHA DE SERVIDORES;0100;RECURSOS ORDINARIOS;1;ORCAMENTO FISCAL;3;DESPESAS CORRENTES;1;PESSOAL E ENCARGOS SOCIAIS;11;VENCIMENTOS E VANTAGENS FIXAS - PESSOAL CIVIL;319011;VENCIMENTOS E VANTAGENS FIXAS - PESSOAL CIVIL;31901143;13º SALARIO;5;GLOBAL;08;NAO SE APLICA;-8;03/01/2018;JAN/2018;2018;070025000012018NE000001;PESSOAL ATIVO;DEVOLUCAO REALIZADA PELO SINDJUS REF. AO VALOR DA REMUNERACAO DO SERVIDOR JOSE RODRIGUES COSTA NETO, RELATIVO AO MES DE JANEIRO/2018 E 13 SALARIO. ŽO SERVIDOR ESTA CEDIDO AQUELA INSTITUICAO PARA DESEMPENHO DE MANDATO CLASSISTA, CONFORME PA 71.836/2015.;070025;TRIBUNAL REGIONAL ELEITORAL DO D. FEDERAL;;;;;;;;0,00;(9.637,19);(9.637,19);;;;;;;;;(9.637,19);(9.637,19)
14107;TRIBUNAL REGIONAL ELEITORAL DO DIST. FEDERAL;070025;TRIBUNAL REGIONAL ELEITORAL DO D. FEDERAL;02122057020TP0053;20TP;ATIVOS CIVIS DA UNIAO;0000;ATIVOS CIVIS DA UNIAO;084774;FOL SERVID;PESSOAL - FOLHA DE SERVIDORES;0100;RECURSOS ORDINARIOS;1;ORCAMENTO FISCAL;3;DESPESAS CORRENTES;1;PESSOAL E ENCARGOS SOCIAIS;11;VENCIMENTOS E VANTAGENS FIXAS - PESSOAL CIVIL;319011;VENCIMENTOS E VANTAGENS FIXAS - PESSOAL CIVIL;31901143;13º SALARIO;5;GLOBAL;08;NAO SE APLICA;-8;03/01/2018;JAN/2018;2018;070025000012018NE000001;PESSOAL ATIVO;FOLHA DE PAGAMENTO DE SERVIDORES ATIVOS REFERENTE AO MES DE JANEIRO DE 2018 - PA SEI 0000050-45.2018.6.07.8100;070025;TRIBUNAL REGIONAL ELEITORAL DO D. FEDERAL;;;;;;;;0,00;1.705.157,71;;;;;;;;;;1.705.157,71;
14107;TRIBUNAL REGIONAL ELEITORAL DO DIST. FEDERAL;070025;TRIBUNAL REGIONAL ELEITORAL DO D. FEDERAL;02122057020TP0053;20TP;ATIVOS CIVIS DA UNIAO;0000;ATIVOS CIVIS DA UNIAO;084774;FOL SERVID;PESSOAL - FOLHA DE SERVIDORES;0100;RECURSOS ORDINARIOS;1;ORCAMENTO FISCAL;3;DESPESAS CORRENTES;1;PESSOAL E ENCARGOS SOCIAIS;11;VENCIMENTOS E VANTAGENS FIXAS - PESSOAL CIVIL;319011;VENCIMENTOS E VANTAGENS FIXAS - PESSOAL CIVIL;31901143;13º SALARIO;5;GLOBAL;08;NAO SE APLICA;-8;03/01/2018;JAN/2018;2018;070025000012018NE000001;PESSOAL ATIVO;FOLHA DE PAGAMENTO DE SERVIDORES ATIVOS REFERENTE AO MES DE JANEIRO DE 2018 - PA SEI 0000050-45.2018.6.07.8100. DADOS BANCARIOS BANCO CEF;070025;TRIBUNAL REGIONAL ELEITORAL DO D. FEDERAL;;;;;;;;0,00;0,00;540.662,03;;;;;;;;;0,00;540.662,03
14107;TRIBUNAL REGIONAL ELEITORAL DO DIST. FEDERAL;070025;TRIBUNAL REGIONAL ELEITORAL DO D. FEDERAL;02122057020TP0053;20TP;ATIVOS CIVIS DA UNIAO;0000;ATIVOS CIVIS DA UNIAO;084774;FOL SERVID;PESSOAL - FOLHA DE SERVIDORES;0100;RECURSOS ORDINARIOS;1;ORCAMENTO FISCAL;3;DESPESAS CORRENTES;1;PESSOAL E ENCARGOS SOCIAIS;11;VENCIMENTOS E VANTAGENS FIXAS - PESSOAL CIVIL;319011;VENCIMENTOS E VANTAGENS FIXAS - PESSOAL CIVIL;31901143;13º SALARIO;5;GLOBAL;08;NAO SE APLICA;-8;03/01/2018;JAN/2018;2018;070025000012018NE000001;PESSOAL ATIVO;FOLHA DE PAGAMENTO DE SERVIDORES ATIVOS REFERENTE AO MES DE JANEIRO DE 2018 - PA SEI 0000050-45.2018.6.07.8100. DADOS BANCARIOS BB;070025;TRIBUNAL REGIONAL ELEITORAL DO D. FEDERAL;;;;;;;;0,00;0,00;1.164.495,68;;;;;;;;;0,00;1.164.495,68
14107;TRIBUNAL REGIONAL ELEITORAL DO DIST. FEDERAL;070025;TRIBUNAL REGIONAL ELEITORAL DO D. FEDERAL;02122057020TP0053;20TP;ATIVOS CIVIS DA UNIAO;0000;ATIVOS CIVIS DA UNIAO;084774;FOL SERVID;PESSOAL - FOLHA DE SERVIDORES;0100;RECURSOS ORDINARIOS;1;ORCAMENTO FISCAL;3;DESPESAS CORRENTES;1;PESSOAL E ENCARGOS SOCIAIS;11;VENCIMENTOS E VANTAGENS FIXAS - PESSOAL CIVIL;319011;VENCIMENTOS E VANTAGENS FIXAS - PESSOAL CIVIL;31901143;13º SALARIO;5;GLOBAL;08;NAO SE APLICA;-8;03/01/2018;JAN/2018;2018;070025000012018NE000001;PESSOAL ATIVO;FOLHA DE PAGAMENTO DO MES DE  JANEIRO/2018 DOS SERVIDORES ATIVOS. PA 0000050-45.2018.6.07.8100.;070025;TRIBUNAL REGIONAL ELEITORAL DO D. FEDERAL;;;;;;;;0,00;1.705.157,71;;;;;;;;;;1.705.157,71;
14107;TRIBUNAL REGIONAL ELEITORAL DO DIST. FEDERAL;070025;TRIBUNAL REGIONAL ELEITORAL DO D. FEDERAL;02122057020TP0053;20TP;ATIVOS CIVIS DA UNIAO;0000;ATIVOS CIVIS DA UNIAO;084774;FOL SERVID;PESSOAL - FOLHA DE SERVIDORES;0100;RECURSOS ORDINARIOS;1;ORCAMENTO FISCAL;3;DESPESAS CORRENTES;1;PESSOAL E ENCARGOS SOCIAIS;11;VENCIMENTOS E VANTAGENS FIXAS - PESSOAL CIVIL;319011;VENCIMENTOS E VANTAGENS FIXAS - PESSOAL CIVIL;31901143;13º SALARIO;5;GLOBAL;08;NAO SE APLICA;-8;03/01/2018;JAN/2018;2018;070025000012018NE000001;PESSOAL ATIVO;FOLHA DE PAGAMENTO DO MES DE  JANEIRO/2018 DOS SERVIDORES ATIVOS. PA 0000050-45.2018.6.07.8100. CANCELAMENTO PARA ACERTO DA VPD;070025;TRIBUNAL REGIONAL ELEITORAL DO D. FEDERAL;;;;;;;;0,00;(1.705.157,71);;;;;;;;;;(1.705.157,71);
14107;TRIBUNAL REGIONAL ELEITORAL DO DIST. FEDERAL;070025;TRIBUNAL REGIONAL ELEITORAL DO D. FEDERAL;02122057020TP0053;20TP;ATIVOS CIVIS DA UNIAO;0000;ATIVOS CIVIS DA UNIAO;084774;FOL SERVID;PESSOAL - FOLHA DE SERVIDORES;0100;RECURSOS ORDINARIOS;1;ORCAMENTO FISCAL;3;DESPESAS CORRENTES;1;PESSOAL E ENCARGOS SOCIAIS;11;VENCIMENTOS E VANTAGENS FIXAS - PESSOAL CIVIL;319011;VENCIMENTOS E VANTAGENS FIXAS - PESSOAL CIVIL;31901143;13º SALARIO;5;GLOBAL;08;NAO SE APLICA;-8;03/01/2018;JAN/2018;2018;070025000012018NE000001;PESSOAL ATIVO;FOLHA DE PAGAMENTO DO MES DE  JANEIRO/2018 DOS SERVIDORES ATIVOS. PA 0000050-45.2018.6.07.8100. CANCELAMENTOS PARA ACERTO DE ERRO DE APROPRIACAO;070025;TRIBUNAL REGIONAL ELEITORAL DO D. FEDERAL;;;;;;;;0,00;(1.705.157,71);;;;;;;;;;(1.705.157,71);
14107;TRIBUNAL REGIONAL ELEITORAL DO DIST. FEDERAL;070025;TRIBUNAL REGIONAL ELEITORAL DO D. FEDERAL;02122057020TP0053;20TP;ATIVOS CIVIS DA UNIAO;0000;ATIVOS CIVIS DA UNIAO;084774;FOL SERVID;PESSOAL - FOLHA DE SERVIDORES;0100;RECURSOS ORDINARIOS;1;ORCAMENTO FISCAL;3;DESPESAS CORRENTES;1;PESSOAL E ENCARGOS SOCIAIS;11;VENCIMENTOS E VANTAGENS FIXAS - PESSOAL CIVIL;319011;VENCIMENTOS E VANTAGENS FIXAS - PESSOAL CIVIL;31901143;13º SALARIO;5;GLOBAL;08;NAO SE APLICA;-8;03/01/2018;JAN/2018;2018;070025000012018NE000001;PESSOAL ATIVO;FOLHA DE PAGAMENTO DO MES DE  JANEIRO/2018 DOS SERVIDORES ATIVOS. PA 0000050-45.2018.6.07.8100.APROPRIACAO DA ANTECIPACAO DA GRATIFICACAO NATALINA;070025;TRIBUNAL REGIONAL ELEITORAL DO D. FEDERAL;;;;;;;;0,00;1.705.157,71;;;;;;;;;;1.705.157,71;
14107;TRIBUNAL REGIONAL ELEITORAL DO DIST. FEDERAL;070025;TRIBUNAL REGIONAL ELEITORAL DO D. FEDERAL;02122057020TP0053;20TP;ATIVOS CIVIS DA UNIAO;0000;ATIVOS CIVIS DA UNIAO;084774;FOL SERVID;PESSOAL - FOLHA DE SERVIDORES;0100;RECURSOS ORDINARIOS;1;ORCAMENTO FISCAL;3;DESPESAS CORRENTES;1;PESSOAL E ENCARGOS SOCIAIS;11;VENCIMENTOS E VANTAGENS FIXAS - PESSOAL CIVIL;319011;VENCIMENTOS E VANTAGENS FIXAS - PESSOAL CIVIL;31901145;FERIAS - 1/3 CONSTITUCIONAL;5;GLOBAL;08;NAO SE APLICA;-8;03/01/2018;JAN/2018;2018;070025000012018NE000001;PESSOAL ATIVO;2018NECT - VENCIMENTOS E VANTAGENS FIXAS - PESSOAL ATIVO. EXERCICIO 2018.;070025;TRIBUNAL REGIONAL ELEITORAL DO D. FEDERAL;;;;;;;;1.000.000,00;;;;;;;;;;;;
14107;TRIBUNAL REGIONAL ELEITORAL DO DIST. FEDERAL;070025;TRIBUNAL REGIONAL ELEITORAL DO D. FEDERAL;02122057020TP0053;20TP;ATIVOS CIVIS DA UNIAO;0000;ATIVOS CIVIS DA UNIAO;084774;FOL SERVID;PESSOAL - FOLHA DE SERVIDORES;0100;RECURSOS ORDINARIOS;1;ORCAMENTO FISCAL;3;DESPESAS CORRENTES;1;PESSOAL E ENCARGOS SOCIAIS;11;VENCIMENTOS E VANTAGENS FIXAS - PESSOAL CIVIL;319011;VENCIMENTOS E VANTAGENS FIXAS - PESSOAL CIVIL;31901145;FERIAS - 1/3 CONSTITUCIONAL;5;GLOBAL;08;NAO SE APLICA;-8;03/01/2018;JAN/2018;2018;070025000012018NE000001;PESSOAL ATIVO;CANCEKLA PARA AJUSTE;070025;TRIBUNAL REGIONAL ELEITORAL DO D. FEDERAL;;;;;;;;0,00;0,00;(657,77);;;;;;;;;0,00;(657,77)
14107;TRIBUNAL REGIONAL ELEITORAL DO DIST. FEDERAL;070025;TRIBUNAL REGIONAL ELEITORAL DO D. FEDERAL;02122057020TP0053;20TP;ATIVOS CIVIS DA UNIAO;0000;ATIVOS CIVIS DA UNIAO;084774;FOL SERVID;PESSOAL - FOLHA DE SERVIDORES;0100;RECURSOS ORDINARIOS;1;ORCAMENTO FISCAL;3;DESPESAS CORRENTES;1;PESSOAL E ENCARGOS SOCIAIS;11;VENCIMENTOS E VANTAGENS FIXAS - PESSOAL CIVIL;319011;VENCIMENTOS E VANTAGENS FIXAS - PESSOAL CIVIL;31901145;FERIAS - 1/3 CONSTITUCIONAL;5;GLOBAL;08;NAO SE APLICA;-8;03/01/2018;JAN/2018;2018;070025000012018NE000001;PESSOAL ATIVO;DEVOLUCAO DE 1/3 DE FERIAS DA SERVIDORA ANNE CAROLINE DIESEL DE OLIVEIRA.;070025;TRIBUNAL REGIONAL ELEITORAL DO D. FEDERAL;;;;;;;;0,00;(459,69);(459,69);;;;;;;;;(459,69);(459,69)
14107;TRIBUNAL REGIONAL ELEITORAL DO DIST. FEDERAL;070025;TRIBUNAL REGIONAL ELEITORAL DO D. FEDERAL;02122057020TP0053;20TP;ATIVOS CIVIS DA UNIAO;0000;ATIVOS CIVIS DA UNIAO;084774;FOL SERVID;PESSOAL - FOLHA DE SERVIDORES;0100;RECURSOS ORDINARIOS;1;ORCAMENTO FISCAL;3;DESPESAS CORRENTES;1;PESSOAL E ENCARGOS SOCIAIS;11;VENCIMENTOS E VANTAGENS FIXAS - PESSOAL CIVIL;319011;VENCIMENTOS E VANTAGENS FIXAS - PESSOAL CIVIL;31901145;FERIAS - 1/3 CONSTITUCIONAL;5;GLOBAL;08;NAO SE APLICA;-8;03/01/2018;JAN/2018;2018;070025000012018NE000001;PESSOAL ATIVO;FOLHA DE PAGAMENTO DE SERVIDORES ATIVOS REFERENTE AO MES DE ABRIL DE 2018 - PA SEI 0001951-48.2018.6.07.8100;070025;TRIBUNAL REGIONAL ELEITORAL DO D. FEDERAL;;;;;;;;0,00;67.332,65;;;;;;;;;;67.332,65;
14107;TRIBUNAL REGIONAL ELEITORAL DO DIST. FEDERAL;070025;TRIBUNAL REGIONAL ELEITORAL DO D. FEDERAL;02122057020TP0053;20TP;ATIVOS CIVIS DA UNIAO;0000;ATIVOS CIVIS DA UNIAO;084774;FOL SERVID;PESSOAL - FOLHA DE SERVIDORES;0100;RECURSOS ORDINARIOS;1;ORCAMENTO FISCAL;3;DESPESAS CORRENTES;1;PESSOAL E ENCARGOS SOCIAIS;11;VENCIMENTOS E VANTAGENS FIXAS - PESSOAL CIVIL;319011;VENCIMENTOS E VANTAGENS FIXAS - PESSOAL CIVIL;31901145;FERIAS - 1/3 CONSTITUCIONAL;5;GLOBAL;08;NAO SE APLICA;-8;03/01/2018;JAN/2018;2018;070025000012018NE000001;PESSOAL ATIVO;FOLHA DE PAGAMENTO DE SERVIDORES ATIVOS REFERENTE AO MES DE ABRIL DE 2018 - PA SEI 0001951-48.2018.6.07.8100. DADOS BANCARIOS BANCO DO BRASIL.;070025;TRIBUNAL REGIONAL ELEITORAL DO D. FEDERAL;;;;;;;;0,00;0,00;67.332,65;;;;;;;;;0,00;67.332,65
14107;TRIBUNAL REGIONAL ELEITORAL DO DIST. FEDERAL;070025;TRIBUNAL REGIONAL ELEITORAL DO D. FEDERAL;02122057020TP0053;20TP;ATIVOS CIVIS DA UNIAO;0000;ATIVOS CIVIS DA UNIAO;084774;FOL SERVID;PESSOAL - FOLHA DE SERVIDORES;0100;RECURSOS ORDINARIOS;1;ORCAMENTO FISCAL;3;DESPESAS CORRENTES;1;PESSOAL E ENCARGOS SOCIAIS;11;VENCIMENTOS E VANTAGENS FIXAS - PESSOAL CIVIL;319011;VENCIMENTOS E VANTAGENS FIXAS - PESSOAL CIVIL;31901145;FERIAS - 1/3 CONSTITUCIONAL;5;GLOBAL;08;NAO SE APLICA;-8;03/01/2018;JAN/2018;2018;070025000012018NE000001;PESSOAL ATIVO;FOLHA DE PAGAMENTO DE SERVIDORES ATIVOS REFERENTE AO MES DE FEVEREIRO DE 2018 - PA SEI 0000707-84.2018.6.07.8100;070025;TRIBUNAL REGIONAL ELEITORAL DO D. FEDERAL;;;;;;;;0,00;72.372,70;;;;;;;;;;72.372,70;
14107;TRIBUNAL REGIONAL ELEITORAL DO DIST. FEDERAL;070025;TRIBUNAL REGIONAL ELEITORAL DO D. FEDERAL;02122057020TP0053;20TP;ATIVOS CIVIS DA UNIAO;0000;ATIVOS CIVIS DA UNIAO;084774;FOL SERVID;PESSOAL - FOLHA DE SERVIDORES;0100;RECURSOS ORDINARIOS;1;ORCAMENTO FISCAL;3;DESPESAS CORRENTES;1;PESSOAL E ENCARGOS SOCIAIS;11;VENCIMENTOS E VANTAGENS FIXAS - PESSOAL CIVIL;319011;VENCIMENTOS E VANTAGENS FIXAS - PESSOAL CIVIL;31901145;FERIAS - 1/3 CONSTITUCIONAL;5;GLOBAL;08;NAO SE APLICA;-8;03/01/2018;JAN/2018;2018;070025000012018NE000001;PESSOAL ATIVO;FOLHA DE PAGAMENTO DE SERVIDORES ATIVOS REFERENTE AO MES DE FEVEREIRO DE 2018 - PA SEI 0000707-84.2018.6.07.8100. DADOS BANCARIOS BANCO DO BRASIL.;070025;TRIBUNAL REGIONAL ELEITORAL DO D. FEDERAL;;;;;;;;0,00;0,00;72.372,70;;;;;;;;;0,00;72.372,70
14107;TRIBUNAL REGIONAL ELEITORAL DO DIST. FEDERAL;070025;TRIBUNAL REGIONAL ELEITORAL DO D. FEDERAL;02122057020TP0053;20TP;ATIVOS CIVIS DA UNIAO;0000;ATIVOS CIVIS DA UNIAO;084774;FOL SERVID;PESSOAL - FOLHA DE SERVIDORES;0100;RECURSOS ORDINARIOS;1;ORCAMENTO FISCAL;3;DESPESAS CORRENTES;1;PESSOAL E ENCARGOS SOCIAIS;11;VENCIMENTOS E VANTAGENS FIXAS - PESSOAL CIVIL;319011;VENCIMENTOS E VANTAGENS FIXAS - PESSOAL CIVIL;31901145;FERIAS - 1/3 CONSTITUCIONAL;5;GLOBAL;08;NAO SE APLICA;-8;03/01/2018;JAN/2018;2018;070025000012018NE000001;PESSOAL ATIVO;FOLHA DE PAGAMENTO DE SERVIDORES ATIVOS REFERENTE AO MES DE JANEIRO DE 2018 - PA SEI 0000050-45.2018.6.07.8100;070025;TRIBUNAL REGIONAL ELEITORAL DO D. FEDERAL;;;;;;;;0,00;181.086,34;;;;;;;;;;181.086,34;
14107;TRIBUNAL REGIONAL ELEITORAL DO DIST. FEDERAL;070025;TRIBUNAL REGIONAL ELEITORAL DO D. FEDERAL;02122057020TP0053;20TP;ATIVOS CIVIS DA UNIAO;0000;ATIVOS CIVIS DA UNIAO;084774;FOL SERVID;PESSOAL - FOLHA DE SERVIDORES;0100;RECURSOS ORDINARIOS;1;ORCAMENTO FISCAL;3;DESPESAS CORRENTES;1;PESSOAL E ENCARGOS SOCIAIS;11;VENCIMENTOS E VANTAGENS FIXAS - PESSOAL CIVIL;319011;VENCIMENTOS E VANTAGENS FIXAS - PESSOAL CIVIL;31901145;FERIAS - 1/3 CONSTITUCIONAL;5;GLOBAL;08;NAO SE APLICA;-8;03/01/2018;JAN/2018;2018;070025000012018NE000001;PESSOAL ATIVO;FOLHA DE PAGAMENTO DE SERVIDORES ATIVOS REFERENTE AO MES DE JANEIRO DE 2018 - PA SEI 0000050-45.2018.6.07.8100. DADOS BANCARIOS BANCO CEF;070025;TRIBUNAL REGIONAL ELEITORAL DO D. FEDERAL;;;;;;;;0,00;0,00;181.086,34;;;;;;;;;0,00;181.086,34
14107;TRIBUNAL REGIONAL ELEITORAL DO DIST. FEDERAL;070025;TRIBUNAL REGIONAL ELEITORAL DO D. FEDERAL;02122057020TP0053;20TP;ATIVOS CIVIS DA UNIAO;0000;ATIVOS CIVIS DA UNIAO;084774;FOL SERVID;PESSOAL - FOLHA DE SERVIDORES;0100;RECURSOS ORDINARIOS;1;ORCAMENTO FISCAL;3;DESPESAS CORRENTES;1;PESSOAL E ENCARGOS SOCIAIS;11;VENCIMENTOS E VANTAGENS FIXAS - PESSOAL CIVIL;319011;VENCIMENTOS E VANTAGENS FIXAS - PESSOAL CIVIL;31901145;FERIAS - 1/3 CONSTITUCIONAL;5;GLOBAL;08;NAO SE APLICA;-8;03/01/2018;JAN/2018;2018;070025000012018NE000001;PESSOAL ATIVO;FOLHA DE PAGAMENTO DE SERVIDORES ATIVOS REFERENTE AO MES DE MAIO DE 2018 - PA SEI 0002530-93.2018.6.07.8100.;070025;TRIBUNAL REGIONAL ELEITORAL DO D. FEDERAL;;;;;;;;0,00;54.111,20;;;;;;;;;;54.111,20;
14107;TRIBUNAL REGIONAL ELEITORAL DO DIST. FEDERAL;070025;TRIBUNAL REGIONAL ELEITORAL DO D. FEDERAL;02122057020TP0053;20TP;ATIVOS CIVIS DA UNIAO;0000;ATIVOS CIVIS DA UNIAO;084774;FOL SERVID;PESSOAL - FOLHA DE SERVIDORES;0100;RECURSOS ORDINARIOS;1;ORCAMENTO FISCAL;3;DESPESAS CORRENTES;1;PESSOAL E ENCARGOS SOCIAIS;11;VENCIMENTOS E VANTAGENS FIXAS - PESSOAL CIVIL;319011;VENCIMENTOS E VANTAGENS FIXAS - PESSOAL CIVIL;31901145;FERIAS - 1/3 CONSTITUCIONAL;5;GLOBAL;08;NAO SE APLICA;-8;03/01/2018;JAN/2018;2018;070025000012018NE000001;PESSOAL ATIVO;FOLHA DE PAGAMENTO DE SERVIDORES ATIVOS REFERENTE AO MES DE MAIO DE 2018 - PA SEI 0002530-93.2018.6.07.8100. DEVOLUCOES.;070025;TRIBUNAL REGIONAL ELEITORAL DO D. FEDERAL;;;;;;;;0,00;(5.229,55);0,00;;;;;;;;;(5.229,55);0,00
14107;TRIBUNAL REGIONAL ELEITORAL DO DIST. FEDERAL;070025;TRIBUNAL REGIONAL ELEITORAL DO D. FEDERAL;02122057020TP0053;20TP;ATIVOS CIVIS DA UNIAO;0000;ATIVOS CIVIS DA UNIAO;084774;FOL SERVID;PESSOAL - FOLHA DE SERVIDORES;0100;RECURSOS ORDINARIOS;1;ORCAMENTO FISCAL;3;DESPESAS CORRENTES;1;PESSOAL E ENCARGOS SOCIAIS;11;VENCIMENTOS E VANTAGENS FIXAS - PESSOAL CIVIL;319011;VENCIMENTOS E VANTAGENS FIXAS - PESSOAL CIVIL;31901145;FERIAS - 1/3 CONSTITUCIONAL;5;GLOBAL;08;NAO SE APLICA;-8;03/01/2018;JAN/2018;2018;070025000012018NE000001;PESSOAL ATIVO;FOLHA DE PAGAMENTO DE SERVIDORES ATIVOS REFERENTE AO MES DE MARCO DE 2018 - PA SEI 0001307-08.2018.6.07.8100;070025;TRIBUNAL REGIONAL ELEITORAL DO D. FEDERAL;;;;;;;;0,00;56.224,10;;;;;;;;;;56.224,10;
14107;TRIBUNAL REGIONAL ELEITORAL DO DIST. FEDERAL;070025;TRIBUNAL REGIONAL ELEITORAL DO D. FEDERAL;02122057020TP0053;20TP;ATIVOS CIVIS DA UNIAO;0000;ATIVOS CIVIS DA UNIAO;084774;FOL SERVID;PESSOAL - FOLHA DE SERVIDORES;0100;RECURSOS ORDINARIOS;1;ORCAMENTO FISCAL;3;DESPESAS CORRENTES;1;PESSOAL E ENCARGOS SOCIAIS;11;VENCIMENTOS E VANTAGENS FIXAS - PESSOAL CIVIL;319011;VENCIMENTOS E VANTAGENS FIXAS - PESSOAL CIVIL;31901145;FERIAS - 1/3 CONSTITUCIONAL;5;GLOBAL;08;NAO SE APLICA;-8;03/01/2018;JAN/2018;2018;070025000012018NE000001;PESSOAL ATIVO;FOLHA DE PAGAMENTO DE SERVIDORES ATIVOS REFERENTE AO MES DE MARCO DE 2018 - PA SEI 0001307-08.2018.6.07.8100.  VALOR DA CEF.;070025;TRIBUNAL REGIONAL ELEITORAL DO D. FEDERAL;;;;;;;;0,00;0,00;56.224,10;;;;;;;;;0,00;56.224,10
14107;TRIBUNAL REGIONAL ELEITORAL DO DIST. FEDERAL;070025;TRIBUNAL REGIONAL ELEITORAL DO D. FEDERAL;02122057020TP0053;20TP;ATIVOS CIVIS DA UNIAO;0000;ATIVOS CIVIS DA UNIAO;084774;FOL SERVID;PESSOAL - FOLHA DE SERVIDORES;0100;RECURSOS ORDINARIOS;1;ORCAMENTO FISCAL;3;DESPESAS CORRENTES;1;PESSOAL E ENCARGOS SOCIAIS;11;VENCIMENTOS E VANTAGENS FIXAS - PESSOAL CIVIL;319011;VENCIMENTOS E VANTAGENS FIXAS - PESSOAL CIVIL;31901145;FERIAS - 1/3 CONSTITUCIONAL;5;GLOBAL;08;NAO SE APLICA;-8;03/01/2018;JAN/2018;2018;070025000012018NE000001;PESSOAL ATIVO;FOLHA DE PAGAMENTO DO MES DE  JANEIRO/2018 DOS SERVIDORES ATIVOS. PA 0000050-45.2018.6.07.8100.;070025;TRIBUNAL REGIONAL ELEITORAL DO D. FEDERAL;;;;;;;;0,00;181.086,34;;;;;;;;;;181.086,34;
14107;TRIBUNAL REGIONAL ELEITORAL DO DIST. FEDERAL;070025;TRIBUNAL REGIONAL ELEITORAL DO D. FEDERAL;02122057020TP0053;20TP;ATIVOS CIVIS DA UNIAO;0000;ATIVOS CIVIS DA UNIAO;084774;FOL SERVID;PESSOAL - FOLHA DE SERVIDORES;0100;RECURSOS ORDINARIOS;1;ORCAMENTO FISCAL;3;DESPESAS CORRENTES;1;PESSOAL E ENCARGOS SOCIAIS;11;VENCIMENTOS E VANTAGENS FIXAS - PESSOAL CIVIL;319011;VENCIMENTOS E VANTAGENS FIXAS - PESSOAL CIVIL;31901145;FERIAS - 1/3 CONSTITUCIONAL;5;GLOBAL;08;NAO SE APLICA;-8;03/01/2018;JAN/2018;2018;070025000012018NE000001;PESSOAL ATIVO;FOLHA DE PAGAMENTO DO MES DE  JANEIRO/2018 DOS SERVIDORES ATIVOS. PA 0000050-45.2018.6.07.8100. APROPRIACAO DE FEÝRIAS ABONO CONSTITUCIOANL;070025;TRIBUNAL REGIONAL ELEITORAL DO D. FEDERAL;;;;;;;;0,00;181.088,34;;;;;;;;;;181.088,34;
14107;TRIBUNAL REGIONAL ELEITORAL DO DIST. FEDERAL;070025;TRIBUNAL REGIONAL ELEITORAL DO D. FEDERAL;02122057020TP0053;20TP;ATIVOS CIVIS DA UNIAO;0000;ATIVOS CIVIS DA UNIAO;084774;FOL SERVID;PESSOAL - FOLHA DE SERVIDORES;0100;RECURSOS ORDINARIOS;1;ORCAMENTO FISCAL;3;DESPESAS CORRENTES;1;PESSOAL E ENCARGOS SOCIAIS;11;VENCIMENTOS E VANTAGENS FIXAS - PESSOAL CIVIL;319011;VENCIMENTOS E VANTAGENS FIXAS - PESSOAL CIVIL;31901145;FERIAS - 1/3 CONSTITUCIONAL;5;GLOBAL;08;NAO SE APLICA;-8;03/01/2018;JAN/2018;2018;070025000012018NE000001;PESSOAL ATIVO;FOLHA DE PAGAMENTO DO MES DE  JANEIRO/2018 DOS SERVIDORES ATIVOS. PA 0000050-45.2018.6.07.8100. CANCELAMENTOS PARA ACERTO DE ERRO DE APROPRIACAO;070025;TRIBUNAL REGIONAL ELEITORAL DO D. FEDERAL;;;;;;;;0,00;(181.086,34);;;;;;;;;;(181.086,34);
14107;TRIBUNAL REGIONAL ELEITORAL DO DIST. FEDERAL;070025;TRIBUNAL REGIONAL ELEITORAL DO D. FEDERAL;02122057020TP0053;20TP;ATIVOS CIVIS DA UNIAO;0000;ATIVOS CIVIS DA UNIAO;084774;FOL SERVID;PESSOAL - FOLHA DE SERVIDORES;0100;RECURSOS ORDINARIOS;1;ORCAMENTO FISCAL;3;DESPESAS CORRENTES;1;PESSOAL E ENCARGOS SOCIAIS;11;VENCIMENTOS E VANTAGENS FIXAS - PESSOAL CIVIL;319011;VENCIMENTOS E VANTAGENS FIXAS - PESSOAL CIVIL;31901145;FERIAS - 1/3 CONSTITUCIONAL;5;GLOBAL;08;NAO SE APLICA;-8;03/01/2018;JAN/2018;2018;070025000012018NE000001;PESSOAL ATIVO;FOLHA DE PAGAMENTO DO MES DE  JANEIRO/2018 DOS SERVIDORES ATIVOS. PA 0000050-45.2018.6.07.8100.APROPRIACAO DE FERIAS ABONO CONSTITUCIONAL;070025;TRIBUNAL REGIONAL ELEITORAL DO D. FEDERAL;;;;;;;;0,00;181.086,34;;;;;;;;;;181.086,34;
14107;TRIBUNAL REGIONAL ELEITORAL DO DIST. FEDERAL;070025;TRIBUNAL REGIONAL ELEITORAL DO D. FEDERAL;02122057020TP0053;20TP;ATIVOS CIVIS DA UNIAO;0000;ATIVOS CIVIS DA UNIAO;084774;FOL SERVID;PESSOAL - FOLHA DE SERVIDORES;0100;RECURSOS ORDINARIOS;1;ORCAMENTO FISCAL;3;DESPESAS CORRENTES;1;PESSOAL E ENCARGOS SOCIAIS;11;VENCIMENTOS E VANTAGENS FIXAS - PESSOAL CIVIL;319011;VENCIMENTOS E VANTAGENS FIXAS - PESSOAL CIVIL;31901145;FERIAS - 1/3 CONSTITUCIONAL;5;GLOBAL;08;NAO SE APLICA;-8;03/01/2018;JAN/2018;2018;070025000012018NE000001;PESSOAL ATIVO;FOLHA DE PAGAMENTO DO MES DE  JANEIRO/2018 DOS SERVIDORES ATIVOS. PA 0000050-45.2018.6.07.8100.CANCELAMENTO PARA ACERTO DE VALOR;070025;TRIBUNAL REGIONAL ELEITORAL DO D. FEDERAL;;;;;;;;0,00;(362.174,68);;;;;;;;;;(362.174,68);
14107;TRIBUNAL REGIONAL ELEITORAL DO DIST. FEDERAL;070025;TRIBUNAL REGIONAL ELEITORAL DO D. FEDERAL;02122057020TP0053;20TP;ATIVOS CIVIS DA UNIAO;0000;ATIVOS CIVIS DA UNIAO;084774;FOL SERVID;PESSOAL - FOLHA DE SERVIDORES;0100;RECURSOS ORDINARIOS;1;ORCAMENTO FISCAL;3;DESPESAS CORRENTES;1;PESSOAL E ENCARGOS SOCIAIS;11;VENCIMENTOS E VANTAGENS FIXAS - PESSOAL CIVIL;319011;VENCIMENTOS E VANTAGENS FIXAS - PESSOAL CIVIL;31901145;FERIAS - 1/3 CONSTITUCIONAL;5;GLOBAL;08;NAO SE APLICA;-8;03/01/2018;JAN/2018;2018;070025000012018NE000001;PESSOAL ATIVO;FOLHA DE PAGAMENTO SUPLEMENTAR N 03 DE MARCO/2018, REFERENTE AS FERIAS DO SERVIDOR JOSE FERNANDO VALIM BATELLI. DADOS BANCARIOS (BANCO DO BRASIL).;070025;TRIBUNAL REGIONAL ELEITORAL DO D. FEDERAL;;;;;;;;0,00;0,00;4.831,42;;;;;;;;;0,00;4.831,42
14107;TRIBUNAL REGIONAL ELEITORAL DO DIST. FEDERAL;070025;TRIBUNAL REGIONAL ELEITORAL DO D. FEDERAL;02122057020TP0053;20TP;ATIVOS CIVIS DA UNIAO;0000;ATIVOS CIVIS DA UNIAO;084774;FOL SERVID;PESSOAL - FOLHA DE SERVIDORES;0100;RECURSOS ORDINARIOS;1;ORCAMENTO FISCAL;3;DESPESAS CORRENTES;1;PESSOAL E ENCARGOS SOCIAIS;11;VENCIMENTOS E VANTAGENS FIXAS - PESSOAL CIVIL;319011;VENCIMENTOS E VANTAGENS FIXAS - PESSOAL CIVIL;31901145;FERIAS - 1/3 CONSTITUCIONAL;5;GLOBAL;08;NAO SE APLICA;-8;03/01/2018;JAN/2018;2018;070025000012018NE000001;PESSOAL ATIVO;FOLHA DE PAGAMENTO SUPLEMENTAR N 03 DE MARCO/2018, REFERENTE AS FERIAS DO SERVIDOR JOSE FERNANDO VALIM BATELLI. DEDUCOES IRRF.;070025;TRIBUNAL REGIONAL ELEITORAL DO D. FEDERAL;;;;;;;;0,00;0,00;2.540,83;;;;;;;;;0,00;2.540,83
14107;TRIBUNAL REGIONAL ELEITORAL DO DIST. FEDERAL;070025;TRIBUNAL REGIONAL ELEITORAL DO D. FEDERAL;02122057020TP0053;20TP;ATIVOS CIVIS DA UNIAO;0000;ATIVOS CIVIS DA UNIAO;084774;FOL SERVID;PESSOAL - FOLHA DE SERVIDORES;0100;RECURSOS ORDINARIOS;1;ORCAMENTO FISCAL;3;DESPESAS CORRENTES;1;PESSOAL E ENCARGOS SOCIAIS;11;VENCIMENTOS E VANTAGENS FIXAS - PESSOAL CIVIL;319011;VENCIMENTOS E VANTAGENS FIXAS - PESSOAL CIVIL;31901145;FERIAS - 1/3 CONSTITUCIONAL;5;GLOBAL;08;NAO SE APLICA;-8;03/01/2018;JAN/2018;2018;070025000012018NE000001;PESSOAL ATIVO;FOLHA DE PAGAMENTO SUPLEMENTAR Nº 02 DE ABRIL/2018, REFERENTE AS FERIAS DO SERVIDOR PEDRO IVO MENDES GONZAGA NEIVA,  PA 0001837-12.2018.6.07.8100.;070025;TRIBUNAL REGIONAL ELEITORAL DO D. FEDERAL;;;;;;;;0,00;4.693,20;;;;;;;;;;4.693,20;
14107;TRIBUNAL REGIONAL ELEITORAL DO DIST. FEDERAL;070025;TRIBUNAL REGIONAL ELEITORAL DO D. FEDERAL;02122057020TP0053;20TP;ATIVOS CIVIS DA UNIAO;0000;ATIVOS CIVIS DA UNIAO;084774;FOL SERVID;PESSOAL - FOLHA DE SERVIDORES;0100;RECURSOS ORDINARIOS;1;ORCAMENTO FISCAL;3;DESPESAS CORRENTES;1;PESSOAL E ENCARGOS SOCIAIS;11;VENCIMENTOS E VANTAGENS FIXAS - PESSOAL CIVIL;319011;VENCIMENTOS E VANTAGENS FIXAS - PESSOAL CIVIL;31901145;FERIAS - 1/3 CONSTITUCIONAL;5;GLOBAL;08;NAO SE APLICA;-8;03/01/2018;JAN/2018;2018;070025000012018NE000001;PESSOAL ATIVO;FOLHA DE PAGAMENTO SUPLEMENTAR Nº 02 DE ABRIL/2018, REFERENTE AS FERIAS DO SERVIDOR PEDRO IVO MENDES GONZAGA NEIVA, PA 0001837-12.2018.6.07.8100. DADOS BANCARIOS (BANCO DO BRASIL).;070025;TRIBUNAL REGIONAL ELEITORAL DO D. FEDERAL;;;;;;;;0,00;0,00;4.271,93;;;;;;;;;0,00;4.271,93
14107;TRIBUNAL REGIONAL ELEITORAL DO DIST. FEDERAL;070025;TRIBUNAL REGIONAL ELEITORAL DO D. FEDERAL;02122057020TP0053;20TP;ATIVOS CIVIS DA UNIAO;0000;ATIVOS CIVIS DA UNIAO;084774;FOL SERVID;PESSOAL - FOLHA DE SERVIDORES;0100;RECURSOS ORDINARIOS;1;ORCAMENTO FISCAL;3;DESPESAS CORRENTES;1;PESSOAL E ENCARGOS SOCIAIS;11;VENCIMENTOS E VANTAGENS FIXAS - PESSOAL CIVIL;319011;VENCIMENTOS E VANTAGENS FIXAS - PESSOAL CIVIL;31901145;FERIAS - 1/3 CONSTITUCIONAL;5;GLOBAL;08;NAO SE APLICA;-8;03/01/2018;JAN/2018;2018;070025000012018NE000001;PESSOAL ATIVO;FOLHA DE PAGAMENTO SUPLEMENTAR Nº 02 DE ABRIL/2018, REFERENTE AS FERIAS DO SERVIDOR PEDRO IVO MENDES GONZAGA NEIVA, PA 0001837-12.2018.6.07.8100.DEDUCOES (IRRF).;070025;TRIBUNAL REGIONAL ELEITORAL DO D. FEDERAL;;;;;;;;0,00;0,00;1.079,04;;;;;;;;;0,00;1.079,04
14107;TRIBUNAL REGIONAL ELEITORAL DO DIST. FEDERAL;070025;TRIBUNAL REGIONAL ELEITORAL DO D. FEDERAL;02122057020TP0053;20TP;ATIVOS CIVIS DA UNIAO;0000;ATIVOS CIVIS DA UNIAO;084774;FOL SERVID;PESSOAL - FOLHA DE SERVIDORES;0100;RECURSOS ORDINARIOS;1;ORCAMENTO FISCAL;3;DESPESAS CORRENTES;1;PESSOAL E ENCARGOS SOCIAIS;11;VENCIMENTOS E VANTAGENS FIXAS - PESSOAL CIVIL;319011;VENCIMENTOS E VANTAGENS FIXAS - PESSOAL CIVIL;31901145;FERIAS - 1/3 CONSTITUCIONAL;5;GLOBAL;08;NAO SE APLICA;-8;03/01/2018;JAN/2018;2018;070025000012018NE000001;PESSOAL ATIVO;FOLHA DE PAGAMENTO SUPLEMENTAR Nº 03 DE JANEIRO/2018, REFERENTE AS FERIAS DA SERVIDORA KARINA VALLIM RIBEIRO. PA 0000242-75.2018.6.07.8100.;070025;TRIBUNAL REGIONAL ELEITORAL DO D. FEDERAL;;;;;;;;0,00;3.556,56;;;;;;;;;;3.556,56;
14107;TRIBUNAL REGIONAL ELEITORAL DO DIST. FEDERAL;070025;TRIBUNAL REGIONAL ELEITORAL DO D. FEDERAL;02122057020TP0053;20TP;ATIVOS CIVIS DA UNIAO;0000;ATIVOS CIVIS DA UNIAO;084774;FOL SERVID;PESSOAL - FOLHA DE SERVIDORES;0100;RECURSOS ORDINARIOS;1;ORCAMENTO FISCAL;3;DESPESAS CORRENTES;1;PESSOAL E ENCARGOS SOCIAIS;11;VENCIMENTOS E VANTAGENS FIXAS - PESSOAL CIVIL;319011;VENCIMENTOS E VANTAGENS FIXAS - PESSOAL CIVIL;31901145;FERIAS - 1/3 CONSTITUCIONAL;5;GLOBAL;08;NAO SE APLICA;-8;03/01/2018;JAN/2018;2018;070025000012018NE000001;PESSOAL ATIVO;FOLHA DE PAGAMENTO SUPLEMENTAR Nº 03 DE JANEIRO/2018, REFERENTE AS FERIAS DA SERVIDORA KARINA VALLIM RIBEIRO. PA 0000242-75.2018.6.07.8100.DADOS BANCARIOS;070025;TRIBUNAL REGIONAL ELEITORAL DO D. FEDERAL;;;;;;;;0,00;0,00;3.406,32;;;;;;;;;0,00;3.406,32
14107;TRIBUNAL REGIONAL ELEITORAL DO DIST. FEDERAL;070025;TRIBUNAL REGIONAL ELEITORAL DO D. FEDERAL;02122057020TP0053;20TP;ATIVOS CIVIS DA UNIAO;0000;ATIVOS CIVIS DA UNIAO;084774;FOL SERVID;PESSOAL - FOLHA DE SERVIDORES;0100;RECURSOS ORDINARIOS;1;ORCAMENTO FISCAL;3;DESPESAS CORRENTES;1;PESSOAL E ENCARGOS SOCIAIS;11;VENCIMENTOS E VANTAGENS FIXAS - PESSOAL CIVIL;319011;VENCIMENTOS E VANTAGENS FIXAS - PESSOAL CIVIL;31901145;FERIAS - 1/3 CONSTITUCIONAL;5;GLOBAL;08;NAO SE APLICA;-8;03/01/2018;JAN/2018;2018;070025000012018NE000001;PESSOAL ATIVO;FOLHA DE PAGAMENTO SUPLEMENTAR Nº 03 DE JANEIRO/2018, REFERENTE AS FERIAS DA SERVIDORA KARINA VALLIM RIBEIRO. PA 0000242-75.2018.6.07.8100.IRRF;070025;TRIBUNAL REGIONAL ELEITORAL DO D. FEDERAL;;;;;;;;0,00;0,00;150,24;;;;;;;;;0,00;150,24
14107;TRIBUNAL REGIONAL ELEITORAL DO DIST. FEDERAL;070025;TRIBUNAL REGIONAL ELEITORAL DO D. FEDERAL;02122057020TP0053;20TP;ATIVOS CIVIS DA UNIAO;0000;ATIVOS CIVIS DA UNIAO;084774;FOL SERVID;PESSOAL - FOLHA DE SERVIDORES;0100;RECURSOS ORDINARIOS;1;ORCAMENTO FISCAL;3;DESPESAS CORRENTES;1;PESSOAL E ENCARGOS SOCIAIS;11;VENCIMENTOS E VANTAGENS FIXAS - PESSOAL CIVIL;319011;VENCIMENTOS E VANTAGENS FIXAS - PESSOAL CIVIL;31901145;FERIAS - 1/3 CONSTITUCIONAL;5;GLOBAL;08;NAO SE APLICA;-8;03/01/2018;JAN/2018;2018;070025000012018NE000001;PESSOAL ATIVO;FOLHA DE PAGAMENTO SUPLEMENTAR Nº 03 DE MARCO/2018, REFERENTE AS FERIAS DO SERVIDOR JOSE FERNANDO VALIM BATELLI. PA 0001151-20.2018.6.07.8100.;070025;TRIBUNAL REGIONAL ELEITORAL DO D. FEDERAL;;;;;;;;0,00;10.929,82;;;;;;;;;;10.929,82;
14107;TRIBUNAL REGIONAL ELEITORAL DO DIST. FEDERAL;070025;TRIBUNAL REGIONAL ELEITORAL DO D. FEDERAL;02122057020TP0053;20TP;ATIVOS CIVIS DA UNIAO;0000;ATIVOS CIVIS DA UNIAO;084774;FOL SERVID;PESSOAL - FOLHA DE SERVIDORES;0100;RECURSOS ORDINARIOS;1;ORCAMENTO FISCAL;3;DESPESAS CORRENTES;1;PESSOAL E ENCARGOS SOCIAIS;11;VENCIMENTOS E VANTAGENS FIXAS - PESSOAL CIVIL;319011;VENCIMENTOS E VANTAGENS FIXAS - PESSOAL CIVIL;31901145;FERIAS - 1/3 CONSTITUCIONAL;5;GLOBAL;08;NAO SE APLICA;-8;03/01/2018;JAN/2018;2018;070025000012018NE000001;PESSOAL ATIVO;FOLHA DE PAGAMENTO SUPLEMENTAR Nº 05 DE ABRIL/2018, REFERENTE AS FERIAS DA SERVIDORA DENISE MIRANDA MATOS,  PA 0002295-29.2018.6.07.8100.;070025;TRIBUNAL REGIONAL ELEITORAL DO D. FEDERAL;;;;;;;;0,00;5.553,21;5.553,21;;;;;;;;;5.553,21;5.553,21
14107;TRIBUNAL REGIONAL ELEITORAL DO DIST. FEDERAL;070025;TRIBUNAL REGIONAL ELEITORAL DO D. FEDERAL;02122057020TP0053;20TP;ATIVOS CIVIS DA UNIAO;0000;ATIVOS CIVIS DA UNIAO;084774;FOL SERVID;PESSOAL - FOLHA DE SERVIDORES;0100;RECURSOS ORDINARIOS;1;ORCAMENTO FISCAL;3;DESPESAS CORRENTES;1;PESSOAL E ENCARGOS SOCIAIS;11;VENCIMENTOS E VANTAGENS FIXAS - PESSOAL CIVIL;319011;VENCIMENTOS E VANTAGENS FIXAS - PESSOAL CIVIL;31901145;FERIAS - 1/3 CONSTITUCIONAL;5;GLOBAL;08;NAO SE APLICA;-8;03/01/2018;JAN/2018;2018;070025000012018NE000001;PESSOAL ATIVO;FOLHA DE PAGAMENTO SUPLEMENTAR Nº 05 DE JANEIRO/2018, REFERENTE AS FERIAS DO SERVIDOR CARLOS ALBERTO CAVALCANTI RIBEIRO. PA 0000455-81.2018.6.07.8100.;070025;TRIBUNAL REGIONAL ELEITORAL DO D. FEDERAL;;;;;;;;0,00;339,72;679,44;;;;;;;;;339,72;679,44
14107;TRIBUNAL REGIONAL ELEITORAL DO DIST. FEDERAL;070025;TRIBUNAL REGIONAL ELEITORAL DO D. FEDERAL;02122057020TP0053;20TP;ATIVOS CIVIS DA UNIAO;0000;ATIVOS CIVIS DA UNIAO;084774;FOL SERVID;PESSOAL - FOLHA DE SERVIDORES;0100;RECURSOS ORDINARIOS;1;ORCAMENTO FISCAL;3;DESPESAS CORRENTES;1;PESSOAL E ENCARGOS SOCIAIS;11;VENCIMENTOS E VANTAGENS FIXAS - PESSOAL CIVIL;319011;VENCIMENTOS E VANTAGENS FIXAS - PESSOAL CIVIL;31901145;FERIAS - 1/3 CONSTITUCIONAL;5;GLOBAL;08;NAO SE APLICA;-8;03/01/2018;JAN/2018;2018;070025000012018NE000001;PESSOAL ATIVO;FOLHA DE PAGAMENTO SUPLEMENTAR Nº 07 DE FEVEREIRO/2018, REFERENTE AS FERIAS DA SERVIDORA CAMILA KINOSHITA. PA 0000862-87.2018.6.07.8100;070025;TRIBUNAL REGIONAL ELEITORAL DO D. FEDERAL;;;;;;;;0,00;3.765,59;;;;;;;;;;3.765,59;
14107;TRIBUNAL REGIONAL ELEITORAL DO DIST. FEDERAL;070025;TRIBUNAL REGIONAL ELEITORAL DO D. FEDERAL;02122057020TP0053;20TP;ATIVOS CIVIS DA UNIAO;0000;ATIVOS CIVIS DA UNIAO;084774;FOL SERVID;PESSOAL - FOLHA DE SERVIDORES;0100;RECURSOS ORDINARIOS;1;ORCAMENTO FISCAL;3;DESPESAS CORRENTES;1;PESSOAL E ENCARGOS SOCIAIS;11;VENCIMENTOS E VANTAGENS FIXAS - PESSOAL CIVIL;319011;VENCIMENTOS E VANTAGENS FIXAS - PESSOAL CIVIL;31901145;FERIAS - 1/3 CONSTITUCIONAL;5;GLOBAL;08;NAO SE APLICA;-8;03/01/2018;JAN/2018;2018;070025000012018NE000001;PESSOAL ATIVO;FOLHA DE PAGAMENTO SUPLEMENTAR Nº 07 DE FEVEREIRO/2018, REFERENTE AS FERIAS DA SERVIDORA CAMILA KINOSHITA. PA 0000862-87.2018.6.07.8100. DADOS BANCARIOS;070025;TRIBUNAL REGIONAL ELEITORAL DO D. FEDERAL;;;;;;;;0,00;0,00;3.554,46;;;;;;;;;0,00;3.554,46
14107;TRIBUNAL REGIONAL ELEITORAL DO DIST. FEDERAL;070025;TRIBUNAL REGIONAL ELEITORAL DO D. FEDERAL;02122057020TP0053;20TP;ATIVOS CIVIS DA UNIAO;0000;ATIVOS CIVIS DA UNIAO;084774;FOL SERVID;PESSOAL - FOLHA DE SERVIDORES;0100;RECURSOS ORDINARIOS;1;ORCAMENTO FISCAL;3;DESPESAS CORRENTES;1;PESSOAL E ENCARGOS SOCIAIS;11;VENCIMENTOS E VANTAGENS FIXAS - PESSOAL CIVIL;319011;VENCIMENTOS E VANTAGENS FIXAS - PESSOAL CIVIL;31901145;FERIAS - 1/3 CONSTITUCIONAL;5;GLOBAL;08;NAO SE APLICA;-8;03/01/2018;JAN/2018;2018;070025000012018NE000001;PESSOAL ATIVO;FOLHA DE PAGAMENTO SUPLEMENTAR Nº 07 DE FEVEREIRO/2018, REFERENTE AS FERIAS DA SERVIDORA CAMILA KINOSHITA. PA 0000862-87.2018.6.07.8100. RECOLHIMENTO DE IRRF;070025;TRIBUNAL REGIONAL ELEITORAL DO D. FEDERAL;;;;;;;;0,00;0,00;211,13;;;;;;;;;0,00;211,13
14107;TRIBUNAL REGIONAL ELEITORAL DO DIST. FEDERAL;070025;TRIBUNAL REGIONAL ELEITORAL DO D. FEDERAL;02122057020TP0053;20TP;ATIVOS CIVIS DA UNIAO;0000;ATIVOS CIVIS DA UNIAO;084774;FOL SERVID;PESSOAL - FOLHA DE SERVIDORES;0100;RECURSOS ORDINARIOS;1;ORCAMENTO FISCAL;3;DESPESAS CORRENTES;1;PESSOAL E ENCARGOS SOCIAIS;11;VENCIMENTOS E VANTAGENS FIXAS - PESSOAL CIVIL;319011;VENCIMENTOS E VANTAGENS FIXAS - PESSOAL CIVIL;31901145;FERIAS - 1/3 CONSTITUCIONAL;5;GLOBAL;08;NAO SE APLICA;-8;03/01/2018;JAN/2018;2018;070025000012018NE000001;PESSOAL ATIVO;FOLHA DE PAGAMENTO SUPLEMENTAR Nº 07 DO CORRENTE MES, REFERENTE AS FERIAS DA SERVIDORA RAQUEL SOARES BUGARIN ARAUJO. PA 0001151-20.2018.6.07.8100.;070025;TRIBUNAL REGIONAL ELEITORAL DO D. FEDERAL;;;;;;;;0,00;7.434,99;6.259,73;;;;;;;;;7.434,99;6.259,73
14107;TRIBUNAL REGIONAL ELEITORAL DO DIST. FEDERAL;070025;TRIBUNAL REGIONAL ELEITORAL DO D. FEDERAL;02122057020TP0053;20TP;ATIVOS CIVIS DA UNIAO;0000;ATIVOS CIVIS DA UNIAO;084774;FOL SERVID;PESSOAL - FOLHA DE SERVIDORES;0100;RECURSOS ORDINARIOS;1;ORCAMENTO FISCAL;3;DESPESAS CORRENTES;1;PESSOAL E ENCARGOS SOCIAIS;11;VENCIMENTOS E VANTAGENS FIXAS - PESSOAL CIVIL;319011;VENCIMENTOS E VANTAGENS FIXAS - PESSOAL CIVIL;31901145;FERIAS - 1/3 CONSTITUCIONAL;5;GLOBAL;08;NAO SE APLICA;-8;03/01/2018;JAN/2018;2018;070025000012018NE000001;PESSOAL ATIVO;FOLHA DE PAGAMENTO SUPLEMENTAR Nº 08 DO CORRENTE MES, REFERENTE AS FERIAS DA SERVIDORA PAULA CRISTINA ROTHENBURG DE SA TIMM;070025;TRIBUNAL REGIONAL ELEITORAL DO D. FEDERAL;;;;;;;;0,00;0,00;5.660,11;;;;;;;;;0,00;5.660,11
14107;TRIBUNAL REGIONAL ELEITORAL DO DIST. FEDERAL;070025;TRIBUNAL REGIONAL ELEITORAL DO D. FEDERAL;02122057020TP0053;20TP;ATIVOS CIVIS DA UNIAO;0000;ATIVOS CIVIS DA UNIAO;084774;FOL SERVID;PESSOAL - FOLHA DE SERVIDORES;0100;RECURSOS ORDINARIOS;1;ORCAMENTO FISCAL;3;DESPESAS CORRENTES;1;PESSOAL E ENCARGOS SOCIAIS;11;VENCIMENTOS E VANTAGENS FIXAS - PESSOAL CIVIL;319011;VENCIMENTOS E VANTAGENS FIXAS - PESSOAL CIVIL;31901145;FERIAS - 1/3 CONSTITUCIONAL;5;GLOBAL;08;NAO SE APLICA;-8;03/01/2018;JAN/2018;2018;070025000012018NE000001;PESSOAL ATIVO;FOLHA DE PAGAMENTO SUPLEMENTAR Nº 08 DO CORRENTE MES, REFERENTE AS FERIAS DA SERVIDORA PAULA CRISTINA ROTHENBURG DE SA TIMM,  PA 0001671-77..2018.6.07.8100.;070025;TRIBUNAL REGIONAL ELEITORAL DO D. FEDERAL;;;;;;;;0,00;6.392,19;;;;;;;;;;6.392,19;
14107;TRIBUNAL REGIONAL ELEITORAL DO DIST. FEDERAL;070025;TRIBUNAL REGIONAL ELEITORAL DO D. FEDERAL;02122057020TP0053;20TP;ATIVOS CIVIS DA UNIAO;0000;ATIVOS CIVIS DA UNIAO;084774;FOL SERVID;PESSOAL - FOLHA DE SERVIDORES;0100;RECURSOS ORDINARIOS;1;ORCAMENTO FISCAL;3;DESPESAS CORRENTES;1;PESSOAL E ENCARGOS SOCIAIS;11;VENCIMENTOS E VANTAGENS FIXAS - PESSOAL CIVIL;319011;VENCIMENTOS E VANTAGENS FIXAS - PESSOAL CIVIL;31901145;FERIAS - 1/3 CONSTITUCIONAL;5;GLOBAL;08;NAO SE APLICA;-8;03/01/2018;JAN/2018;2018;070025000012018NE000001;PESSOAL ATIVO;INEXISTENCIA DE AUTORIZACAO PARA PAGAMENTO POR PARTE DO                       ORDENADOR DE DESPESA E/OU GESTOR FINANCEIRO DA UNIDADE;070025;TRIBUNAL REGIONAL ELEITORAL DO D. FEDERAL;;;;;;;;0,00;0,00;(339,72);;;;;;;;;0,00;(339,72)
14107;TRIBUNAL REGIONAL ELEITORAL DO DIST. FEDERAL;070025;TRIBUNAL REGIONAL ELEITORAL DO D. FEDERAL;02122057020TP0053;20TP;ATIVOS CIVIS DA UNIAO;0000;ATIVOS CIVIS DA UNIAO;084774;FOL SERVID;PESSOAL - FOLHA DE SERVIDORES;0100;RECURSOS ORDINARIOS;1;ORCAMENTO FISCAL;3;DESPESAS CORRENTES;1;PESSOAL E ENCARGOS SOCIAIS;11;VENCIMENTOS E VANTAGENS FIXAS - PESSOAL CIVIL;319011;VENCIMENTOS E VANTAGENS FIXAS - PESSOAL CIVIL;31901145;FERIAS - 1/3 CONSTITUCIONAL;5;GLOBAL;08;NAO SE APLICA;-8;03/01/2018;JAN/2018;2018;070025000012018NE000001;PESSOAL ATIVO;INFORMAMOS A VOSSA SENHORIA QUE ELABORAMOS A FOLHA DE PAGAMENTO SUPLEMENTAR Nº 05 DO CORRENTE MES, REFERENTE AS FERIAS DA SERVIDORA NEURENE MOREIRA DE ALMEIDA CARVALHO.   PA SEI 0000752-88.2018.6.07.8100.;070025;TRIBUNAL REGIONAL ELEITORAL DO D. FEDERAL;;;;;;;;0,00;0,00;395,02;;;;;;;;;0,00;395,02
14107;TRIBUNAL REGIONAL ELEITORAL DO DIST. FEDERAL;070025;TRIBUNAL REGIONAL ELEITORAL DO D. FEDERAL;02122057020TP0053;20TP;ATIVOS CIVIS DA UNIAO;0000;ATIVOS CIVIS DA UNIAO;084774;FOL SERVID;PESSOAL - FOLHA DE SERVIDORES;0100;RECURSOS ORDINARIOS;1;ORCAMENTO FISCAL;3;DESPESAS CORRENTES;1;PESSOAL E ENCARGOS SOCIAIS;11;VENCIMENTOS E VANTAGENS FIXAS - PESSOAL CIVIL;319011;VENCIMENTOS E VANTAGENS FIXAS - PESSOAL CIVIL;31901145;FERIAS - 1/3 CONSTITUCIONAL;5;GLOBAL;08;NAO SE APLICA;-8;03/01/2018;JAN/2018;2018;070025000012018NE000001;PESSOAL ATIVO;INFORMAMOS A VOSSA SENHORIA QUE ELABORAMOS A FOLHA DE PAGAMENTO SUPLEMENTAR Nº 05 DO CORRENTE MES, REFERENTE AS FERIAS DA SERVIDORA NEURENE MOREIRA DE ALMEIDA CARVALHO.  ŽPA SEI 0000752-88.2018.6.07.8100.;070025;TRIBUNAL REGIONAL ELEITORAL DO D. FEDERAL;;;;;;;;0,00;395,02;;;;;;;;;;395,02;
14107;TRIBUNAL REGIONAL ELEITORAL DO DIST. FEDERAL;070025;TRIBUNAL REGIONAL ELEITORAL DO D. FEDERAL;02122057020TP0053;20TP;ATIVOS CIVIS DA UNIAO;0000;ATIVOS CIVIS DA UNIAO;084774;FOL SERVID;PESSOAL - FOLHA DE SERVIDORES;0100;RECURSOS ORDINARIOS;1;ORCAMENTO FISCAL;3;DESPESAS CORRENTES;1;PESSOAL E ENCARGOS SOCIAIS;11;VENCIMENTOS E VANTAGENS FIXAS - PESSOAL CIVIL;319011;VENCIMENTOS E VANTAGENS FIXAS - PESSOAL CIVIL;31901145;FERIAS - 1/3 CONSTITUCIONAL;5;GLOBAL;08;NAO SE APLICA;-8;03/01/2018;JAN/2018;2018;070025000012018NE000001;PESSOAL ATIVO;REGISTRO DA DEPRECIACAO DOS BENS MOVEIS, REF. AO MES DE FEVEREIRO DE 2018, CONFORME RELATORIOS ENCAMINHADOS PELA SEBEP. PA SEI 0000649-18.2017.6.07.8100. ŽCANCELAMENTO DA FL 21, LANCAMENTO EM DUPLICIDADE.;070025;TRIBUNAL REGIONAL ELEITORAL DO D. FEDERAL;;;;;;;;0,00;(5.464,91);;;;;;;;;;(5.464,91);
14107;TRIBUNAL REGIONAL ELEITORAL DO DIST. FEDERAL;070025;TRIBUNAL REGIONAL ELEITORAL DO D. FEDERAL;02122057020TP0053;20TP;ATIVOS CIVIS DA UNIAO;0000;ATIVOS CIVIS DA UNIAO;084774;FOL SERVID;PESSOAL - FOLHA DE SERVIDORES;0100;RECURSOS ORDINARIOS;1;ORCAMENTO FISCAL;3;DESPESAS CORRENTES;1;PESSOAL E ENCARGOS SOCIAIS;11;VENCIMENTOS E VANTAGENS FIXAS - PESSOAL CIVIL;319011;VENCIMENTOS E VANTAGENS FIXAS - PESSOAL CIVIL;31901146;FERIAS - PAGAMENTO ANTECIPADO;5;GLOBAL;08;NAO SE APLICA;-8;03/01/2018;JAN/2018;2018;070025000012018NE000001;PESSOAL ATIVO;2018NECT - VENCIMENTOS E VANTAGENS FIXAS - PESSOAL ATIVO. EXERCICIO 2018.;070025;TRIBUNAL REGIONAL ELEITORAL DO D. FEDERAL;;;;;;;;100.000,00;;;;;;;;;;;;
14107;TRIBUNAL REGIONAL ELEITORAL DO DIST. FEDERAL;070025;TRIBUNAL REGIONAL ELEITORAL DO D. FEDERAL;02122057020TP0053;20TP;ATIVOS CIVIS DA UNIAO;0000;ATIVOS CIVIS DA UNIAO;084774;FOL SERVID;PESSOAL - FOLHA DE SERVIDORES;0100;RECURSOS ORDINARIOS;1;ORCAMENTO FISCAL;3;DESPESAS CORRENTES;1;PESSOAL E ENCARGOS SOCIAIS;11;VENCIMENTOS E VANTAGENS FIXAS - PESSOAL CIVIL;319011;VENCIMENTOS E VANTAGENS FIXAS - PESSOAL CIVIL;31901146;FERIAS - PAGAMENTO ANTECIPADO;5;GLOBAL;08;NAO SE APLICA;-8;03/01/2018;JAN/2018;2018;070025000012018NE000001;PESSOAL ATIVO;FOLHA DE PAGAMENTO DE SERVIDORES ATIVOS REFERENTE AO MES DE ABRIL DE 2018 - PA SEI 0001951-48.2018.6.07.8100;070025;TRIBUNAL REGIONAL ELEITORAL DO D. FEDERAL;;;;;;;;0,00;11.833,70;;;;;;;;;;11.833,70;
14107;TRIBUNAL REGIONAL ELEITORAL DO DIST. FEDERAL;070025;TRIBUNAL REGIONAL ELEITORAL DO D. FEDERAL;02122057020TP0053;20TP;ATIVOS CIVIS DA UNIAO;0000;ATIVOS CIVIS DA UNIAO;084774;FOL SERVID;PESSOAL - FOLHA DE SERVIDORES;0100;RECURSOS ORDINARIOS;1;ORCAMENTO FISCAL;3;DESPESAS CORRENTES;1;PESSOAL E ENCARGOS SOCIAIS;11;VENCIMENTOS E VANTAGENS FIXAS - PESSOAL CIVIL;319011;VENCIMENTOS E VANTAGENS FIXAS - PESSOAL CIVIL;31901146;FERIAS - PAGAMENTO ANTECIPADO;5;GLOBAL;08;NAO SE APLICA;-8;03/01/2018;JAN/2018;2018;070025000012018NE000001;PESSOAL ATIVO;FOLHA DE PAGAMENTO DE SERVIDORES ATIVOS REFERENTE AO MES DE ABRIL DE 2018 - PA SEI 0001951-48.2018.6.07.8100 ŽDEVOLUCAO VENCIMENTOS E SALARIOS, ANT. DE SALARIO E BENEFICIOS.;070025;TRIBUNAL REGIONAL ELEITORAL DO D. FEDERAL;;;;;;;;0,00;(11.157,72);0,00;;;;;;;;;(11.157,72);0,00
14107;TRIBUNAL REGIONAL ELEITORAL DO DIST. FEDERAL;070025;TRIBUNAL REGIONAL ELEITORAL DO D. FEDERAL;02122057020TP0053;20TP;ATIVOS CIVIS DA UNIAO;0000;ATIVOS CIVIS DA UNIAO;084774;FOL SERVID;PESSOAL - FOLHA DE SERVIDORES;0100;RECURSOS ORDINARIOS;1;ORCAMENTO FISCAL;3;DESPESAS CORRENTES;1;PESSOAL E ENCARGOS SOCIAIS;11;VENCIMENTOS E VANTAGENS FIXAS - PESSOAL CIVIL;319011;VENCIMENTOS E VANTAGENS FIXAS - PESSOAL CIVIL;31901146;FERIAS - PAGAMENTO ANTECIPADO;5;GLOBAL;08;NAO SE APLICA;-8;03/01/2018;JAN/2018;2018;070025000012018NE000001;PESSOAL ATIVO;FOLHA DE PAGAMENTO DE SERVIDORES ATIVOS REFERENTE AO MES DE ABRIL DE 2018 - PA SEI 0001951-48.2018.6.07.8100. DADOS BANCARIOS BANCO DO BRASIL.;070025;TRIBUNAL REGIONAL ELEITORAL DO D. FEDERAL;;;;;;;;0,00;0,00;675,98;;;;;;;;;0,00;675,98
14107;TRIBUNAL REGIONAL ELEITORAL DO DIST. FEDERAL;070025;TRIBUNAL REGIONAL ELEITORAL DO D. FEDERAL;02122057020TP0053;20TP;ATIVOS CIVIS DA UNIAO;0000;ATIVOS CIVIS DA UNIAO;084774;FOL SERVID;PESSOAL - FOLHA DE SERVIDORES;0100;RECURSOS ORDINARIOS;1;ORCAMENTO FISCAL;3;DESPESAS CORRENTES;1;PESSOAL E ENCARGOS SOCIAIS;11;VENCIMENTOS E VANTAGENS FIXAS - PESSOAL CIVIL;319011;VENCIMENTOS E VANTAGENS FIXAS - PESSOAL CIVIL;31901146;FERIAS - PAGAMENTO ANTECIPADO;5;GLOBAL;08;NAO SE APLICA;-8;03/01/2018;JAN/2018;2018;070025000012018NE000001;PESSOAL ATIVO;FOLHA DE PAGAMENTO DE SERVIDORES ATIVOS REFERENTE AO MES DE FEVEREIRO DE 2018 - PA SEI 0000707-84.2018.6.07.8100. DEVOLUCOES;070025;TRIBUNAL REGIONAL ELEITORAL DO D. FEDERAL;;;;;;;;0,00;(34.111,97);(34.111,97);;;;;;;;;(34.111,97);(34.111,97)
14107;TRIBUNAL REGIONAL ELEITORAL DO DIST. FEDERAL;070025;TRIBUNAL REGIONAL ELEITORAL DO D. FEDERAL;02122057020TP0053;20TP;ATIVOS CIVIS DA UNIAO;0000;ATIVOS CIVIS DA UNIAO;084774;FOL SERVID;PESSOAL - FOLHA DE SERVIDORES;0100;RECURSOS ORDINARIOS;1;ORCAMENTO FISCAL;3;DESPESAS CORRENTES;1;PESSOAL E ENCARGOS SOCIAIS;11;VENCIMENTOS E VANTAGENS FIXAS - PESSOAL CIVIL;319011;VENCIMENTOS E VANTAGENS FIXAS - PESSOAL CIVIL;31901146;FERIAS - PAGAMENTO ANTECIPADO;5;GLOBAL;08;NAO SE APLICA;-8;03/01/2018;JAN/2018;2018;070025000012018NE000001;PESSOAL ATIVO;FOLHA DE PAGAMENTO DE SERVIDORES ATIVOS REFERENTE AO MES DE JANEIRO DE 2018 - PA SEI 0000050-45.2018.6.07.8100;070025;TRIBUNAL REGIONAL ELEITORAL DO D. FEDERAL;;;;;;;;0,00;34.111,97;;;;;;;;;;34.111,97;
14107;TRIBUNAL REGIONAL ELEITORAL DO DIST. FEDERAL;070025;TRIBUNAL REGIONAL ELEITORAL DO D. FEDERAL;02122057020TP0053;20TP;ATIVOS CIVIS DA UNIAO;0000;ATIVOS CIVIS DA UNIAO;084774;FOL SERVID;PESSOAL - FOLHA DE SERVIDORES;0100;RECURSOS ORDINARIOS;1;ORCAMENTO FISCAL;3;DESPESAS CORRENTES;1;PESSOAL E ENCARGOS SOCIAIS;11;VENCIMENTOS E VANTAGENS FIXAS - PESSOAL CIVIL;319011;VENCIMENTOS E VANTAGENS FIXAS - PESSOAL CIVIL;31901146;FERIAS - PAGAMENTO ANTECIPADO;5;GLOBAL;08;NAO SE APLICA;-8;03/01/2018;JAN/2018;2018;070025000012018NE000001;PESSOAL ATIVO;FOLHA DE PAGAMENTO DE SERVIDORES ATIVOS REFERENTE AO MES DE JANEIRO DE 2018 - PA SEI 0000050-45.2018.6.07.8100. DADOS BANCARIOS BANCO CEF;070025;TRIBUNAL REGIONAL ELEITORAL DO D. FEDERAL;;;;;;;;0,00;0,00;34.111,97;;;;;;;;;0,00;34.111,97
14107;TRIBUNAL REGIONAL ELEITORAL DO DIST. FEDERAL;070025;TRIBUNAL REGIONAL ELEITORAL DO D. FEDERAL;02122057020TP0053;20TP;ATIVOS CIVIS DA UNIAO;0000;ATIVOS CIVIS DA UNIAO;084774;FOL SERVID;PESSOAL - FOLHA DE SERVIDORES;0100;RECURSOS ORDINARIOS;1;ORCAMENTO FISCAL;3;DESPESAS CORRENTES;1;PESSOAL E ENCARGOS SOCIAIS;11;VENCIMENTOS E VANTAGENS FIXAS - PESSOAL CIVIL;319011;VENCIMENTOS E VANTAGENS FIXAS - PESSOAL CIVIL;31901146;FERIAS - PAGAMENTO ANTECIPADO;5;GLOBAL;08;NAO SE APLICA;-8;03/01/2018;JAN/2018;2018;070025000012018NE000001;PESSOAL ATIVO;FOLHA DE PAGAMENTO DE SERVIDORES ATIVOS REFERENTE AO MES DE MAIO DE 2018 - PA SEI 0002530-93.2018.6.07.8100. DEVOLUCOES.;070025;TRIBUNAL REGIONAL ELEITORAL DO D. FEDERAL;;;;;;;;0,00;(11.833,70);(11.833,70);;;;;;;;;(11.833,70);(11.833,70)
14107;TRIBUNAL REGIONAL ELEITORAL DO DIST. FEDERAL;070025;TRIBUNAL REGIONAL ELEITORAL DO D. FEDERAL;02122057020TP0053;20TP;ATIVOS CIVIS DA UNIAO;0000;ATIVOS CIVIS DA UNIAO;084774;FOL SERVID;PESSOAL - FOLHA DE SERVIDORES;0100;RECURSOS ORDINARIOS;1;ORCAMENTO FISCAL;3;DESPESAS CORRENTES;1;PESSOAL E ENCARGOS SOCIAIS;11;VENCIMENTOS E VANTAGENS FIXAS - PESSOAL CIVIL;319011;VENCIMENTOS E VANTAGENS FIXAS - PESSOAL CIVIL;31901146;FERIAS - PAGAMENTO ANTECIPADO;5;GLOBAL;08;NAO SE APLICA;-8;03/01/2018;JAN/2018;2018;070025000012018NE000001;PESSOAL ATIVO;FOLHA DE PAGAMENTO DE SERVIDORES ATIVOS REFERENTE AO MES DE MARCO DE 2018 - PA SEI 0001307-08.2018.6.07.8100.  VALOR DA CEF.;070025;TRIBUNAL REGIONAL ELEITORAL DO D. FEDERAL;;;;;;;;0,00;0,00;11.157,72;;;;;;;;;0,00;11.157,72
14107;TRIBUNAL REGIONAL ELEITORAL DO DIST. FEDERAL;070025;TRIBUNAL REGIONAL ELEITORAL DO D. FEDERAL;02122057020TP0053;20TP;ATIVOS CIVIS DA UNIAO;0000;ATIVOS CIVIS DA UNIAO;084774;FOL SERVID;PESSOAL - FOLHA DE SERVIDORES;0100;RECURSOS ORDINARIOS;1;ORCAMENTO FISCAL;3;DESPESAS CORRENTES;1;PESSOAL E ENCARGOS SOCIAIS;11;VENCIMENTOS E VANTAGENS FIXAS - PESSOAL CIVIL;319011;VENCIMENTOS E VANTAGENS FIXAS - PESSOAL CIVIL;31901146;FERIAS - PAGAMENTO ANTECIPADO;5;GLOBAL;08;NAO SE APLICA;-8;03/01/2018;JAN/2018;2018;070025000012018NE000001;PESSOAL ATIVO;FOLHA DE PAGAMENTO DE SERVIDORES ATIVOS REFERENTE AO MES DE MARCO DE 2018 - PA SEI 0001307-08.2018.6.07.8100. ŽANTECIPACAO DE SALARIO.;070025;TRIBUNAL REGIONAL ELEITORAL DO D. FEDERAL;;;;;;;;0,00;11.157,72;;;;;;;;;;11.157,72;
14107;TRIBUNAL REGIONAL ELEITORAL DO DIST. FEDERAL;070025;TRIBUNAL REGIONAL ELEITORAL DO D. FEDERAL;02122057020TP0053;20TP;ATIVOS CIVIS DA UNIAO;0000;ATIVOS CIVIS DA UNIAO;084774;FOL SERVID;PESSOAL - FOLHA DE SERVIDORES;0100;RECURSOS ORDINARIOS;1;ORCAMENTO FISCAL;3;DESPESAS CORRENTES;1;PESSOAL E ENCARGOS SOCIAIS;11;VENCIMENTOS E VANTAGENS FIXAS - PESSOAL CIVIL;319011;VENCIMENTOS E VANTAGENS FIXAS - PESSOAL CIVIL;31901146;FERIAS - PAGAMENTO ANTECIPADO;5;GLOBAL;08;NAO SE APLICA;-8;03/01/2018;JAN/2018;2018;070025000012018NE000001;PESSOAL ATIVO;FOLHA DE PAGAMENTO DO MES DE  JANEIRO/2018 DOS SERVIDORES ATIVOS. PA 0000050-45.2018.6.07.8100.;070025;TRIBUNAL REGIONAL ELEITORAL DO D. FEDERAL;;;;;;;;0,00;34.111,97;;;;;;;;;;34.111,97;
14107;TRIBUNAL REGIONAL ELEITORAL DO DIST. FEDERAL;070025;TRIBUNAL REGIONAL ELEITORAL DO D. FEDERAL;02122057020TP0053;20TP;ATIVOS CIVIS DA UNIAO;0000;ATIVOS CIVIS DA UNIAO;084774;FOL SERVID;PESSOAL - FOLHA DE SERVIDORES;0100;RECURSOS ORDINARIOS;1;ORCAMENTO FISCAL;3;DESPESAS CORRENTES;1;PESSOAL E ENCARGOS SOCIAIS;11;VENCIMENTOS E VANTAGENS FIXAS - PESSOAL CIVIL;319011;VENCIMENTOS E VANTAGENS FIXAS - PESSOAL CIVIL;31901146;FERIAS - PAGAMENTO ANTECIPADO;5;GLOBAL;08;NAO SE APLICA;-8;03/01/2018;JAN/2018;2018;070025000012018NE000001;PESSOAL ATIVO;FOLHA DE PAGAMENTO DO MES DE  JANEIRO/2018 DOS SERVIDORES ATIVOS. PA 0000050-45.2018.6.07.8100. CANCELAMENTOS PARA ACERTO DE ERRO DE APROPRIACAO;070025;TRIBUNAL REGIONAL ELEITORAL DO D. FEDERAL;;;;;;;;0,00;(34.111,97);;;;;;;;;;(34.111,97);
14107;TRIBUNAL REGIONAL ELEITORAL DO DIST. FEDERAL;070025;TRIBUNAL REGIONAL ELEITORAL DO D. FEDERAL;02122057020TP0053;20TP;ATIVOS CIVIS DA UNIAO;0000;ATIVOS CIVIS DA UNIAO;084774;FOL SERVID;PESSOAL - FOLHA DE SERVIDORES;0100;RECURSOS ORDINARIOS;1;ORCAMENTO FISCAL;3;DESPESAS CORRENTES;1;PESSOAL E ENCARGOS SOCIAIS;13;OBRIGACOES PATRONAIS;319113;OBRIGACOES PATRONAIS - OP.INTRA-ORCAMENTARIAS;319113-9;NAO SE APLICA;-9;NAO SE APLICA;-9;NAO SE APLICA;-9;NAO SE APLICA;NAO SE APLICA;-9;-9;-9;2018NECT - CONTRIBUICAO PREVIDENCIARIA - INSS.;-9;NAO SE APLICA;;;;;(90.000,00);;;;;;;;;;;;;;;
14107;TRIBUNAL REGIONAL ELEITORAL DO DIST. FEDERAL;070025;TRIBUNAL REGIONAL ELEITORAL DO D. FEDERAL;02122057020TP0053;20TP;ATIVOS CIVIS DA UNIAO;0000;ATIVOS CIVIS DA UNIAO;084774;FOL SERVID;PESSOAL - FOLHA DE SERVIDORES;0100;RECURSOS ORDINARIOS;1;ORCAMENTO FISCAL;3;DESPESAS CORRENTES;1;PESSOAL E ENCARGOS SOCIAIS;13;OBRIGACOES PATRONAIS;319113;OBRIGACOES PATRONAIS - OP.INTRA-ORCAMENTARIAS;319113-9;NAO SE APLICA;-9;NAO SE APLICA;-9;NAO SE APLICA;-9;NAO SE APLICA;NAO SE APLICA;-9;-9;-9;ALTERACAO PARA EMISSAO DE NE. CONTRIBUICAO PREVIDENCIARIA. INSS.;-9;NAO SE APLICA;90.000,00;90.000,00;;;90.000,00;;;;;;;;;;;;;;;
14107;TRIBUNAL REGIONAL ELEITORAL DO DIST. FEDERAL;070025;TRIBUNAL REGIONAL ELEITORAL DO D. FEDERAL;02122057020TP0053;20TP;ATIVOS CIVIS DA UNIAO;0000;ATIVOS CIVIS DA UNIAO;084774;FOL SERVID;PESSOAL - FOLHA DE SERVIDORES;0100;RECURSOS ORDINARIOS;1;ORCAMENTO FISCAL;3;DESPESAS CORRENTES;1;PESSOAL E ENCARGOS SOCIAIS;13;OBRIGACOES PATRONAIS;319113;OBRIGACOES PATRONAIS - OP.INTRA-ORCAMENTARIAS;31911302;CONTRIBUICOES PREVIDENCIARIAS - INSS;5;GLOBAL;08;NAO SE APLICA;-8;14/02/2017;FEV/2017;2017;070025000012017NE000150;CONT. PREVID. INSS;NAO SE APLICA;170502;SECRETARIA DO TESOURO NACIONAL/COFIN/STN;;;;;;;;;;;;;1.000,00;;;;;1.000,00;;
14107;TRIBUNAL REGIONAL ELEITORAL DO DIST. FEDERAL;070025;TRIBUNAL REGIONAL ELEITORAL DO D. FEDERAL;02122057020TP0053;20TP;ATIVOS CIVIS DA UNIAO;0000;ATIVOS CIVIS DA UNIAO;084774;FOL SERVID;PESSOAL - FOLHA DE SERVIDORES;0100;RECURSOS ORDINARIOS;1;ORCAMENTO FISCAL;3;DESPESAS CORRENTES;1;PESSOAL E ENCARGOS SOCIAIS;13;OBRIGACOES PATRONAIS;319113;OBRIGACOES PATRONAIS - OP.INTRA-ORCAMENTARIAS;31911302;CONTRIBUICOES PREVIDENCIARIAS - INSS;5;GLOBAL;08;NAO SE APLICA;-8;03/01/2018;JAN/2018;2018;070025000012018NE000011;CONT. PREVID. INSS;2018NECT - CONTRIBUICAO PREVIDENCIARIA - INSS.;170502;SECRETARIA DO TESOURO NACIONAL/COFIN/STN;;;;;;;;90.000,00;;;;;;;;;;;;
14107;TRIBUNAL REGIONAL ELEITORAL DO DIST. FEDERAL;070025;TRIBUNAL REGIONAL ELEITORAL DO D. FEDERAL;02122057020TP0053;20TP;ATIVOS CIVIS DA UNIAO;0000;ATIVOS CIVIS DA UNIAO;084774;FOL SERVID;PESSOAL - FOLHA DE SERVIDORES;0100;RECURSOS ORDINARIOS;1;ORCAMENTO FISCAL;3;DESPESAS CORRENTES;1;PESSOAL E ENCARGOS SOCIAIS;13;OBRIGACOES PATRONAIS;319113;OBRIGACOES PATRONAIS - OP.INTRA-ORCAMENTARIAS;31911302;CONTRIBUICOES PREVIDENCIARIAS - INSS;5;GLOBAL;08;NAO SE APLICA;-8;03/01/2018;JAN/2018;2018;070025000012018NE000011;CONT. PREVID. INSS;CANCELA PARA AJUSTE;170502;SECRETARIA DO TESOURO NACIONAL/COFIN/STN;;;;;;;;0,00;0,00;(2.425,42);;;;;;;;;0,00;(2.425,42)
14107;TRIBUNAL REGIONAL ELEITORAL DO DIST. FEDERAL;070025;TRIBUNAL REGIONAL ELEITORAL DO D. FEDERAL;02122057020TP0053;20TP;ATIVOS CIVIS DA UNIAO;0000;ATIVOS CIVIS DA UNIAO;084774;FOL SERVID;PESSOAL - FOLHA DE SERVIDORES;0100;RECURSOS ORDINARIOS;1;ORCAMENTO FISCAL;3;DESPESAS CORRENTES;1;PESSOAL E ENCARGOS SOCIAIS;13;OBRIGACOES PATRONAIS;319113;OBRIGACOES PATRONAIS - OP.INTRA-ORCAMENTARIAS;31911302;CONTRIBUICOES PREVIDENCIARIAS - INSS;5;GLOBAL;08;NAO SE APLICA;-8;03/01/2018;JAN/2018;2018;070025000012018NE000011;CONT. PREVID. INSS;FOLHA DE PAGAMENTO DE SERVIDORES ATIVOS REFERENTE AO MES DE ABRIL DE 2018 - PA SEI 0001951-48.2018.6.07.8100 ŽOBRIGACOES PATRONAIS (PSSS, INSS E FUNPRESP).;170502;SECRETARIA DO TESOURO NACIONAL/COFIN/STN;;;;;;;;0,00;7.141,16;;;;;;;;;;7.141,16;
14107;TRIBUNAL REGIONAL ELEITORAL DO DIST. FEDERAL;070025;TRIBUNAL REGIONAL ELEITORAL DO D. FEDERAL;02122057020TP0053;20TP;ATIVOS CIVIS DA UNIAO;0000;ATIVOS CIVIS DA UNIAO;084774;FOL SERVID;PESSOAL - FOLHA DE SERVIDORES;0100;RECURSOS ORDINARIOS;1;ORCAMENTO FISCAL;3;DESPESAS CORRENTES;1;PESSOAL E ENCARGOS SOCIAIS;13;OBRIGACOES PATRONAIS;319113;OBRIGACOES PATRONAIS - OP.INTRA-ORCAMENTARIAS;31911302;CONTRIBUICOES PREVIDENCIARIAS - INSS;5;GLOBAL;08;NAO SE APLICA;-8;03/01/2018;JAN/2018;2018;070025000012018NE000011;CONT. PREVID. INSS;FOLHA DE PAGAMENTO DE SERVIDORES ATIVOS REFERENTE AO MES DE ABRIL DE 2018 - PA SEI 0001951-48.2018.6.07.8100. ŽACERTOS DA CONTRIBUICAO PATRONAL DE INSS DOS SERVIDORES SEM VINCULO. ŽCANCELAMENTO DA FL 36 PARA EMISSAO DE OUTRO DOCUMENTO/FOLHA.;170502;SECRETARIA DO TESOURO NACIONAL/COFIN/STN;;;;;;;;0,00;(2.425,42);;;;;;;;;;(2.425,42);
14107;TRIBUNAL REGIONAL ELEITORAL DO DIST. FEDERAL;070025;TRIBUNAL REGIONAL ELEITORAL DO D. FEDERAL;02122057020TP0053;20TP;ATIVOS CIVIS DA UNIAO;0000;ATIVOS CIVIS DA UNIAO;084774;FOL SERVID;PESSOAL - FOLHA DE SERVIDORES;0100;RECURSOS ORDINARIOS;1;ORCAMENTO FISCAL;3;DESPESAS CORRENTES;1;PESSOAL E ENCARGOS SOCIAIS;13;OBRIGACOES PATRONAIS;319113;OBRIGACOES PATRONAIS - OP.INTRA-ORCAMENTARIAS;31911302;CONTRIBUICOES PREVIDENCIARIAS - INSS;5;GLOBAL;08;NAO SE APLICA;-8;03/01/2018;JAN/2018;2018;070025000012018NE000011;CONT. PREVID. INSS;FOLHA DE PAGAMENTO DE SERVIDORES ATIVOS REFERENTE AO MES DE ABRIL DE 2018 - PA SEI 0001951-48.2018.6.07.8100. ACERTOS DA CONTRIBUICAO PATRONAL DE INSS DOS SERVIDORES SEM VINCULO. MES DE ABRIL DE 2017.;170502;SECRETARIA DO TESOURO NACIONAL/COFIN/STN;;;;;;;;0,00;0,00;149,41;;;;;;;;;0,00;149,41
14107;TRIBUNAL REGIONAL ELEITORAL DO DIST. FEDERAL;070025;TRIBUNAL REGIONAL ELEITORAL DO D. FEDERAL;02122057020TP0053;20TP;ATIVOS CIVIS DA UNIAO;0000;ATIVOS CIVIS DA UNIAO;084774;FOL SERVID;PESSOAL - FOLHA DE SERVIDORES;0100;RECURSOS ORDINARIOS;1;ORCAMENTO FISCAL;3;DESPESAS CORRENTES;1;PESSOAL E ENCARGOS SOCIAIS;13;OBRIGACOES PATRONAIS;319113;OBRIGACOES PATRONAIS - OP.INTRA-ORCAMENTARIAS;31911302;CONTRIBUICOES PREVIDENCIARIAS - INSS;5;GLOBAL;08;NAO SE APLICA;-8;03/01/2018;JAN/2018;2018;070025000012018NE000011;CONT. PREVID. INSS;FOLHA DE PAGAMENTO DE SERVIDORES ATIVOS REFERENTE AO MES DE ABRIL DE 2018 - PA SEI 0001951-48.2018.6.07.8100. ACERTOS DA CONTRIBUICAO PATRONAL DE INSS DOS SERVIDORES SEM VINCULO. MES DE ABRIL DE 2018.;170502;SECRETARIA DO TESOURO NACIONAL/COFIN/STN;;;;;;;;0,00;0,00;178,52;;;;;;;;;0,00;178,52
14107;TRIBUNAL REGIONAL ELEITORAL DO DIST. FEDERAL;070025;TRIBUNAL REGIONAL ELEITORAL DO D. FEDERAL;02122057020TP0053;20TP;ATIVOS CIVIS DA UNIAO;0000;ATIVOS CIVIS DA UNIAO;084774;FOL SERVID;PESSOAL - FOLHA DE SERVIDORES;0100;RECURSOS ORDINARIOS;1;ORCAMENTO FISCAL;3;DESPESAS CORRENTES;1;PESSOAL E ENCARGOS SOCIAIS;13;OBRIGACOES PATRONAIS;319113;OBRIGACOES PATRONAIS - OP.INTRA-ORCAMENTARIAS;31911302;CONTRIBUICOES PREVIDENCIARIAS - INSS;5;GLOBAL;08;NAO SE APLICA;-8;03/01/2018;JAN/2018;2018;070025000012018NE000011;CONT. PREVID. INSS;FOLHA DE PAGAMENTO DE SERVIDORES ATIVOS REFERENTE AO MES DE ABRIL DE 2018 - PA SEI 0001951-48.2018.6.07.8100. ACERTOS DA CONTRIBUICAO PATRONAL DE INSS DOS SERVIDORES SEM VINCULO. MES DE AGOSTO DE 2017.;170502;SECRETARIA DO TESOURO NACIONAL/COFIN/STN;;;;;;;;0,00;0,00;221,94;;;;;;;;;0,00;221,94
14107;TRIBUNAL REGIONAL ELEITORAL DO DIST. FEDERAL;070025;TRIBUNAL REGIONAL ELEITORAL DO D. FEDERAL;02122057020TP0053;20TP;ATIVOS CIVIS DA UNIAO;0000;ATIVOS CIVIS DA UNIAO;084774;FOL SERVID;PESSOAL - FOLHA DE SERVIDORES;0100;RECURSOS ORDINARIOS;1;ORCAMENTO FISCAL;3;DESPESAS CORRENTES;1;PESSOAL E ENCARGOS SOCIAIS;13;OBRIGACOES PATRONAIS;319113;OBRIGACOES PATRONAIS - OP.INTRA-ORCAMENTARIAS;31911302;CONTRIBUICOES PREVIDENCIARIAS - INSS;5;GLOBAL;08;NAO SE APLICA;-8;03/01/2018;JAN/2018;2018;070025000012018NE000011;CONT. PREVID. INSS;FOLHA DE PAGAMENTO DE SERVIDORES ATIVOS REFERENTE AO MES DE ABRIL DE 2018 - PA SEI 0001951-48.2018.6.07.8100. ACERTOS DA CONTRIBUICAO PATRONAL DE INSS DOS SERVIDORES SEM VINCULO. MES DE DECIMO TERCEIRO DE 2017.;170502;SECRETARIA DO TESOURO NACIONAL/COFIN/STN;;;;;;;;0,00;0,00;185,12;;;;;;;;;0,00;185,12
14107;TRIBUNAL REGIONAL ELEITORAL DO DIST. FEDERAL;070025;TRIBUNAL REGIONAL ELEITORAL DO D. FEDERAL;02122057020TP0053;20TP;ATIVOS CIVIS DA UNIAO;0000;ATIVOS CIVIS DA UNIAO;084774;FOL SERVID;PESSOAL - FOLHA DE SERVIDORES;0100;RECURSOS ORDINARIOS;1;ORCAMENTO FISCAL;3;DESPESAS CORRENTES;1;PESSOAL E ENCARGOS SOCIAIS;13;OBRIGACOES PATRONAIS;319113;OBRIGACOES PATRONAIS - OP.INTRA-ORCAMENTARIAS;31911302;CONTRIBUICOES PREVIDENCIARIAS - INSS;5;GLOBAL;08;NAO SE APLICA;-8;03/01/2018;JAN/2018;2018;070025000012018NE000011;CONT. PREVID. INSS;FOLHA DE PAGAMENTO DE SERVIDORES ATIVOS REFERENTE AO MES DE ABRIL DE 2018 - PA SEI 0001951-48.2018.6.07.8100. ACERTOS DA CONTRIBUICAO PATRONAL DE INSS DOS SERVIDORES SEM VINCULO. MES DE DEZEMBRO DE 2017.;170502;SECRETARIA DO TESOURO NACIONAL/COFIN/STN;;;;;;;;0,00;0,00;217,79;;;;;;;;;0,00;217,79
14107;TRIBUNAL REGIONAL ELEITORAL DO DIST. FEDERAL;070025;TRIBUNAL REGIONAL ELEITORAL DO D. FEDERAL;02122057020TP0053;20TP;ATIVOS CIVIS DA UNIAO;0000;ATIVOS CIVIS DA UNIAO;084774;FOL SERVID;PESSOAL - FOLHA DE SERVIDORES;0100;RECURSOS ORDINARIOS;1;ORCAMENTO FISCAL;3;DESPESAS CORRENTES;1;PESSOAL E ENCARGOS SOCIAIS;13;OBRIGACOES PATRONAIS;319113;OBRIGACOES PATRONAIS - OP.INTRA-ORCAMENTARIAS;31911302;CONTRIBUICOES PREVIDENCIARIAS - INSS;5;GLOBAL;08;NAO SE APLICA;-8;03/01/2018;JAN/2018;2018;070025000012018NE000011;CONT. PREVID. INSS;FOLHA DE PAGAMENTO DE SERVIDORES ATIVOS REFERENTE AO MES DE ABRIL DE 2018 - PA SEI 0001951-48.2018.6.07.8100. ACERTOS DA CONTRIBUICAO PATRONAL DE INSS DOS SERVIDORES SEM VINCULO. MES DE FEVEREIRO DE 2018.;170502;SECRETARIA DO TESOURO NACIONAL/COFIN/STN;;;;;;;;0,00;0,00;158,39;;;;;;;;;0,00;158,39
14107;TRIBUNAL REGIONAL ELEITORAL DO DIST. FEDERAL;070025;TRIBUNAL REGIONAL ELEITORAL DO D. FEDERAL;02122057020TP0053;20TP;ATIVOS CIVIS DA UNIAO;0000;ATIVOS CIVIS DA UNIAO;084774;FOL SERVID;PESSOAL - FOLHA DE SERVIDORES;0100;RECURSOS ORDINARIOS;1;ORCAMENTO FISCAL;3;DESPESAS CORRENTES;1;PESSOAL E ENCARGOS SOCIAIS;13;OBRIGACOES PATRONAIS;319113;OBRIGACOES PATRONAIS - OP.INTRA-ORCAMENTARIAS;31911302;CONTRIBUICOES PREVIDENCIARIAS - INSS;5;GLOBAL;08;NAO SE APLICA;-8;03/01/2018;JAN/2018;2018;070025000012018NE000011;CONT. PREVID. INSS;FOLHA DE PAGAMENTO DE SERVIDORES ATIVOS REFERENTE AO MES DE ABRIL DE 2018 - PA SEI 0001951-48.2018.6.07.8100. ACERTOS DA CONTRIBUICAO PATRONAL DE INSS DOS SERVIDORES SEM VINCULO. MES DE JANEIRO DE 2017.;170502;SECRETARIA DO TESOURO NACIONAL/COFIN/STN;;;;;;;;0,00;0,00;70,84;;;;;;;;;0,00;70,84
14107;TRIBUNAL REGIONAL ELEITORAL DO DIST. FEDERAL;070025;TRIBUNAL REGIONAL ELEITORAL DO D. FEDERAL;02122057020TP0053;20TP;ATIVOS CIVIS DA UNIAO;0000;ATIVOS CIVIS DA UNIAO;084774;FOL SERVID;PESSOAL - FOLHA DE SERVIDORES;0100;RECURSOS ORDINARIOS;1;ORCAMENTO FISCAL;3;DESPESAS CORRENTES;1;PESSOAL E ENCARGOS SOCIAIS;13;OBRIGACOES PATRONAIS;319113;OBRIGACOES PATRONAIS - OP.INTRA-ORCAMENTARIAS;31911302;CONTRIBUICOES PREVIDENCIARIAS - INSS;5;GLOBAL;08;NAO SE APLICA;-8;03/01/2018;JAN/2018;2018;070025000012018NE000011;CONT. PREVID. INSS;FOLHA DE PAGAMENTO DE SERVIDORES ATIVOS REFERENTE AO MES DE ABRIL DE 2018 - PA SEI 0001951-48.2018.6.07.8100. ACERTOS DA CONTRIBUICAO PATRONAL DE INSS DOS SERVIDORES SEM VINCULO. MES DE JULHO DE 2017.;170502;SECRETARIA DO TESOURO NACIONAL/COFIN/STN;;;;;;;;0,00;0,00;225,47;;;;;;;;;0,00;225,47
14107;TRIBUNAL REGIONAL ELEITORAL DO DIST. FEDERAL;070025;TRIBUNAL REGIONAL ELEITORAL DO D. FEDERAL;02122057020TP0053;20TP;ATIVOS CIVIS DA UNIAO;0000;ATIVOS CIVIS DA UNIAO;084774;FOL SERVID;PESSOAL - FOLHA DE SERVIDORES;0100;RECURSOS ORDINARIOS;1;ORCAMENTO FISCAL;3;DESPESAS CORRENTES;1;PESSOAL E ENCARGOS SOCIAIS;13;OBRIGACOES PATRONAIS;319113;OBRIGACOES PATRONAIS - OP.INTRA-ORCAMENTARIAS;31911302;CONTRIBUICOES PREVIDENCIARIAS - INSS;5;GLOBAL;08;NAO SE APLICA;-8;03/01/2018;JAN/2018;2018;070025000012018NE000011;CONT. PREVID. INSS;FOLHA DE PAGAMENTO DE SERVIDORES ATIVOS REFERENTE AO MES DE ABRIL DE 2018 - PA SEI 0001951-48.2018.6.07.8100. ACERTOS DA CONTRIBUICAO PATRONAL DE INSS DOS SERVIDORES SEM VINCULO. MES DE JUNHO DE 2017.;170502;SECRETARIA DO TESOURO NACIONAL/COFIN/STN;;;;;;;;0,00;0,00;152,94;;;;;;;;;0,00;152,94
14107;TRIBUNAL REGIONAL ELEITORAL DO DIST. FEDERAL;070025;TRIBUNAL REGIONAL ELEITORAL DO D. FEDERAL;02122057020TP0053;20TP;ATIVOS CIVIS DA UNIAO;0000;ATIVOS CIVIS DA UNIAO;084774;FOL SERVID;PESSOAL - FOLHA DE SERVIDORES;0100;RECURSOS ORDINARIOS;1;ORCAMENTO FISCAL;3;DESPESAS CORRENTES;1;PESSOAL E ENCARGOS SOCIAIS;13;OBRIGACOES PATRONAIS;319113;OBRIGACOES PATRONAIS - OP.INTRA-ORCAMENTARIAS;31911302;CONTRIBUICOES PREVIDENCIARIAS - INSS;5;GLOBAL;08;NAO SE APLICA;-8;03/01/2018;JAN/2018;2018;070025000012018NE000011;CONT. PREVID. INSS;FOLHA DE PAGAMENTO DE SERVIDORES ATIVOS REFERENTE AO MES DE ABRIL DE 2018 - PA SEI 0001951-48.2018.6.07.8100. ACERTOS DA CONTRIBUICAO PATRONAL DE INSS DOS SERVIDORES SEM VINCULO. MES DE MAIO DE 2017.;170502;SECRETARIA DO TESOURO NACIONAL/COFIN/STN;;;;;;;;0,00;0,00;153,91;;;;;;;;;0,00;153,91
14107;TRIBUNAL REGIONAL ELEITORAL DO DIST. FEDERAL;070025;TRIBUNAL REGIONAL ELEITORAL DO D. FEDERAL;02122057020TP0053;20TP;ATIVOS CIVIS DA UNIAO;0000;ATIVOS CIVIS DA UNIAO;084774;FOL SERVID;PESSOAL - FOLHA DE SERVIDORES;0100;RECURSOS ORDINARIOS;1;ORCAMENTO FISCAL;3;DESPESAS CORRENTES;1;PESSOAL E ENCARGOS SOCIAIS;13;OBRIGACOES PATRONAIS;319113;OBRIGACOES PATRONAIS - OP.INTRA-ORCAMENTARIAS;31911302;CONTRIBUICOES PREVIDENCIARIAS - INSS;5;GLOBAL;08;NAO SE APLICA;-8;03/01/2018;JAN/2018;2018;070025000012018NE000011;CONT. PREVID. INSS;FOLHA DE PAGAMENTO DE SERVIDORES ATIVOS REFERENTE AO MES DE ABRIL DE 2018 - PA SEI 0001951-48.2018.6.07.8100. ACERTOS DA CONTRIBUICAO PATRONAL DE INSS DOS SERVIDORES SEM VINCULO. MES DE MARCO DE 2017.;170502;SECRETARIA DO TESOURO NACIONAL/COFIN/STN;;;;;;;;0,00;0,00;73,01;;;;;;;;;0,00;73,01
14107;TRIBUNAL REGIONAL ELEITORAL DO DIST. FEDERAL;070025;TRIBUNAL REGIONAL ELEITORAL DO D. FEDERAL;02122057020TP0053;20TP;ATIVOS CIVIS DA UNIAO;0000;ATIVOS CIVIS DA UNIAO;084774;FOL SERVID;PESSOAL - FOLHA DE SERVIDORES;0100;RECURSOS ORDINARIOS;1;ORCAMENTO FISCAL;3;DESPESAS CORRENTES;1;PESSOAL E ENCARGOS SOCIAIS;13;OBRIGACOES PATRONAIS;319113;OBRIGACOES PATRONAIS - OP.INTRA-ORCAMENTARIAS;31911302;CONTRIBUICOES PREVIDENCIARIAS - INSS;5;GLOBAL;08;NAO SE APLICA;-8;03/01/2018;JAN/2018;2018;070025000012018NE000011;CONT. PREVID. INSS;FOLHA DE PAGAMENTO DE SERVIDORES ATIVOS REFERENTE AO MES DE ABRIL DE 2018 - PA SEI 0001951-48.2018.6.07.8100. ACERTOS DA CONTRIBUICAO PATRONAL DE INSS DOS SERVIDORES SEM VINCULO. MES DE MARCO DE 2018.;170502;SECRETARIA DO TESOURO NACIONAL/COFIN/STN;;;;;;;;0,00;0,00;141,66;;;;;;;;;0,00;141,66
14107;TRIBUNAL REGIONAL ELEITORAL DO DIST. FEDERAL;070025;TRIBUNAL REGIONAL ELEITORAL DO D. FEDERAL;02122057020TP0053;20TP;ATIVOS CIVIS DA UNIAO;0000;ATIVOS CIVIS DA UNIAO;084774;FOL SERVID;PESSOAL - FOLHA DE SERVIDORES;0100;RECURSOS ORDINARIOS;1;ORCAMENTO FISCAL;3;DESPESAS CORRENTES;1;PESSOAL E ENCARGOS SOCIAIS;13;OBRIGACOES PATRONAIS;319113;OBRIGACOES PATRONAIS - OP.INTRA-ORCAMENTARIAS;31911302;CONTRIBUICOES PREVIDENCIARIAS - INSS;5;GLOBAL;08;NAO SE APLICA;-8;03/01/2018;JAN/2018;2018;070025000012018NE000011;CONT. PREVID. INSS;FOLHA DE PAGAMENTO DE SERVIDORES ATIVOS REFERENTE AO MES DE ABRIL DE 2018 - PA SEI 0001951-48.2018.6.07.8100. ACERTOS DA CONTRIBUICAO PATRONAL DE INSS DOS SERVIDORES SEM VINCULO. MES DE NOVEMBRO DE 2017.;170502;SECRETARIA DO TESOURO NACIONAL/COFIN/STN;;;;;;;;0,00;0,00;218,82;;;;;;;;;0,00;218,82
14107;TRIBUNAL REGIONAL ELEITORAL DO DIST. FEDERAL;070025;TRIBUNAL REGIONAL ELEITORAL DO D. FEDERAL;02122057020TP0053;20TP;ATIVOS CIVIS DA UNIAO;0000;ATIVOS CIVIS DA UNIAO;084774;FOL SERVID;PESSOAL - FOLHA DE SERVIDORES;0100;RECURSOS ORDINARIOS;1;ORCAMENTO FISCAL;3;DESPESAS CORRENTES;1;PESSOAL E ENCARGOS SOCIAIS;13;OBRIGACOES PATRONAIS;319113;OBRIGACOES PATRONAIS - OP.INTRA-ORCAMENTARIAS;31911302;CONTRIBUICOES PREVIDENCIARIAS - INSS;5;GLOBAL;08;NAO SE APLICA;-8;03/01/2018;JAN/2018;2018;070025000012018NE000011;CONT. PREVID. INSS;FOLHA DE PAGAMENTO DE SERVIDORES ATIVOS REFERENTE AO MES DE ABRIL DE 2018 - PA SEI 0001951-48.2018.6.07.8100. ACERTOS DA CONTRIBUICAO PATRONAL DE INSS DOS SERVIDORES SEM VINCULO. MES DE OUTUBRO DE 2017.;170502;SECRETARIA DO TESOURO NACIONAL/COFIN/STN;;;;;;;;0,00;0,00;219,78;;;;;;;;;0,00;219,78
14107;TRIBUNAL REGIONAL ELEITORAL DO DIST. FEDERAL;070025;TRIBUNAL REGIONAL ELEITORAL DO D. FEDERAL;02122057020TP0053;20TP;ATIVOS CIVIS DA UNIAO;0000;ATIVOS CIVIS DA UNIAO;084774;FOL SERVID;PESSOAL - FOLHA DE SERVIDORES;0100;RECURSOS ORDINARIOS;1;ORCAMENTO FISCAL;3;DESPESAS CORRENTES;1;PESSOAL E ENCARGOS SOCIAIS;13;OBRIGACOES PATRONAIS;319113;OBRIGACOES PATRONAIS - OP.INTRA-ORCAMENTARIAS;31911302;CONTRIBUICOES PREVIDENCIARIAS - INSS;5;GLOBAL;08;NAO SE APLICA;-8;03/01/2018;JAN/2018;2018;070025000012018NE000011;CONT. PREVID. INSS;FOLHA DE PAGAMENTO DE SERVIDORES ATIVOS REFERENTE AO MES DE ABRIL DE 2018 - PA SEI 0001951-48.2018.6.07.8100. ACERTOS DA CONTRIBUICAO PATRONAL DE INSS DOS SERVIDORES SEM VINCULO. MES DE SETEMBRO DE 2017.;170502;SECRETARIA DO TESOURO NACIONAL/COFIN/STN;;;;;;;;0,00;0,00;220,80;;;;;;;;;0,00;220,80
14107;TRIBUNAL REGIONAL ELEITORAL DO DIST. FEDERAL;070025;TRIBUNAL REGIONAL ELEITORAL DO D. FEDERAL;02122057020TP0053;20TP;ATIVOS CIVIS DA UNIAO;0000;ATIVOS CIVIS DA UNIAO;084774;FOL SERVID;PESSOAL - FOLHA DE SERVIDORES;0100;RECURSOS ORDINARIOS;1;ORCAMENTO FISCAL;3;DESPESAS CORRENTES;1;PESSOAL E ENCARGOS SOCIAIS;13;OBRIGACOES PATRONAIS;319113;OBRIGACOES PATRONAIS - OP.INTRA-ORCAMENTARIAS;31911302;CONTRIBUICOES PREVIDENCIARIAS - INSS;5;GLOBAL;08;NAO SE APLICA;-8;03/01/2018;JAN/2018;2018;070025000012018NE000011;CONT. PREVID. INSS;FOLHA DE PAGAMENTO DE SERVIDORES ATIVOS REFERENTE AO MES DE ABRIL DE 2018 - PA SEI 0001951-48.2018.6.07.8100. ACERTOS DA CONTRIBUICAO PATRONAL DE INSS DOS SERVIDORES SEM VINCULO. MESES DE FEVEREIRO, MARCO E ABRIL DE 2018.;170502;SECRETARIA DO TESOURO NACIONAL/COFIN/STN;;;;;;;;0,00;478,57;;;;;;;;;;478,57;
14107;TRIBUNAL REGIONAL ELEITORAL DO DIST. FEDERAL;070025;TRIBUNAL REGIONAL ELEITORAL DO D. FEDERAL;02122057020TP0053;20TP;ATIVOS CIVIS DA UNIAO;0000;ATIVOS CIVIS DA UNIAO;084774;FOL SERVID;PESSOAL - FOLHA DE SERVIDORES;0100;RECURSOS ORDINARIOS;1;ORCAMENTO FISCAL;3;DESPESAS CORRENTES;1;PESSOAL E ENCARGOS SOCIAIS;13;OBRIGACOES PATRONAIS;319113;OBRIGACOES PATRONAIS - OP.INTRA-ORCAMENTARIAS;31911302;CONTRIBUICOES PREVIDENCIARIAS - INSS;5;GLOBAL;08;NAO SE APLICA;-8;03/01/2018;JAN/2018;2018;070025000012018NE000011;CONT. PREVID. INSS;FOLHA DE PAGAMENTO DE SERVIDORES ATIVOS REFERENTE AO MES DE ABRIL DE 2018 - PA SEI 0001951-48.2018.6.07.8100. ACERTOS DA CONTRIBUICAO PATRONAL DE INSS DOS SERVIDORES SEM VINCULO. MESES DE JUNHO, JULHO,AGOSTO E SETEMBRO DE 2017;170502;SECRETARIA DO TESOURO NACIONAL/COFIN/STN;;;;;;;;0,00;821,15;;;;;;;;;;821,15;
14107;TRIBUNAL REGIONAL ELEITORAL DO DIST. FEDERAL;070025;TRIBUNAL REGIONAL ELEITORAL DO D. FEDERAL;02122057020TP0053;20TP;ATIVOS CIVIS DA UNIAO;0000;ATIVOS CIVIS DA UNIAO;084774;FOL SERVID;PESSOAL - FOLHA DE SERVIDORES;0100;RECURSOS ORDINARIOS;1;ORCAMENTO FISCAL;3;DESPESAS CORRENTES;1;PESSOAL E ENCARGOS SOCIAIS;13;OBRIGACOES PATRONAIS;319113;OBRIGACOES PATRONAIS - OP.INTRA-ORCAMENTARIAS;31911302;CONTRIBUICOES PREVIDENCIARIAS - INSS;5;GLOBAL;08;NAO SE APLICA;-8;03/01/2018;JAN/2018;2018;070025000012018NE000011;CONT. PREVID. INSS;FOLHA DE PAGAMENTO DE SERVIDORES ATIVOS REFERENTE AO MES DE ABRIL DE 2018 - PA SEI 0001951-48.2018.6.07.8100. ACERTOS DA CONTRIBUICAO PATRONAL DE INSS DOS SERVIDORES SEM VINCULO. MESES DE OUTUBRO, NOVEMBRO DEZEMBRO E 13 DE 2017.;170502;SECRETARIA DO TESOURO NACIONAL/COFIN/STN;;;;;;;;0,00;841,51;;;;;;;;;;841,51;
14107;TRIBUNAL REGIONAL ELEITORAL DO DIST. FEDERAL;070025;TRIBUNAL REGIONAL ELEITORAL DO D. FEDERAL;02122057020TP0053;20TP;ATIVOS CIVIS DA UNIAO;0000;ATIVOS CIVIS DA UNIAO;084774;FOL SERVID;PESSOAL - FOLHA DE SERVIDORES;0100;RECURSOS ORDINARIOS;1;ORCAMENTO FISCAL;3;DESPESAS CORRENTES;1;PESSOAL E ENCARGOS SOCIAIS;13;OBRIGACOES PATRONAIS;319113;OBRIGACOES PATRONAIS - OP.INTRA-ORCAMENTARIAS;31911302;CONTRIBUICOES PREVIDENCIARIAS - INSS;5;GLOBAL;08;NAO SE APLICA;-8;03/01/2018;JAN/2018;2018;070025000012018NE000011;CONT. PREVID. INSS;FOLHA DE PAGAMENTO DE SERVIDORES ATIVOS REFERENTE AO MES DE ABRIL DE 2018 - PA SEI 0001951-48.2018.6.07.8100. ACERTOS DA CONTRIBUICAO PATRONAL DE INSS DOS SERVIDORES SEM VINCULO. MESES MARCO, ABRIL E MAIO DE 2017;170502;SECRETARIA DO TESOURO NACIONAL/COFIN/STN;;;;;;;;0,00;376,33;;;;;;;;;;376,33;
14107;TRIBUNAL REGIONAL ELEITORAL DO DIST. FEDERAL;070025;TRIBUNAL REGIONAL ELEITORAL DO D. FEDERAL;02122057020TP0053;20TP;ATIVOS CIVIS DA UNIAO;0000;ATIVOS CIVIS DA UNIAO;084774;FOL SERVID;PESSOAL - FOLHA DE SERVIDORES;0100;RECURSOS ORDINARIOS;1;ORCAMENTO FISCAL;3;DESPESAS CORRENTES;1;PESSOAL E ENCARGOS SOCIAIS;13;OBRIGACOES PATRONAIS;319113;OBRIGACOES PATRONAIS - OP.INTRA-ORCAMENTARIAS;31911302;CONTRIBUICOES PREVIDENCIARIAS - INSS;5;GLOBAL;08;NAO SE APLICA;-8;03/01/2018;JAN/2018;2018;070025000012018NE000011;CONT. PREVID. INSS;FOLHA DE PAGAMENTO DE SERVIDORES ATIVOS REFERENTE AO MES DE ABRIL DE 2018 - PA SEI 0001951-48.2018.6.07.8100. DEDUCOES.  INSS PATRONAL.;170502;SECRETARIA DO TESOURO NACIONAL/COFIN/STN;;;;;;;;0,00;0,00;7.141,16;;;;;;;;;0,00;7.141,16
14107;TRIBUNAL REGIONAL ELEITORAL DO DIST. FEDERAL;070025;TRIBUNAL REGIONAL ELEITORAL DO D. FEDERAL;02122057020TP0053;20TP;ATIVOS CIVIS DA UNIAO;0000;ATIVOS CIVIS DA UNIAO;084774;FOL SERVID;PESSOAL - FOLHA DE SERVIDORES;0100;RECURSOS ORDINARIOS;1;ORCAMENTO FISCAL;3;DESPESAS CORRENTES;1;PESSOAL E ENCARGOS SOCIAIS;13;OBRIGACOES PATRONAIS;319113;OBRIGACOES PATRONAIS - OP.INTRA-ORCAMENTARIAS;31911302;CONTRIBUICOES PREVIDENCIARIAS - INSS;5;GLOBAL;08;NAO SE APLICA;-8;03/01/2018;JAN/2018;2018;070025000012018NE000011;CONT. PREVID. INSS;FOLHA DE PAGAMENTO DE SERVIDORES ATIVOS REFERENTE AO MES DE ABRIL DE 2018 - PA SEI 0001951-48.2018.6.07.8100.ŽACERTOS DA CONTRIBUICAO PATRONAL DE INSS DOS SERVIDORES SEM VINCULO.;170502;SECRETARIA DO TESOURO NACIONAL/COFIN/STN;;;;;;;;0,00;2.496,26;2.425,42;;;;;;;;;2.496,26;2.425,42
14107;TRIBUNAL REGIONAL ELEITORAL DO DIST. FEDERAL;070025;TRIBUNAL REGIONAL ELEITORAL DO D. FEDERAL;02122057020TP0053;20TP;ATIVOS CIVIS DA UNIAO;0000;ATIVOS CIVIS DA UNIAO;084774;FOL SERVID;PESSOAL - FOLHA DE SERVIDORES;0100;RECURSOS ORDINARIOS;1;ORCAMENTO FISCAL;3;DESPESAS CORRENTES;1;PESSOAL E ENCARGOS SOCIAIS;13;OBRIGACOES PATRONAIS;319113;OBRIGACOES PATRONAIS - OP.INTRA-ORCAMENTARIAS;31911302;CONTRIBUICOES PREVIDENCIARIAS - INSS;5;GLOBAL;08;NAO SE APLICA;-8;03/01/2018;JAN/2018;2018;070025000012018NE000011;CONT. PREVID. INSS;FOLHA DE PAGAMENTO DE SERVIDORES ATIVOS REFERENTE AO MES DE FEVEREIRO DE 2018 - PA SEI 0000707-84.2018.6.07.8100. DEDUCOES.  INSS PATRONAL.;170502;SECRETARIA DO TESOURO NACIONAL/COFIN/STN;;;;;;;;0,00;0,00;7.141,16;;;;;;;;;0,00;7.141,16
14107;TRIBUNAL REGIONAL ELEITORAL DO DIST. FEDERAL;070025;TRIBUNAL REGIONAL ELEITORAL DO D. FEDERAL;02122057020TP0053;20TP;ATIVOS CIVIS DA UNIAO;0000;ATIVOS CIVIS DA UNIAO;084774;FOL SERVID;PESSOAL - FOLHA DE SERVIDORES;0100;RECURSOS ORDINARIOS;1;ORCAMENTO FISCAL;3;DESPESAS CORRENTES;1;PESSOAL E ENCARGOS SOCIAIS;13;OBRIGACOES PATRONAIS;319113;OBRIGACOES PATRONAIS - OP.INTRA-ORCAMENTARIAS;31911302;CONTRIBUICOES PREVIDENCIARIAS - INSS;5;GLOBAL;08;NAO SE APLICA;-8;03/01/2018;JAN/2018;2018;070025000012018NE000011;CONT. PREVID. INSS;FOLHA DE PAGAMENTO DE SERVIDORES ATIVOS REFERENTE AO MES DE FEVEREIRO DE 2018 - PA SEI 0000707-84.2018.6.07.8100. ENCARGOS PATRONAIS;170502;SECRETARIA DO TESOURO NACIONAL/COFIN/STN;;;;;;;;0,00;7.141,16;;;;;;;;;;7.141,16;
14107;TRIBUNAL REGIONAL ELEITORAL DO DIST. FEDERAL;070025;TRIBUNAL REGIONAL ELEITORAL DO D. FEDERAL;02122057020TP0053;20TP;ATIVOS CIVIS DA UNIAO;0000;ATIVOS CIVIS DA UNIAO;084774;FOL SERVID;PESSOAL - FOLHA DE SERVIDORES;0100;RECURSOS ORDINARIOS;1;ORCAMENTO FISCAL;3;DESPESAS CORRENTES;1;PESSOAL E ENCARGOS SOCIAIS;13;OBRIGACOES PATRONAIS;319113;OBRIGACOES PATRONAIS - OP.INTRA-ORCAMENTARIAS;31911302;CONTRIBUICOES PREVIDENCIARIAS - INSS;5;GLOBAL;08;NAO SE APLICA;-8;03/01/2018;JAN/2018;2018;070025000012018NE000011;CONT. PREVID. INSS;FOLHA DE PAGAMENTO DE SERVIDORES ATIVOS REFERENTE AO MES DE JANEIRO DE 2018 - PA SEI 0000050-45.2018.6.07.8100. ENCARGOS PATRONAIS;170502;SECRETARIA DO TESOURO NACIONAL/COFIN/STN;;;;;;;;0,00;7.659,40;;;;;;;;;;7.659,40;
14107;TRIBUNAL REGIONAL ELEITORAL DO DIST. FEDERAL;070025;TRIBUNAL REGIONAL ELEITORAL DO D. FEDERAL;02122057020TP0053;20TP;ATIVOS CIVIS DA UNIAO;0000;ATIVOS CIVIS DA UNIAO;084774;FOL SERVID;PESSOAL - FOLHA DE SERVIDORES;0100;RECURSOS ORDINARIOS;1;ORCAMENTO FISCAL;3;DESPESAS CORRENTES;1;PESSOAL E ENCARGOS SOCIAIS;13;OBRIGACOES PATRONAIS;319113;OBRIGACOES PATRONAIS - OP.INTRA-ORCAMENTARIAS;31911302;CONTRIBUICOES PREVIDENCIARIAS - INSS;5;GLOBAL;08;NAO SE APLICA;-8;03/01/2018;JAN/2018;2018;070025000012018NE000011;CONT. PREVID. INSS;FOLHA DE PAGAMENTO DE SERVIDORES ATIVOS REFERENTE AO MES DE JANEIRO DE 2018 - PA SEI 0000050-45.2018.6.07.8100. RECOLHIMENTO DE ENCARGOS PATRONAIS INSS;170502;SECRETARIA DO TESOURO NACIONAL/COFIN/STN;;;;;;;;0,00;0,00;7.659,40;;;;;;;;;0,00;7.659,40
14107;TRIBUNAL REGIONAL ELEITORAL DO DIST. FEDERAL;070025;TRIBUNAL REGIONAL ELEITORAL DO D. FEDERAL;02122057020TP0053;20TP;ATIVOS CIVIS DA UNIAO;0000;ATIVOS CIVIS DA UNIAO;084774;FOL SERVID;PESSOAL - FOLHA DE SERVIDORES;0100;RECURSOS ORDINARIOS;1;ORCAMENTO FISCAL;3;DESPESAS CORRENTES;1;PESSOAL E ENCARGOS SOCIAIS;13;OBRIGACOES PATRONAIS;319113;OBRIGACOES PATRONAIS - OP.INTRA-ORCAMENTARIAS;31911302;CONTRIBUICOES PREVIDENCIARIAS - INSS;5;GLOBAL;08;NAO SE APLICA;-8;03/01/2018;JAN/2018;2018;070025000012018NE000011;CONT. PREVID. INSS;FOLHA DE PAGAMENTO DE SERVIDORES ATIVOS REFERENTE AO MES DE MAIO DE 2018 - PA SEI 0002530-93.2018.6.07.8100. ENCARGOS PATRONAIS.;170502;SECRETARIA DO TESOURO NACIONAL/COFIN/STN;;;;;;;;0,00;2.333,49;;;;;;;;;;2.333,49;
14107;TRIBUNAL REGIONAL ELEITORAL DO DIST. FEDERAL;070025;TRIBUNAL REGIONAL ELEITORAL DO D. FEDERAL;02122057020TP0053;20TP;ATIVOS CIVIS DA UNIAO;0000;ATIVOS CIVIS DA UNIAO;084774;FOL SERVID;PESSOAL - FOLHA DE SERVIDORES;0100;RECURSOS ORDINARIOS;1;ORCAMENTO FISCAL;3;DESPESAS CORRENTES;1;PESSOAL E ENCARGOS SOCIAIS;13;OBRIGACOES PATRONAIS;319113;OBRIGACOES PATRONAIS - OP.INTRA-ORCAMENTARIAS;31911302;CONTRIBUICOES PREVIDENCIARIAS - INSS;5;GLOBAL;08;NAO SE APLICA;-8;03/01/2018;JAN/2018;2018;070025000012018NE000011;CONT. PREVID. INSS;FOLHA DE PAGAMENTO DE SERVIDORES ATIVOS REFERENTE AO MES DE MARCO DE 2018 - PA SEI 0001307-08.2018.6.07.8100 ŽOBRIGACOES PATRONAIS - PSSS, INSS, FUNPRESP.;170502;SECRETARIA DO TESOURO NACIONAL/COFIN/STN;;;;;;;;0,00;7.141,16;;;;;;;;;;7.141,16;
14107;TRIBUNAL REGIONAL ELEITORAL DO DIST. FEDERAL;070025;TRIBUNAL REGIONAL ELEITORAL DO D. FEDERAL;02122057020TP0053;20TP;ATIVOS CIVIS DA UNIAO;0000;ATIVOS CIVIS DA UNIAO;084774;FOL SERVID;PESSOAL - FOLHA DE SERVIDORES;0100;RECURSOS ORDINARIOS;1;ORCAMENTO FISCAL;3;DESPESAS CORRENTES;1;PESSOAL E ENCARGOS SOCIAIS;13;OBRIGACOES PATRONAIS;319113;OBRIGACOES PATRONAIS - OP.INTRA-ORCAMENTARIAS;31911302;CONTRIBUICOES PREVIDENCIARIAS - INSS;5;GLOBAL;08;NAO SE APLICA;-8;03/01/2018;JAN/2018;2018;070025000012018NE000011;CONT. PREVID. INSS;FOLHA DE PAGAMENTO DE SERVIDORES ATIVOS REFERENTE AO MES DE MARCO DE 2018 - PA SEI 0001307-08.2018.6.07.8100. ŽRECOLHIMENTO DO INSS PATRONAL.;170502;SECRETARIA DO TESOURO NACIONAL/COFIN/STN;;;;;;;;0,00;0,00;7.141,16;;;;;;;;;0,00;7.141,16
14107;TRIBUNAL REGIONAL ELEITORAL DO DIST. FEDERAL;070025;TRIBUNAL REGIONAL ELEITORAL DO D. FEDERAL;02122057020TP0053;20TP;ATIVOS CIVIS DA UNIAO;0000;ATIVOS CIVIS DA UNIAO;084774;FOL SERVID;PESSOAL - FOLHA DE SERVIDORES;0100;RECURSOS ORDINARIOS;1;ORCAMENTO FISCAL;3;DESPESAS CORRENTES;1;PESSOAL E ENCARGOS SOCIAIS;13;OBRIGACOES PATRONAIS;319113;OBRIGACOES PATRONAIS - OP.INTRA-ORCAMENTARIAS;31911302;CONTRIBUICOES PREVIDENCIARIAS - INSS;5;GLOBAL;08;NAO SE APLICA;-8;03/01/2018;JAN/2018;2018;070025000012018NE000011;CONT. PREVID. INSS;FOLHA DE PAGAMENTO DO MES DE  JANEIRO/2018 DOS SERVIDORES ATIVOS. PA 0000050-45.2018.6.07.8100. CANCELAMENTOS PARA ACERTO DE ERRO DE APROPRIACAO;170502;SECRETARIA DO TESOURO NACIONAL/COFIN/STN;;;;;;;;0,00;(7.659,40);;;;;;;;;;(7.659,40);
14107;TRIBUNAL REGIONAL ELEITORAL DO DIST. FEDERAL;070025;TRIBUNAL REGIONAL ELEITORAL DO D. FEDERAL;02122057020TP0053;20TP;ATIVOS CIVIS DA UNIAO;0000;ATIVOS CIVIS DA UNIAO;084774;FOL SERVID;PESSOAL - FOLHA DE SERVIDORES;0100;RECURSOS ORDINARIOS;1;ORCAMENTO FISCAL;3;DESPESAS CORRENTES;1;PESSOAL E ENCARGOS SOCIAIS;13;OBRIGACOES PATRONAIS;319113;OBRIGACOES PATRONAIS - OP.INTRA-ORCAMENTARIAS;31911302;CONTRIBUICOES PREVIDENCIARIAS - INSS;5;GLOBAL;08;NAO SE APLICA;-8;03/01/2018;JAN/2018;2018;070025000012018NE000011;CONT. PREVID. INSS;FOLHA DE PAGAMENTO DO MES DE  JANEIRO/2018 DOS SERVIDORES ATIVOS. PA 0000050-45.2018.6.07.8100.ENCARGOS PATRONAIS;170502;SECRETARIA DO TESOURO NACIONAL/COFIN/STN;;;;;;;;0,00;7.659,40;;;;;;;;;;7.659,40;
14107;TRIBUNAL REGIONAL ELEITORAL DO DIST. FEDERAL;070025;TRIBUNAL REGIONAL ELEITORAL DO D. FEDERAL;02122057020TP0053;20TP;ATIVOS CIVIS DA UNIAO;0000;ATIVOS CIVIS DA UNIAO;084774;FOL SERVID;PESSOAL - FOLHA DE SERVIDORES;0100;RECURSOS ORDINARIOS;1;ORCAMENTO FISCAL;3;DESPESAS CORRENTES;1;PESSOAL E ENCARGOS SOCIAIS;16;OUTRAS DESPESAS VARIAVEIS - PESSOAL CIVIL;319016;OUTRAS DESPESAS VARIAVEIS - PESSOAL CIVIL;319016-9;NAO SE APLICA;-9;NAO SE APLICA;-9;NAO SE APLICA;-9;NAO SE APLICA;NAO SE APLICA;-9;-9;-9;2018NECT - OUTRAS DESPESAS VARIAVEIS: SUBSTITUICOES E SERVICOS EXTRAORDINARIOSEXERCICIO DE 2018.;-9;NAO SE APLICA;;;;;(700.000,00);;;;;;;;;;;;;;;
14107;TRIBUNAL REGIONAL ELEITORAL DO DIST. FEDERAL;070025;TRIBUNAL REGIONAL ELEITORAL DO D. FEDERAL;02122057020TP0053;20TP;ATIVOS CIVIS DA UNIAO;0000;ATIVOS CIVIS DA UNIAO;084774;FOL SERVID;PESSOAL - FOLHA DE SERVIDORES;0100;RECURSOS ORDINARIOS;1;ORCAMENTO FISCAL;3;DESPESAS CORRENTES;1;PESSOAL E ENCARGOS SOCIAIS;16;OUTRAS DESPESAS VARIAVEIS - PESSOAL CIVIL;319016;OUTRAS DESPESAS VARIAVEIS - PESSOAL CIVIL;319016-9;NAO SE APLICA;-9;NAO SE APLICA;-9;NAO SE APLICA;-9;NAO SE APLICA;NAO SE APLICA;-9;-9;-9;ALTERACAO PARA EMISSAO DE NE. DESPESAS DE PESSOAL.;-9;NAO SE APLICA;700.000,00;700.000,00;;;700.000,00;;;;;;;;;;;;;;;
14107;TRIBUNAL REGIONAL ELEITORAL DO DIST. FEDERAL;070025;TRIBUNAL REGIONAL ELEITORAL DO D. FEDERAL;02122057020TP0053;20TP;ATIVOS CIVIS DA UNIAO;0000;ATIVOS CIVIS DA UNIAO;084774;FOL SERVID;PESSOAL - FOLHA DE SERVIDORES;0100;RECURSOS ORDINARIOS;1;ORCAMENTO FISCAL;3;DESPESAS CORRENTES;1;PESSOAL E ENCARGOS SOCIAIS;16;OUTRAS DESPESAS VARIAVEIS - PESSOAL CIVIL;319016;OUTRAS DESPESAS VARIAVEIS - PESSOAL CIVIL;31901632;SUBSTITUICOES;5;GLOBAL;08;NAO SE APLICA;-8;04/01/2016;JAN/2016;2016;070025000012016NE000003;OUT. DESP. VARIAVEIS;NAO SE APLICA;070025;TRIBUNAL REGIONAL ELEITORAL DO D. FEDERAL;;;;;;;;;;;;;;80.000,00;;;;80.000,00;;
14107;TRIBUNAL REGIONAL ELEITORAL DO DIST. FEDERAL;070025;TRIBUNAL REGIONAL ELEITORAL DO D. FEDERAL;02122057020TP0053;20TP;ATIVOS CIVIS DA UNIAO;0000;ATIVOS CIVIS DA UNIAO;084774;FOL SERVID;PESSOAL - FOLHA DE SERVIDORES;0100;RECURSOS ORDINARIOS;1;ORCAMENTO FISCAL;3;DESPESAS CORRENTES;1;PESSOAL E ENCARGOS SOCIAIS;16;OUTRAS DESPESAS VARIAVEIS - PESSOAL CIVIL;319016;OUTRAS DESPESAS VARIAVEIS - PESSOAL CIVIL;31901632;SUBSTITUICOES;5;GLOBAL;08;NAO SE APLICA;-8;02/01/2017;JAN/2017;2017;070025000012017NE000002;OUT.DESP.VARIAVEIS;FOLHA DE PAGAMENTO SUPLEMENTAR Nº 06 DE MARCO/2018, REFERENTE A SUBSTITUICAO EXERCICIO ANTERIORES DA SERVIDORA GLAUCIA BATISTA TRINDADE ROCHA. PA 0001465-63.2018.6.07.8100.;070025;TRIBUNAL REGIONAL ELEITORAL DO D. FEDERAL;;;;;;;;;;;;;;;;197,28;197,28;(197,28);197,28;197,28
14107;TRIBUNAL REGIONAL ELEITORAL DO DIST. FEDERAL;070025;TRIBUNAL REGIONAL ELEITORAL DO D. FEDERAL;02122057020TP0053;20TP;ATIVOS CIVIS DA UNIAO;0000;ATIVOS CIVIS DA UNIAO;084774;FOL SERVID;PESSOAL - FOLHA DE SERVIDORES;0100;RECURSOS ORDINARIOS;1;ORCAMENTO FISCAL;3;DESPESAS CORRENTES;1;PESSOAL E ENCARGOS SOCIAIS;16;OUTRAS DESPESAS VARIAVEIS - PESSOAL CIVIL;319016;OUTRAS DESPESAS VARIAVEIS - PESSOAL CIVIL;31901632;SUBSTITUICOES;5;GLOBAL;08;NAO SE APLICA;-8;02/01/2017;JAN/2017;2017;070025000012017NE000002;OUT.DESP.VARIAVEIS;FOLHA SUPLEMENTAR Nº03 DE FEVEREIRO DE 2018, EXERCICIOS ANTERIORES, REFERENTE A SUBSTITUICOES OCORRIDAS NO MES DE DEZEMBRO DE 2017, ADICIONAL DE QUALIFICACAO DECORRENTES DE ACOES DE TREINAMENTO EXERCICIOS ANTERIORES E GRATIFICACAO NATALINA 1/12 (UM DOZE AVOS) REFERENTE AS SUBSTITUICOES, IGUAIS OU SUPERIORES A 15 DIAS CONSECUTIVOS, OCORRIDAS NO MES DE DEZEMBRO DE 2017. PA 0000608-17.2018.6.07.8100.;070025;TRIBUNAL REGIONAL ELEITORAL DO D. FEDERAL;;;;;;;;;;;;;;;;33.944,93;33.944,93;(33.944,93);33.944,93;33.944,93
14107;TRIBUNAL REGIONAL ELEITORAL DO DIST. FEDERAL;070025;TRIBUNAL REGIONAL ELEITORAL DO D. FEDERAL;02122057020TP0053;20TP;ATIVOS CIVIS DA UNIAO;0000;ATIVOS CIVIS DA UNIAO;084774;FOL SERVID;PESSOAL - FOLHA DE SERVIDORES;0100;RECURSOS ORDINARIOS;1;ORCAMENTO FISCAL;3;DESPESAS CORRENTES;1;PESSOAL E ENCARGOS SOCIAIS;16;OUTRAS DESPESAS VARIAVEIS - PESSOAL CIVIL;319016;OUTRAS DESPESAS VARIAVEIS - PESSOAL CIVIL;31901632;SUBSTITUICOES;5;GLOBAL;08;NAO SE APLICA;-8;02/01/2017;JAN/2017;2017;070025000012017NE000002;OUT.DESP.VARIAVEIS;NAO SE APLICA;070025;TRIBUNAL REGIONAL ELEITORAL DO D. FEDERAL;;;;;;;;;;;;;60.000,00;;;;;60.000,00;;
14107;TRIBUNAL REGIONAL ELEITORAL DO DIST. FEDERAL;070025;TRIBUNAL REGIONAL ELEITORAL DO D. FEDERAL;02122057020TP0053;20TP;ATIVOS CIVIS DA UNIAO;0000;ATIVOS CIVIS DA UNIAO;084774;FOL SERVID;PESSOAL - FOLHA DE SERVIDORES;0100;RECURSOS ORDINARIOS;1;ORCAMENTO FISCAL;3;DESPESAS CORRENTES;1;PESSOAL E ENCARGOS SOCIAIS;16;OUTRAS DESPESAS VARIAVEIS - PESSOAL CIVIL;319016;OUTRAS DESPESAS VARIAVEIS - PESSOAL CIVIL;31901632;SUBSTITUICOES;5;GLOBAL;08;NAO SE APLICA;-8;03/01/2018;JAN/2018;2018;070025000012018NE000009;OUT.DESP.VARIAVEIS;2018NECT - OUTRAS DESPESAS VARIAVEIS: SUBSTITUICOES E SERVICOS EXTRAORDINARIOSEXERCICIO DE 2018.;070025;TRIBUNAL REGIONAL ELEITORAL DO D. FEDERAL;;;;;;;;350.000,00;;;;;;;;;;;;
14107;TRIBUNAL REGIONAL ELEITORAL DO DIST. FEDERAL;070025;TRIBUNAL REGIONAL ELEITORAL DO D. FEDERAL;02122057020TP0053;20TP;ATIVOS CIVIS DA UNIAO;0000;ATIVOS CIVIS DA UNIAO;084774;FOL SERVID;PESSOAL - FOLHA DE SERVIDORES;0100;RECURSOS ORDINARIOS;1;ORCAMENTO FISCAL;3;DESPESAS CORRENTES;1;PESSOAL E ENCARGOS SOCIAIS;16;OUTRAS DESPESAS VARIAVEIS - PESSOAL CIVIL;319016;OUTRAS DESPESAS VARIAVEIS - PESSOAL CIVIL;31901632;SUBSTITUICOES;5;GLOBAL;08;NAO SE APLICA;-8;03/01/2018;JAN/2018;2018;070025000012018NE000009;OUT.DESP.VARIAVEIS;FOLHA DE PAGAMENTO DE SERVIDORES ATIVOS REFERENTE AO MES DE ABRIL DE 2018 - PA SEI 0001951-48.2018.6.07.8100;070025;TRIBUNAL REGIONAL ELEITORAL DO D. FEDERAL;;;;;;;;0,00;30.103,86;;;;;;;;;;30.103,86;
14107;TRIBUNAL REGIONAL ELEITORAL DO DIST. FEDERAL;070025;TRIBUNAL REGIONAL ELEITORAL DO D. FEDERAL;02122057020TP0053;20TP;ATIVOS CIVIS DA UNIAO;0000;ATIVOS CIVIS DA UNIAO;084774;FOL SERVID;PESSOAL - FOLHA DE SERVIDORES;0100;RECURSOS ORDINARIOS;1;ORCAMENTO FISCAL;3;DESPESAS CORRENTES;1;PESSOAL E ENCARGOS SOCIAIS;16;OUTRAS DESPESAS VARIAVEIS - PESSOAL CIVIL;319016;OUTRAS DESPESAS VARIAVEIS - PESSOAL CIVIL;31901632;SUBSTITUICOES;5;GLOBAL;08;NAO SE APLICA;-8;03/01/2018;JAN/2018;2018;070025000012018NE000009;OUT.DESP.VARIAVEIS;FOLHA DE PAGAMENTO DE SERVIDORES ATIVOS REFERENTE AO MES DE ABRIL DE 2018 - PA SEI 0001951-48.2018.6.07.8100 ŽDEVOLUCAO VENCIMENTOS E SALARIOS, ANT. DE SALARIO E BENEFICIOS.;070025;TRIBUNAL REGIONAL ELEITORAL DO D. FEDERAL;;;;;;;;0,00;(277,13);0,00;;;;;;;;;(277,13);0,00
14107;TRIBUNAL REGIONAL ELEITORAL DO DIST. FEDERAL;070025;TRIBUNAL REGIONAL ELEITORAL DO D. FEDERAL;02122057020TP0053;20TP;ATIVOS CIVIS DA UNIAO;0000;ATIVOS CIVIS DA UNIAO;084774;FOL SERVID;PESSOAL - FOLHA DE SERVIDORES;0100;RECURSOS ORDINARIOS;1;ORCAMENTO FISCAL;3;DESPESAS CORRENTES;1;PESSOAL E ENCARGOS SOCIAIS;16;OUTRAS DESPESAS VARIAVEIS - PESSOAL CIVIL;319016;OUTRAS DESPESAS VARIAVEIS - PESSOAL CIVIL;31901632;SUBSTITUICOES;5;GLOBAL;08;NAO SE APLICA;-8;03/01/2018;JAN/2018;2018;070025000012018NE000009;OUT.DESP.VARIAVEIS;FOLHA DE PAGAMENTO DE SERVIDORES ATIVOS REFERENTE AO MES DE ABRIL DE 2018 - PA SEI 0001951-48.2018.6.07.8100. DADOS BANCARIOS BANCO DO BRASIL.;070025;TRIBUNAL REGIONAL ELEITORAL DO D. FEDERAL;;;;;;;;0,00;0,00;29.826,73;;;;;;;;;0,00;29.826,73
14107;TRIBUNAL REGIONAL ELEITORAL DO DIST. FEDERAL;070025;TRIBUNAL REGIONAL ELEITORAL DO D. FEDERAL;02122057020TP0053;20TP;ATIVOS CIVIS DA UNIAO;0000;ATIVOS CIVIS DA UNIAO;084774;FOL SERVID;PESSOAL - FOLHA DE SERVIDORES;0100;RECURSOS ORDINARIOS;1;ORCAMENTO FISCAL;3;DESPESAS CORRENTES;1;PESSOAL E ENCARGOS SOCIAIS;16;OUTRAS DESPESAS VARIAVEIS - PESSOAL CIVIL;319016;OUTRAS DESPESAS VARIAVEIS - PESSOAL CIVIL;31901632;SUBSTITUICOES;5;GLOBAL;08;NAO SE APLICA;-8;03/01/2018;JAN/2018;2018;070025000012018NE000009;OUT.DESP.VARIAVEIS;FOLHA DE PAGAMENTO DE SERVIDORES ATIVOS REFERENTE AO MES DE FEVEREIRO DE 2018 - PA SEI 0000707-84.2018.6.07.8100;070025;TRIBUNAL REGIONAL ELEITORAL DO D. FEDERAL;;;;;;;;0,00;68.188,10;;;;;;;;;;68.188,10;
14107;TRIBUNAL REGIONAL ELEITORAL DO DIST. FEDERAL;070025;TRIBUNAL REGIONAL ELEITORAL DO D. FEDERAL;02122057020TP0053;20TP;ATIVOS CIVIS DA UNIAO;0000;ATIVOS CIVIS DA UNIAO;084774;FOL SERVID;PESSOAL - FOLHA DE SERVIDORES;0100;RECURSOS ORDINARIOS;1;ORCAMENTO FISCAL;3;DESPESAS CORRENTES;1;PESSOAL E ENCARGOS SOCIAIS;16;OUTRAS DESPESAS VARIAVEIS - PESSOAL CIVIL;319016;OUTRAS DESPESAS VARIAVEIS - PESSOAL CIVIL;31901632;SUBSTITUICOES;5;GLOBAL;08;NAO SE APLICA;-8;03/01/2018;JAN/2018;2018;070025000012018NE000009;OUT.DESP.VARIAVEIS;FOLHA DE PAGAMENTO DE SERVIDORES ATIVOS REFERENTE AO MES DE FEVEREIRO DE 2018 - PA SEI 0000707-84.2018.6.07.8100. DADOS BANCARIOS BANCO DO BRASIL.;070025;TRIBUNAL REGIONAL ELEITORAL DO D. FEDERAL;;;;;;;;0,00;0,00;68.188,10;;;;;;;;;0,00;68.188,10
14107;TRIBUNAL REGIONAL ELEITORAL DO DIST. FEDERAL;070025;TRIBUNAL REGIONAL ELEITORAL DO D. FEDERAL;02122057020TP0053;20TP;ATIVOS CIVIS DA UNIAO;0000;ATIVOS CIVIS DA UNIAO;084774;FOL SERVID;PESSOAL - FOLHA DE SERVIDORES;0100;RECURSOS ORDINARIOS;1;ORCAMENTO FISCAL;3;DESPESAS CORRENTES;1;PESSOAL E ENCARGOS SOCIAIS;16;OUTRAS DESPESAS VARIAVEIS - PESSOAL CIVIL;319016;OUTRAS DESPESAS VARIAVEIS - PESSOAL CIVIL;31901632;SUBSTITUICOES;5;GLOBAL;08;NAO SE APLICA;-8;03/01/2018;JAN/2018;2018;070025000012018NE000009;OUT.DESP.VARIAVEIS;FOLHA DE PAGAMENTO DE SERVIDORES ATIVOS REFERENTE AO MES DE MAIO DE 2018 - PA SEI 0002530-93.2018.6.07.8100.;070025;TRIBUNAL REGIONAL ELEITORAL DO D. FEDERAL;;;;;;;;0,00;23.767,65;;;;;;;;;;23.767,65;
14107;TRIBUNAL REGIONAL ELEITORAL DO DIST. FEDERAL;070025;TRIBUNAL REGIONAL ELEITORAL DO D. FEDERAL;02122057020TP0053;20TP;ATIVOS CIVIS DA UNIAO;0000;ATIVOS CIVIS DA UNIAO;084774;FOL SERVID;PESSOAL - FOLHA DE SERVIDORES;0100;RECURSOS ORDINARIOS;1;ORCAMENTO FISCAL;3;DESPESAS CORRENTES;1;PESSOAL E ENCARGOS SOCIAIS;16;OUTRAS DESPESAS VARIAVEIS - PESSOAL CIVIL;319016;OUTRAS DESPESAS VARIAVEIS - PESSOAL CIVIL;31901632;SUBSTITUICOES;5;GLOBAL;08;NAO SE APLICA;-8;03/01/2018;JAN/2018;2018;070025000012018NE000009;OUT.DESP.VARIAVEIS;FOLHA DE PAGAMENTO DE SERVIDORES ATIVOS REFERENTE AO MES DE MARCO DE 2018 - PA SEI 0001307-08.2018.6.07.8100;070025;TRIBUNAL REGIONAL ELEITORAL DO D. FEDERAL;;;;;;;;0,00;39.404,06;;;;;;;;;;39.404,06;
14107;TRIBUNAL REGIONAL ELEITORAL DO DIST. FEDERAL;070025;TRIBUNAL REGIONAL ELEITORAL DO D. FEDERAL;02122057020TP0053;20TP;ATIVOS CIVIS DA UNIAO;0000;ATIVOS CIVIS DA UNIAO;084774;FOL SERVID;PESSOAL - FOLHA DE SERVIDORES;0100;RECURSOS ORDINARIOS;1;ORCAMENTO FISCAL;3;DESPESAS CORRENTES;1;PESSOAL E ENCARGOS SOCIAIS;16;OUTRAS DESPESAS VARIAVEIS - PESSOAL CIVIL;319016;OUTRAS DESPESAS VARIAVEIS - PESSOAL CIVIL;31901632;SUBSTITUICOES;5;GLOBAL;08;NAO SE APLICA;-8;03/01/2018;JAN/2018;2018;070025000012018NE000009;OUT.DESP.VARIAVEIS;FOLHA DE PAGAMENTO DE SERVIDORES ATIVOS REFERENTE AO MES DE MARCO DE 2018 - PA SEI 0001307-08.2018.6.07.8100.  VALOR DA CEF.;070025;TRIBUNAL REGIONAL ELEITORAL DO D. FEDERAL;;;;;;;;0,00;0,00;39.404,06;;;;;;;;;0,00;39.404,06
14107;TRIBUNAL REGIONAL ELEITORAL DO DIST. FEDERAL;070025;TRIBUNAL REGIONAL ELEITORAL DO D. FEDERAL;02122057020TP0053;20TP;ATIVOS CIVIS DA UNIAO;0000;ATIVOS CIVIS DA UNIAO;084774;FOL SERVID;PESSOAL - FOLHA DE SERVIDORES;0100;RECURSOS ORDINARIOS;1;ORCAMENTO FISCAL;3;DESPESAS CORRENTES;1;PESSOAL E ENCARGOS SOCIAIS;16;OUTRAS DESPESAS VARIAVEIS - PESSOAL CIVIL;319016;OUTRAS DESPESAS VARIAVEIS - PESSOAL CIVIL;31901644;SERVICOS EXTRAORDINARIOS;5;GLOBAL;08;NAO SE APLICA;-8;06/01/2015;JAN/2015;2015;070025000012015NE000014;SUBSTITUICOES;NAO SE APLICA;070025;TRIBUNAL REGIONAL ELEITORAL DO D. FEDERAL;;;;;;;;;;;;;;50.230,94;;;;50.230,94;;
14107;TRIBUNAL REGIONAL ELEITORAL DO DIST. FEDERAL;070025;TRIBUNAL REGIONAL ELEITORAL DO D. FEDERAL;02122057020TP0053;20TP;ATIVOS CIVIS DA UNIAO;0000;ATIVOS CIVIS DA UNIAO;084774;FOL SERVID;PESSOAL - FOLHA DE SERVIDORES;0100;RECURSOS ORDINARIOS;1;ORCAMENTO FISCAL;3;DESPESAS CORRENTES;1;PESSOAL E ENCARGOS SOCIAIS;16;OUTRAS DESPESAS VARIAVEIS - PESSOAL CIVIL;319016;OUTRAS DESPESAS VARIAVEIS - PESSOAL CIVIL;31901644;SERVICOS EXTRAORDINARIOS;5;GLOBAL;08;NAO SE APLICA;-8;04/01/2016;JAN/2016;2016;070025000012016NE000003;OUT. DESP. VARIAVEIS;NAO SE APLICA;070025;TRIBUNAL REGIONAL ELEITORAL DO D. FEDERAL;;;;;;;;;;;;;;128.348,62;;;;128.348,62;;
14107;TRIBUNAL REGIONAL ELEITORAL DO DIST. FEDERAL;070025;TRIBUNAL REGIONAL ELEITORAL DO D. FEDERAL;02122057020TP0053;20TP;ATIVOS CIVIS DA UNIAO;0000;ATIVOS CIVIS DA UNIAO;084774;FOL SERVID;PESSOAL - FOLHA DE SERVIDORES;0100;RECURSOS ORDINARIOS;1;ORCAMENTO FISCAL;3;DESPESAS CORRENTES;1;PESSOAL E ENCARGOS SOCIAIS;16;OUTRAS DESPESAS VARIAVEIS - PESSOAL CIVIL;319016;OUTRAS DESPESAS VARIAVEIS - PESSOAL CIVIL;31901644;SERVICOS EXTRAORDINARIOS;5;GLOBAL;08;NAO SE APLICA;-8;02/01/2017;JAN/2017;2017;070025000012017NE000002;OUT.DESP.VARIAVEIS;NAO SE APLICA;070025;TRIBUNAL REGIONAL ELEITORAL DO D. FEDERAL;;;;;;;;;;;;;162.434,47;;;;;162.434,47;;
14107;TRIBUNAL REGIONAL ELEITORAL DO DIST. FEDERAL;070025;TRIBUNAL REGIONAL ELEITORAL DO D. FEDERAL;02122057020TP0053;20TP;ATIVOS CIVIS DA UNIAO;0000;ATIVOS CIVIS DA UNIAO;084774;FOL SERVID;PESSOAL - FOLHA DE SERVIDORES;0100;RECURSOS ORDINARIOS;1;ORCAMENTO FISCAL;3;DESPESAS CORRENTES;1;PESSOAL E ENCARGOS SOCIAIS;16;OUTRAS DESPESAS VARIAVEIS - PESSOAL CIVIL;319016;OUTRAS DESPESAS VARIAVEIS - PESSOAL CIVIL;31901644;SERVICOS EXTRAORDINARIOS;5;GLOBAL;08;NAO SE APLICA;-8;03/01/2018;JAN/2018;2018;070025000012018NE000009;OUT.DESP.VARIAVEIS;2018NECT - OUTRAS DESPESAS VARIAVEIS: SUBSTITUICOES E SERVICOS EXTRAORDINARIOSEXERCICIO DE 2018.;070025;TRIBUNAL REGIONAL ELEITORAL DO D. FEDERAL;;;;;;;;350.000,00;;;;;;;;;;;;
14107;TRIBUNAL REGIONAL ELEITORAL DO DIST. FEDERAL;070025;TRIBUNAL REGIONAL ELEITORAL DO D. FEDERAL;02122057020TP0053;20TP;ATIVOS CIVIS DA UNIAO;0000;ATIVOS CIVIS DA UNIAO;084774;FOL SERVID;PESSOAL - FOLHA DE SERVIDORES;0100;RECURSOS ORDINARIOS;1;ORCAMENTO FISCAL;3;DESPESAS CORRENTES;1;PESSOAL E ENCARGOS SOCIAIS;92;DESPESAS DE EXERCICIOS ANTERIORES;319092;DESPESAS DE EXERCICIOS ANTERIORES;31909211;VENCIMENTOS E VANTAGENS FIXAS - PESSOAL CIVIL;5;GLOBAL;08;NAO SE APLICA;-8;30/12/2015;DEZ/2015;2015;070025000012015NE000729;EXERC. ANTERIROES;NAO SE APLICA;070025;TRIBUNAL REGIONAL ELEITORAL DO D. FEDERAL;;;;;;;;;;;;;;122.720,89;;;;122.720,89;;
14107;TRIBUNAL REGIONAL ELEITORAL DO DIST. FEDERAL;070025;TRIBUNAL REGIONAL ELEITORAL DO D. FEDERAL;02122057020TP0053;20TP;ATIVOS CIVIS DA UNIAO;0000;ATIVOS CIVIS DA UNIAO;084774;FOL SERVID;PESSOAL - FOLHA DE SERVIDORES;0100;RECURSOS ORDINARIOS;1;ORCAMENTO FISCAL;3;DESPESAS CORRENTES;1;PESSOAL E ENCARGOS SOCIAIS;92;DESPESAS DE EXERCICIOS ANTERIORES;319092;DESPESAS DE EXERCICIOS ANTERIORES;31909211;VENCIMENTOS E VANTAGENS FIXAS - PESSOAL CIVIL;5;GLOBAL;08;NAO SE APLICA;-8;30/12/2016;DEZ/2016;2016;070025000012016NE000914;PESSOAL ATIVO;NAO SE APLICA;070025;TRIBUNAL REGIONAL ELEITORAL DO D. FEDERAL;;;;;;;;;;;;;;91.162,78;;;;91.162,78;;
14107;TRIBUNAL REGIONAL ELEITORAL DO DIST. FEDERAL;070025;TRIBUNAL REGIONAL ELEITORAL DO D. FEDERAL;0212205707E460053;7E46;CONSTRUCAO DE ANEXO AO EDIFICIO-SEDE DO TRIBUNAL REGIONAL EL;@;VALOR NAO DETALHADO (REABERTURA DE CREDITO);014756;EDF CONANEX;CONS. DE ANEXO AO ED-SEDE DO TRE-DF;0100;RECURSOS ORDINARIOS;1;ORCAMENTO FISCAL;4;DESPESAS DE CAPITAL;4;INVESTIMENTOS;51;OBRAS E INSTALACOES;449051;OBRAS E INSTALACOES;44905198;INSCRICAO DE RESTOS A PAGAR - OBRAS E INSTALACOES;1;ORDINARIO;07;INEXIGIBILIDADE;CP;29/05/2009;MAI/2009;2009;070025000012009NE000293;86602009;NAO SE APLICA;15366120144;MARCOS DIAS MORATO;;;;;;;;;;;;;;15.000,00;;;;15.000,00;;
14107;TRIBUNAL REGIONAL ELEITORAL DO DIST. FEDERAL;070025;TRIBUNAL REGIONAL ELEITORAL DO D. FEDERAL;0212205707E460053;7E46;CONSTRUCAO DE ANEXO AO EDIFICIO-SEDE DO TRIBUNAL REGIONAL EL;@;VALOR NAO DETALHADO (REABERTURA DE CREDITO);014756;EDF CONANEX;CONS. DE ANEXO AO ED-SEDE DO TRE-DF;0100;RECURSOS ORDINARIOS;1;ORCAMENTO FISCAL;4;DESPESAS DE CAPITAL;4;INVESTIMENTOS;51;OBRAS E INSTALACOES;449051;OBRAS E INSTALACOES;44905198;INSCRICAO DE RESTOS A PAGAR - OBRAS E INSTALACOES;5;GLOBAL;04;CONCORRENCIA;-8;17/12/2009;DEZ/2009;2009;070025000012009NE000706;27902009;NAO SE APLICA;56548639000160;MVG ENGENHARIA E CONSTRUCAO LTDA;;;;;;;;;;;;;;38.990,82;;;;38.990,82;;
14107;TRIBUNAL REGIONAL ELEITORAL DO DIST. FEDERAL;070025;TRIBUNAL REGIONAL ELEITORAL DO D. FEDERAL;0212205707E460053;7E46;CONSTRUCAO DE ANEXO AO EDIFICIO-SEDE DO TRIBUNAL REGIONAL EL;@;VALOR NAO DETALHADO (REABERTURA DE CREDITO);014756;EDF CONANEX;CONS. DE ANEXO AO ED-SEDE DO TRE-DF;0100;RECURSOS ORDINARIOS;1;ORCAMENTO FISCAL;4;DESPESAS DE CAPITAL;4;INVESTIMENTOS;51;OBRAS E INSTALACOES;449051;OBRAS E INSTALACOES;44905198;INSCRICAO DE RESTOS A PAGAR - OBRAS E INSTALACOES;5;GLOBAL;04;CONCORRENCIA;-8;09/07/2010;JUL/2010;2010;070025000012010NE000385;27902009;NAO SE APLICA;56548639000160;MVG ENGENHARIA E CONSTRUCAO LTDA;;;;;;;;;;;;;;130.117,55;;;;130.117,55;;
14107;TRIBUNAL REGIONAL ELEITORAL DO DIST. FEDERAL;070025;TRIBUNAL REGIONAL ELEITORAL DO D. FEDERAL;02301057020040053;2004;ASSISTENCIA MEDICA E ODONTOLOGICA AOS SERVIDORES CIVIS, EMPR;0001;ASSISTENCIA MEDICA E ODONTOLOGICA DE CIVIS - COMPLEMENTACAO DA UNIAO;084780;-8;SEM INFORMACAO;0100;RECURSOS ORDINARIOS;2;ORCAMENTO DE SEGURIDADE SOCIAL;3;DESPESAS CORRENTES;3;OUTRAS DESPESAS CORRENTES;00;[A DETALHAR];339000;APLICACOES DIRETAS;339000-9;NAO SE APLICA;-9;NAO SE APLICA;-9;NAO SE APLICA;-9;NAO SE APLICA;NAO SE APLICA;-9;-9;-9;ALTERACAO PARA EMISSAO DE NE. ASSISTENCIA MEDICA (CONVENIOS, EXERCICIOS ANTERIORES: REEMBOLSO LIVRE-ESCOLHA).;-9;NAO SE APLICA;(2.270.400,00);(2.270.400,00);;;(2.270.400,00);;;;;;;;;;;;;;;
14107;TRIBUNAL REGIONAL ELEITORAL DO DIST. FEDERAL;070025;TRIBUNAL REGIONAL ELEITORAL DO D. FEDERAL;02301057020040053;2004;ASSISTENCIA MEDICA E ODONTOLOGICA AOS SERVIDORES CIVIS, EMPR;0001;ASSISTENCIA MEDICA E ODONTOLOGICA DE CIVIS - COMPLEMENTACAO DA UNIAO;084780;-8;SEM INFORMACAO;0100;RECURSOS ORDINARIOS;2;ORCAMENTO DE SEGURIDADE SOCIAL;3;DESPESAS CORRENTES;3;OUTRAS DESPESAS CORRENTES;00;[A DETALHAR];339000;APLICACOES DIRETAS;339000-9;NAO SE APLICA;-9;NAO SE APLICA;-9;NAO SE APLICA;-9;NAO SE APLICA;NAO SE APLICA;-9;-9;-9;DOCUMENTO LANCADO PELA FITA SOF ESB0009;-9;NAO SE APLICA;2.270.400,00;2.270.400,00;;;2.270.400,00;;;;;;;;;;;;;;;
14107;TRIBUNAL REGIONAL ELEITORAL DO DIST. FEDERAL;070025;TRIBUNAL REGIONAL ELEITORAL DO D. FEDERAL;02301057020040053;2004;ASSISTENCIA MEDICA E ODONTOLOGICA AOS SERVIDORES CIVIS, EMPR;0001;ASSISTENCIA MEDICA E ODONTOLOGICA DE CIVIS - COMPLEMENTACAO DA UNIAO;084780;AMO CREMOD;ASSIST MED ODONT- CREDENCIAMENTO;0100;RECURSOS ORDINARIOS;2;ORCAMENTO DE SEGURIDADE SOCIAL;3;DESPESAS CORRENTES;3;OUTRAS DESPESAS CORRENTES;36;OUTROS SERVICOS DE TERCEIROS - P.FISICA;339036;OUTROS SERVICOS DE TERCEIROS - PESSOA FISICA;339036-9;NAO SE APLICA;-9;NAO SE APLICA;-9;NAO SE APLICA;-9;NAO SE APLICA;NAO SE APLICA;-9;-9;-9;DETALAHMENTO ORCAMENTARIO - RESERVA EMPENHO PAGAMENTO SERVICO SAUDE NOS TERMOSDO CONVENIO TRE-T0/TRE-DF.;-9;NAO SE APLICA;1.640,00;1.640,00;;1.640,00;;;;;;;;;;;;;;;;
14107;TRIBUNAL REGIONAL ELEITORAL DO DIST. FEDERAL;070025;TRIBUNAL REGIONAL ELEITORAL DO D. FEDERAL;02301057020040053;2004;ASSISTENCIA MEDICA E ODONTOLOGICA AOS SERVIDORES CIVIS, EMPR;0001;ASSISTENCIA MEDICA E ODONTOLOGICA DE CIVIS - COMPLEMENTACAO DA UNIAO;084780;AMO CREMOD;ASSIST MED ODONT- CREDENCIAMENTO;0100;RECURSOS ORDINARIOS;2;ORCAMENTO DE SEGURIDADE SOCIAL;3;DESPESAS CORRENTES;3;OUTRAS DESPESAS CORRENTES;39;OUTROS SERVICOS DE TERCEIROS PJ - OP.INT.ORC.;339039;OUTROS SERVICOS DE TERCEIROS - PESSOA JURIDICA;339039-9;NAO SE APLICA;-9;NAO SE APLICA;-9;NAO SE APLICA;-9;NAO SE APLICA;NAO SE APLICA;-9;-9;-9;2018NECT - ASSISTENCIA MEDICO-HOSPITALAR E ODONTOLOGICA.                      EXERCICIO DE 2018.;-9;NAO SE APLICA;;;;;(664.400,00);;;;;;;;;;;;;;;
14107;TRIBUNAL REGIONAL ELEITORAL DO DIST. FEDERAL;070025;TRIBUNAL REGIONAL ELEITORAL DO D. FEDERAL;02301057020040053;2004;ASSISTENCIA MEDICA E ODONTOLOGICA AOS SERVIDORES CIVIS, EMPR;0001;ASSISTENCIA MEDICA E ODONTOLOGICA DE CIVIS - COMPLEMENTACAO DA UNIAO;084780;AMO CREMOD;ASSIST MED ODONT- CREDENCIAMENTO;0100;RECURSOS ORDINARIOS;2;ORCAMENTO DE SEGURIDADE SOCIAL;3;DESPESAS CORRENTES;3;OUTRAS DESPESAS CORRENTES;39;OUTROS SERVICOS DE TERCEIROS PJ - OP.INT.ORC.;339039;OUTROS SERVICOS DE TERCEIROS - PESSOA JURIDICA;339039-9;NAO SE APLICA;-9;NAO SE APLICA;-9;NAO SE APLICA;-9;NAO SE APLICA;NAO SE APLICA;-9;-9;-9;2018NECT - ASSISTENCIA MEDICO-HOSPITALAR E ODONTOLOGICA.                      EXERCICIO DE 2018. REFORCO.;-9;NAO SE APLICA;;;;;(180.840,79);;;;;;;;;;;;;;;
14107;TRIBUNAL REGIONAL ELEITORAL DO DIST. FEDERAL;070025;TRIBUNAL REGIONAL ELEITORAL DO D. FEDERAL;02301057020040053;2004;ASSISTENCIA MEDICA E ODONTOLOGICA AOS SERVIDORES CIVIS, EMPR;0001;ASSISTENCIA MEDICA E ODONTOLOGICA DE CIVIS - COMPLEMENTACAO DA UNIAO;084780;AMO CREMOD;ASSIST MED ODONT- CREDENCIAMENTO;0100;RECURSOS ORDINARIOS;2;ORCAMENTO DE SEGURIDADE SOCIAL;3;DESPESAS CORRENTES;3;OUTRAS DESPESAS CORRENTES;39;OUTROS SERVICOS DE TERCEIROS PJ - OP.INT.ORC.;339039;OUTROS SERVICOS DE TERCEIROS - PESSOA JURIDICA;339039-9;NAO SE APLICA;-9;NAO SE APLICA;-9;NAO SE APLICA;-9;NAO SE APLICA;NAO SE APLICA;-9;-9;-9;ALTERACAO PARA EMISSAO DE NE. ASSISTENCIA MEDICA (CONVENIOS, EXERCICIOS ANTERIORES: REEMBOLSO LIVRE-ESCOLHA).;-9;NAO SE APLICA;670.400,00;670.400,00;;;670.400,00;;;;;;;;;;;;;;;
14107;TRIBUNAL REGIONAL ELEITORAL DO DIST. FEDERAL;070025;TRIBUNAL REGIONAL ELEITORAL DO D. FEDERAL;02301057020040053;2004;ASSISTENCIA MEDICA E ODONTOLOGICA AOS SERVIDORES CIVIS, EMPR;0001;ASSISTENCIA MEDICA E ODONTOLOGICA DE CIVIS - COMPLEMENTACAO DA UNIAO;084780;AMO CREMOD;ASSIST MED ODONT- CREDENCIAMENTO;0100;RECURSOS ORDINARIOS;2;ORCAMENTO DE SEGURIDADE SOCIAL;3;DESPESAS CORRENTES;3;OUTRAS DESPESAS CORRENTES;39;OUTROS SERVICOS DE TERCEIROS PJ - OP.INT.ORC.;339039;OUTROS SERVICOS DE TERCEIROS - PESSOA JURIDICA;339039-9;NAO SE APLICA;-9;NAO SE APLICA;-9;NAO SE APLICA;-9;NAO SE APLICA;NAO SE APLICA;-9;-9;-9;ALTERACAO PARA REFORCO DE NE. ASSISTENCIA MEDICA (CONVENIOS, EXERCICIOS ANTERIORES).;-9;NAO SE APLICA;180.840,79;180.840,79;;;180.840,79;;;;;;;;;;;;;;;
14107;TRIBUNAL REGIONAL ELEITORAL DO DIST. FEDERAL;070025;TRIBUNAL REGIONAL ELEITORAL DO D. FEDERAL;02301057020040053;2004;ASSISTENCIA MEDICA E ODONTOLOGICA AOS SERVIDORES CIVIS, EMPR;0001;ASSISTENCIA MEDICA E ODONTOLOGICA DE CIVIS - COMPLEMENTACAO DA UNIAO;084780;AMO CREMOD;ASSIST MED ODONT- CREDENCIAMENTO;0100;RECURSOS ORDINARIOS;2;ORCAMENTO DE SEGURIDADE SOCIAL;3;DESPESAS CORRENTES;3;OUTRAS DESPESAS CORRENTES;39;OUTROS SERVICOS DE TERCEIROS PJ - OP.INT.ORC.;339039;OUTROS SERVICOS DE TERCEIROS - PESSOA JURIDICA;339039-9;NAO SE APLICA;-9;NAO SE APLICA;-9;NAO SE APLICA;-9;NAO SE APLICA;NAO SE APLICA;-9;-9;-9;DESCENTRALIZACAO DE CREDITO PARA FAZER FACE AO TERMO DE COOPERACAO CELEBRADO  ENTRE AS DUAS CORTES ELEITORAIS - SERVICOS MEDICO-HOSPITALARES. (PA SEI Nº    0000676-35.2016.6.07.8100);-9;NAO SE APLICA;;;;6.000,00;(6.000,00);;;;;;;;;;;;;;;
14107;TRIBUNAL REGIONAL ELEITORAL DO DIST. FEDERAL;070025;TRIBUNAL REGIONAL ELEITORAL DO D. FEDERAL;02301057020040053;2004;ASSISTENCIA MEDICA E ODONTOLOGICA AOS SERVIDORES CIVIS, EMPR;0001;ASSISTENCIA MEDICA E ODONTOLOGICA DE CIVIS - COMPLEMENTACAO DA UNIAO;084780;AMO CREMOD;ASSIST MED ODONT- CREDENCIAMENTO;0100;RECURSOS ORDINARIOS;2;ORCAMENTO DE SEGURIDADE SOCIAL;3;DESPESAS CORRENTES;3;OUTRAS DESPESAS CORRENTES;39;OUTROS SERVICOS DE TERCEIROS PJ - OP.INT.ORC.;339039;OUTROS SERVICOS DE TERCEIROS - PESSOA JURIDICA;339039-9;NAO SE APLICA;-9;NAO SE APLICA;-9;NAO SE APLICA;-9;NAO SE APLICA;NAO SE APLICA;-9;-9;-9;DETALAHMENTO ORCAMENTARIO - RESERVA EMPENHO PAGAMENTO SERVICO SAUDE NOS TERMOSDO CONVENIO TRE-T0/TRE-DF.;-9;NAO SE APLICA;(2.000,00);(2.000,00);;(2.000,00);;;;;;;;;;;;;;;;
14107;TRIBUNAL REGIONAL ELEITORAL DO DIST. FEDERAL;070025;TRIBUNAL REGIONAL ELEITORAL DO D. FEDERAL;02301057020040053;2004;ASSISTENCIA MEDICA E ODONTOLOGICA AOS SERVIDORES CIVIS, EMPR;0001;ASSISTENCIA MEDICA E ODONTOLOGICA DE CIVIS - COMPLEMENTACAO DA UNIAO;084780;AMO CREMOD;ASSIST MED ODONT- CREDENCIAMENTO;0100;RECURSOS ORDINARIOS;2;ORCAMENTO DE SEGURIDADE SOCIAL;3;DESPESAS CORRENTES;3;OUTRAS DESPESAS CORRENTES;39;OUTROS SERVICOS DE TERCEIROS PJ - OP.INT.ORC.;339039;OUTROS SERVICOS DE TERCEIROS - PESSOA JURIDICA;33903950;SERV.MEDICO-HOSPITAL.,ODONTOL.E LABORATORIAIS;3;ESTIMATIVO;08;NAO SE APLICA;-8;04/01/2017;JAN/2017;2017;070025000012017NE000024;ASSISTENCIA MEDICA;NAO SE APLICA;070025;TRIBUNAL REGIONAL ELEITORAL DO D. FEDERAL;;;;;;;;;;;;;171,42;;;;;171,42;;
14107;TRIBUNAL REGIONAL ELEITORAL DO DIST. FEDERAL;070025;TRIBUNAL REGIONAL ELEITORAL DO D. FEDERAL;02301057020040053;2004;ASSISTENCIA MEDICA E ODONTOLOGICA AOS SERVIDORES CIVIS, EMPR;0001;ASSISTENCIA MEDICA E ODONTOLOGICA DE CIVIS - COMPLEMENTACAO DA UNIAO;084780;AMO CREMOD;ASSIST MED ODONT- CREDENCIAMENTO;0100;RECURSOS ORDINARIOS;2;ORCAMENTO DE SEGURIDADE SOCIAL;3;DESPESAS CORRENTES;3;OUTRAS DESPESAS CORRENTES;39;OUTROS SERVICOS DE TERCEIROS PJ - OP.INT.ORC.;339039;OUTROS SERVICOS DE TERCEIROS - PESSOA JURIDICA;33903950;SERV.MEDICO-HOSPITAL.,ODONTOL.E LABORATORIAIS;3;ESTIMATIVO;08;NAO SE APLICA;-8;04/01/2017;JAN/2017;2017;070025000012017NE000024;ASSISTENCIA MEDICA;PAGTO NF 93. SERVICOS ODONTOLOGICOS. RETENCAO 5,85 IMP FED (R$ 133,12) E 2,00 ISS (R$ 45,51). PA 2640-63.2016.6.07.8100;070025;TRIBUNAL REGIONAL ELEITORAL DO D. FEDERAL;;;;;;;;;;;;;;;;171,42;171,42;(171,42);171,42;171,42
14107;TRIBUNAL REGIONAL ELEITORAL DO DIST. FEDERAL;070025;TRIBUNAL REGIONAL ELEITORAL DO D. FEDERAL;02301057020040053;2004;ASSISTENCIA MEDICA E ODONTOLOGICA AOS SERVIDORES CIVIS, EMPR;0001;ASSISTENCIA MEDICA E ODONTOLOGICA DE CIVIS - COMPLEMENTACAO DA UNIAO;084780;AMO CREMOD;ASSIST MED ODONT- CREDENCIAMENTO;0100;RECURSOS ORDINARIOS;2;ORCAMENTO DE SEGURIDADE SOCIAL;3;DESPESAS CORRENTES;3;OUTRAS DESPESAS CORRENTES;39;OUTROS SERVICOS DE TERCEIROS PJ - OP.INT.ORC.;339039;OUTROS SERVICOS DE TERCEIROS - PESSOA JURIDICA;33903950;SERV.MEDICO-HOSPITAL.,ODONTOL.E LABORATORIAIS;3;ESTIMATIVO;08;NAO SE APLICA;-8;03/01/2018;JAN/2018;2018;070025000012018NE000022;ASSISTENCIA MEDICA;09 - CANCELAMENTO DA 2018OB800500 NAO SACADA HA MAIS DE 7 DIAS POR AUSENCIA DE RELACAO;070025;TRIBUNAL REGIONAL ELEITORAL DO D. FEDERAL;;;;;;;;0,00;0,00;(319,55);;;;;;;;;0,00;(319,55)
14107;TRIBUNAL REGIONAL ELEITORAL DO DIST. FEDERAL;070025;TRIBUNAL REGIONAL ELEITORAL DO D. FEDERAL;02301057020040053;2004;ASSISTENCIA MEDICA E ODONTOLOGICA AOS SERVIDORES CIVIS, EMPR;0001;ASSISTENCIA MEDICA E ODONTOLOGICA DE CIVIS - COMPLEMENTACAO DA UNIAO;084780;AMO CREMOD;ASSIST MED ODONT- CREDENCIAMENTO;0100;RECURSOS ORDINARIOS;2;ORCAMENTO DE SEGURIDADE SOCIAL;3;DESPESAS CORRENTES;3;OUTRAS DESPESAS CORRENTES;39;OUTROS SERVICOS DE TERCEIROS PJ - OP.INT.ORC.;339039;OUTROS SERVICOS DE TERCEIROS - PESSOA JURIDICA;33903950;SERV.MEDICO-HOSPITAL.,ODONTOL.E LABORATORIAIS;3;ESTIMATIVO;08;NAO SE APLICA;-8;03/01/2018;JAN/2018;2018;070025000012018NE000022;ASSISTENCIA MEDICA;10 - CANCELAMENTO DA 2018OB800628 PELO GESTOR APOS REMESSA AO BANCO;070025;TRIBUNAL REGIONAL ELEITORAL DO D. FEDERAL;;;;;;;;0,00;0,00;(632,80);;;;;;;;;0,00;(632,80)
14107;TRIBUNAL REGIONAL ELEITORAL DO DIST. FEDERAL;070025;TRIBUNAL REGIONAL ELEITORAL DO D. FEDERAL;02301057020040053;2004;ASSISTENCIA MEDICA E ODONTOLOGICA AOS SERVIDORES CIVIS, EMPR;0001;ASSISTENCIA MEDICA E ODONTOLOGICA DE CIVIS - COMPLEMENTACAO DA UNIAO;084780;AMO CREMOD;ASSIST MED ODONT- CREDENCIAMENTO;0100;RECURSOS ORDINARIOS;2;ORCAMENTO DE SEGURIDADE SOCIAL;3;DESPESAS CORRENTES;3;OUTRAS DESPESAS CORRENTES;39;OUTROS SERVICOS DE TERCEIROS PJ - OP.INT.ORC.;339039;OUTROS SERVICOS DE TERCEIROS - PESSOA JURIDICA;33903950;SERV.MEDICO-HOSPITAL.,ODONTOL.E LABORATORIAIS;3;ESTIMATIVO;08;NAO SE APLICA;-8;03/01/2018;JAN/2018;2018;070025000012018NE000022;ASSISTENCIA MEDICA;10 - CANCELAMENTO DA 2018OB800642 PELO GESTOR APOS REMESSA AO BANCO;070025;TRIBUNAL REGIONAL ELEITORAL DO D. FEDERAL;;;;;;;;0,00;0,00;(82,94);;;;;;;;;0,00;(82,94)
14107;TRIBUNAL REGIONAL ELEITORAL DO DIST. FEDERAL;070025;TRIBUNAL REGIONAL ELEITORAL DO D. FEDERAL;02301057020040053;2004;ASSISTENCIA MEDICA E ODONTOLOGICA AOS SERVIDORES CIVIS, EMPR;0001;ASSISTENCIA MEDICA E ODONTOLOGICA DE CIVIS - COMPLEMENTACAO DA UNIAO;084780;AMO CREMOD;ASSIST MED ODONT- CREDENCIAMENTO;0100;RECURSOS ORDINARIOS;2;ORCAMENTO DE SEGURIDADE SOCIAL;3;DESPESAS CORRENTES;3;OUTRAS DESPESAS CORRENTES;39;OUTROS SERVICOS DE TERCEIROS PJ - OP.INT.ORC.;339039;OUTROS SERVICOS DE TERCEIROS - PESSOA JURIDICA;33903950;SERV.MEDICO-HOSPITAL.,ODONTOL.E LABORATORIAIS;3;ESTIMATIVO;08;NAO SE APLICA;-8;03/01/2018;JAN/2018;2018;070025000012018NE000022;ASSISTENCIA MEDICA;2018NECT - ASSISTENCIA MEDICO-HOSPITALAR E ODONTOLOGICA.                      EXERCICIO DE 2018.;070025;TRIBUNAL REGIONAL ELEITORAL DO D. FEDERAL;;;;;;;;664.400,00;;;;;;;;;;;;
14107;TRIBUNAL REGIONAL ELEITORAL DO DIST. FEDERAL;070025;TRIBUNAL REGIONAL ELEITORAL DO D. FEDERAL;02301057020040053;2004;ASSISTENCIA MEDICA E ODONTOLOGICA AOS SERVIDORES CIVIS, EMPR;0001;ASSISTENCIA MEDICA E ODONTOLOGICA DE CIVIS - COMPLEMENTACAO DA UNIAO;084780;AMO CREMOD;ASSIST MED ODONT- CREDENCIAMENTO;0100;RECURSOS ORDINARIOS;2;ORCAMENTO DE SEGURIDADE SOCIAL;3;DESPESAS CORRENTES;3;OUTRAS DESPESAS CORRENTES;39;OUTROS SERVICOS DE TERCEIROS PJ - OP.INT.ORC.;339039;OUTROS SERVICOS DE TERCEIROS - PESSOA JURIDICA;33903950;SERV.MEDICO-HOSPITAL.,ODONTOL.E LABORATORIAIS;3;ESTIMATIVO;08;NAO SE APLICA;-8;03/01/2018;JAN/2018;2018;070025000012018NE000022;ASSISTENCIA MEDICA;2018NECT - ASSISTENCIA MEDICO-HOSPITALAR E ODONTOLOGICA.                      EXERCICIO DE 2018. REFORCO.;070025;TRIBUNAL REGIONAL ELEITORAL DO D. FEDERAL;;;;;;;;180.840,79;;;;;;;;;;;;
14107;TRIBUNAL REGIONAL ELEITORAL DO DIST. FEDERAL;070025;TRIBUNAL REGIONAL ELEITORAL DO D. FEDERAL;02301057020040053;2004;ASSISTENCIA MEDICA E ODONTOLOGICA AOS SERVIDORES CIVIS, EMPR;0001;ASSISTENCIA MEDICA E ODONTOLOGICA DE CIVIS - COMPLEMENTACAO DA UNIAO;084780;AMO CREMOD;ASSIST MED ODONT- CREDENCIAMENTO;0100;RECURSOS ORDINARIOS;2;ORCAMENTO DE SEGURIDADE SOCIAL;3;DESPESAS CORRENTES;3;OUTRAS DESPESAS CORRENTES;39;OUTROS SERVICOS DE TERCEIROS PJ - OP.INT.ORC.;339039;OUTROS SERVICOS DE TERCEIROS - PESSOA JURIDICA;33903950;SERV.MEDICO-HOSPITAL.,ODONTOL.E LABORATORIAIS;3;ESTIMATIVO;08;NAO SE APLICA;-8;03/01/2018;JAN/2018;2018;070025000012018NE000022;ASSISTENCIA MEDICA;AJUSTE;070025;TRIBUNAL REGIONAL ELEITORAL DO D. FEDERAL;;;;;;;;0,00;(3.084,21);(3.084,21);;;;;;;;;(3.084,21);(3.084,21)
14107;TRIBUNAL REGIONAL ELEITORAL DO DIST. FEDERAL;070025;TRIBUNAL REGIONAL ELEITORAL DO D. FEDERAL;02301057020040053;2004;ASSISTENCIA MEDICA E ODONTOLOGICA AOS SERVIDORES CIVIS, EMPR;0001;ASSISTENCIA MEDICA E ODONTOLOGICA DE CIVIS - COMPLEMENTACAO DA UNIAO;084780;AMO CREMOD;ASSIST MED ODONT- CREDENCIAMENTO;0100;RECURSOS ORDINARIOS;2;ORCAMENTO DE SEGURIDADE SOCIAL;3;DESPESAS CORRENTES;3;OUTRAS DESPESAS CORRENTES;39;OUTROS SERVICOS DE TERCEIROS PJ - OP.INT.ORC.;339039;OUTROS SERVICOS DE TERCEIROS - PESSOA JURIDICA;33903950;SERV.MEDICO-HOSPITAL.,ODONTOL.E LABORATORIAIS;3;ESTIMATIVO;08;NAO SE APLICA;-8;03/01/2018;JAN/2018;2018;070025000012018NE000022;ASSISTENCIA MEDICA;AJUSTE EMPENHOS PGTO NF 2472. SERVICOS ODONTOLOGICOS. RET. ISS (R$ 4,87). EMPRESA OPTANTE SIMPLES NACIONAL. PA 043-53.2018.;070025;TRIBUNAL REGIONAL ELEITORAL DO D. FEDERAL;;;;;;;;0,00;97,37;97,37;;;;;;;;;97,37;97,37
14107;TRIBUNAL REGIONAL ELEITORAL DO DIST. FEDERAL;070025;TRIBUNAL REGIONAL ELEITORAL DO D. FEDERAL;02301057020040053;2004;ASSISTENCIA MEDICA E ODONTOLOGICA AOS SERVIDORES CIVIS, EMPR;0001;ASSISTENCIA MEDICA E ODONTOLOGICA DE CIVIS - COMPLEMENTACAO DA UNIAO;084780;AMO CREMOD;ASSIST MED ODONT- CREDENCIAMENTO;0100;RECURSOS ORDINARIOS;2;ORCAMENTO DE SEGURIDADE SOCIAL;3;DESPESAS CORRENTES;3;OUTRAS DESPESAS CORRENTES;39;OUTROS SERVICOS DE TERCEIROS PJ - OP.INT.ORC.;339039;OUTROS SERVICOS DE TERCEIROS - PESSOA JURIDICA;33903950;SERV.MEDICO-HOSPITAL.,ODONTOL.E LABORATORIAIS;3;ESTIMATIVO;08;NAO SE APLICA;-8;03/01/2018;JAN/2018;2018;070025000012018NE000022;ASSISTENCIA MEDICA;AJUSTE EMPENHOS. PAGTO NF 181. SERVICOS ODONTOLOGICOS. RETENCAO IMP FED 5,85 (R$ 11,95) E ISS 2,00 (R$ 4,08). PA 1834-28.2016.;070025;TRIBUNAL REGIONAL ELEITORAL DO D. FEDERAL;;;;;;;;0,00;(204,19);(204,19);;;;;;;;;(204,19);(204,19)
14107;TRIBUNAL REGIONAL ELEITORAL DO DIST. FEDERAL;070025;TRIBUNAL REGIONAL ELEITORAL DO D. FEDERAL;02301057020040053;2004;ASSISTENCIA MEDICA E ODONTOLOGICA AOS SERVIDORES CIVIS, EMPR;0001;ASSISTENCIA MEDICA E ODONTOLOGICA DE CIVIS - COMPLEMENTACAO DA UNIAO;084780;AMO CREMOD;ASSIST MED ODONT- CREDENCIAMENTO;0100;RECURSOS ORDINARIOS;2;ORCAMENTO DE SEGURIDADE SOCIAL;3;DESPESAS CORRENTES;3;OUTRAS DESPESAS CORRENTES;39;OUTROS SERVICOS DE TERCEIROS PJ - OP.INT.ORC.;339039;OUTROS SERVICOS DE TERCEIROS - PESSOA JURIDICA;33903950;SERV.MEDICO-HOSPITAL.,ODONTOL.E LABORATORIAIS;3;ESTIMATIVO;08;NAO SE APLICA;-8;03/01/2018;JAN/2018;2018;070025000012018NE000022;ASSISTENCIA MEDICA;ALTERACAO VALOR OB;070025;TRIBUNAL REGIONAL ELEITORAL DO D. FEDERAL;;;;;;;;0,00;(226,08);;;;;;;;;;(226,08);
14107;TRIBUNAL REGIONAL ELEITORAL DO DIST. FEDERAL;070025;TRIBUNAL REGIONAL ELEITORAL DO D. FEDERAL;02301057020040053;2004;ASSISTENCIA MEDICA E ODONTOLOGICA AOS SERVIDORES CIVIS, EMPR;0001;ASSISTENCIA MEDICA E ODONTOLOGICA DE CIVIS - COMPLEMENTACAO DA UNIAO;084780;AMO CREMOD;ASSIST MED ODONT- CREDENCIAMENTO;0100;RECURSOS ORDINARIOS;2;ORCAMENTO DE SEGURIDADE SOCIAL;3;DESPESAS CORRENTES;3;OUTRAS DESPESAS CORRENTES;39;OUTROS SERVICOS DE TERCEIROS PJ - OP.INT.ORC.;339039;OUTROS SERVICOS DE TERCEIROS - PESSOA JURIDICA;33903950;SERV.MEDICO-HOSPITAL.,ODONTOL.E LABORATORIAIS;3;ESTIMATIVO;08;NAO SE APLICA;-8;03/01/2018;JAN/2018;2018;070025000012018NE000022;ASSISTENCIA MEDICA;CANCELA;070025;TRIBUNAL REGIONAL ELEITORAL DO D. FEDERAL;;;;;;;;0,00;0,00;(4.568,96);;;;;;;;;0,00;(4.568,96)
14107;TRIBUNAL REGIONAL ELEITORAL DO DIST. FEDERAL;070025;TRIBUNAL REGIONAL ELEITORAL DO D. FEDERAL;02301057020040053;2004;ASSISTENCIA MEDICA E ODONTOLOGICA AOS SERVIDORES CIVIS, EMPR;0001;ASSISTENCIA MEDICA E ODONTOLOGICA DE CIVIS - COMPLEMENTACAO DA UNIAO;084780;AMO CREMOD;ASSIST MED ODONT- CREDENCIAMENTO;0100;RECURSOS ORDINARIOS;2;ORCAMENTO DE SEGURIDADE SOCIAL;3;DESPESAS CORRENTES;3;OUTRAS DESPESAS CORRENTES;39;OUTROS SERVICOS DE TERCEIROS PJ - OP.INT.ORC.;339039;OUTROS SERVICOS DE TERCEIROS - PESSOA JURIDICA;33903950;SERV.MEDICO-HOSPITAL.,ODONTOL.E LABORATORIAIS;3;ESTIMATIVO;08;NAO SE APLICA;-8;03/01/2018;JAN/2018;2018;070025000012018NE000022;ASSISTENCIA MEDICA;CANCELA AJUSTE EMPENHO PGTO NF 2472. SERVICOS ODONTOLOGICOS. RET. ISS (R$ 4,87). EMPRESA OPTANTE SIMPLES NACIONAL. PA 043-53.2018.;070025;TRIBUNAL REGIONAL ELEITORAL DO D. FEDERAL;;;;;;;;0,00;(97,37);(97,37);;;;;;;;;(97,37);(97,37)
14107;TRIBUNAL REGIONAL ELEITORAL DO DIST. FEDERAL;070025;TRIBUNAL REGIONAL ELEITORAL DO D. FEDERAL;02301057020040053;2004;ASSISTENCIA MEDICA E ODONTOLOGICA AOS SERVIDORES CIVIS, EMPR;0001;ASSISTENCIA MEDICA E ODONTOLOGICA DE CIVIS - COMPLEMENTACAO DA UNIAO;084780;AMO CREMOD;ASSIST MED ODONT- CREDENCIAMENTO;0100;RECURSOS ORDINARIOS;2;ORCAMENTO DE SEGURIDADE SOCIAL;3;DESPESAS CORRENTES;3;OUTRAS DESPESAS CORRENTES;39;OUTROS SERVICOS DE TERCEIROS PJ - OP.INT.ORC.;339039;OUTROS SERVICOS DE TERCEIROS - PESSOA JURIDICA;33903950;SERV.MEDICO-HOSPITAL.,ODONTOL.E LABORATORIAIS;3;ESTIMATIVO;08;NAO SE APLICA;-8;03/01/2018;JAN/2018;2018;070025000012018NE000022;ASSISTENCIA MEDICA;CANCELA APARA AJUSTE. PAGO POR MEIO DE OUTRA OB;070025;TRIBUNAL REGIONAL ELEITORAL DO D. FEDERAL;;;;;;;;0,00;(90,00);;;;;;;;;;(90,00);
14107;TRIBUNAL REGIONAL ELEITORAL DO DIST. FEDERAL;070025;TRIBUNAL REGIONAL ELEITORAL DO D. FEDERAL;02301057020040053;2004;ASSISTENCIA MEDICA E ODONTOLOGICA AOS SERVIDORES CIVIS, EMPR;0001;ASSISTENCIA MEDICA E ODONTOLOGICA DE CIVIS - COMPLEMENTACAO DA UNIAO;084780;AMO CREMOD;ASSIST MED ODONT- CREDENCIAMENTO;0100;RECURSOS ORDINARIOS;2;ORCAMENTO DE SEGURIDADE SOCIAL;3;DESPESAS CORRENTES;3;OUTRAS DESPESAS CORRENTES;39;OUTROS SERVICOS DE TERCEIROS PJ - OP.INT.ORC.;339039;OUTROS SERVICOS DE TERCEIROS - PESSOA JURIDICA;33903950;SERV.MEDICO-HOSPITAL.,ODONTOL.E LABORATORIAIS;3;ESTIMATIVO;08;NAO SE APLICA;-8;03/01/2018;JAN/2018;2018;070025000012018NE000022;ASSISTENCIA MEDICA;CANCELA PARA AJUSTE;070025;TRIBUNAL REGIONAL ELEITORAL DO D. FEDERAL;;;;;;;;0,00;0,00;(4.033,99);;;;;;;;;0,00;(4.033,99)
14107;TRIBUNAL REGIONAL ELEITORAL DO DIST. FEDERAL;070025;TRIBUNAL REGIONAL ELEITORAL DO D. FEDERAL;02301057020040053;2004;ASSISTENCIA MEDICA E ODONTOLOGICA AOS SERVIDORES CIVIS, EMPR;0001;ASSISTENCIA MEDICA E ODONTOLOGICA DE CIVIS - COMPLEMENTACAO DA UNIAO;084780;AMO CREMOD;ASSIST MED ODONT- CREDENCIAMENTO;0100;RECURSOS ORDINARIOS;2;ORCAMENTO DE SEGURIDADE SOCIAL;3;DESPESAS CORRENTES;3;OUTRAS DESPESAS CORRENTES;39;OUTROS SERVICOS DE TERCEIROS PJ - OP.INT.ORC.;339039;OUTROS SERVICOS DE TERCEIROS - PESSOA JURIDICA;33903950;SERV.MEDICO-HOSPITAL.,ODONTOL.E LABORATORIAIS;3;ESTIMATIVO;08;NAO SE APLICA;-8;03/01/2018;JAN/2018;2018;070025000012018NE000022;ASSISTENCIA MEDICA;CANCELAMENTO;070025;TRIBUNAL REGIONAL ELEITORAL DO D. FEDERAL;;;;;;;;0,00;0,00;(22,90);;;;;;;;;0,00;(22,90)
14107;TRIBUNAL REGIONAL ELEITORAL DO DIST. FEDERAL;070025;TRIBUNAL REGIONAL ELEITORAL DO D. FEDERAL;02301057020040053;2004;ASSISTENCIA MEDICA E ODONTOLOGICA AOS SERVIDORES CIVIS, EMPR;0001;ASSISTENCIA MEDICA E ODONTOLOGICA DE CIVIS - COMPLEMENTACAO DA UNIAO;084780;AMO CREMOD;ASSIST MED ODONT- CREDENCIAMENTO;0100;RECURSOS ORDINARIOS;2;ORCAMENTO DE SEGURIDADE SOCIAL;3;DESPESAS CORRENTES;3;OUTRAS DESPESAS CORRENTES;39;OUTROS SERVICOS DE TERCEIROS PJ - OP.INT.ORC.;339039;OUTROS SERVICOS DE TERCEIROS - PESSOA JURIDICA;33903950;SERV.MEDICO-HOSPITAL.,ODONTOL.E LABORATORIAIS;3;ESTIMATIVO;08;NAO SE APLICA;-8;03/01/2018;JAN/2018;2018;070025000012018NE000022;ASSISTENCIA MEDICA;CANCELAMENTO PARA AJUSTE.;070025;TRIBUNAL REGIONAL ELEITORAL DO D. FEDERAL;;;;;;;;0,00;(797,39);(797,39);;;;;;;;;(797,39);(797,39)
14107;TRIBUNAL REGIONAL ELEITORAL DO DIST. FEDERAL;070025;TRIBUNAL REGIONAL ELEITORAL DO D. FEDERAL;02301057020040053;2004;ASSISTENCIA MEDICA E ODONTOLOGICA AOS SERVIDORES CIVIS, EMPR;0001;ASSISTENCIA MEDICA E ODONTOLOGICA DE CIVIS - COMPLEMENTACAO DA UNIAO;084780;AMO CREMOD;ASSIST MED ODONT- CREDENCIAMENTO;0100;RECURSOS ORDINARIOS;2;ORCAMENTO DE SEGURIDADE SOCIAL;3;DESPESAS CORRENTES;3;OUTRAS DESPESAS CORRENTES;39;OUTROS SERVICOS DE TERCEIROS PJ - OP.INT.ORC.;339039;OUTROS SERVICOS DE TERCEIROS - PESSOA JURIDICA;33903950;SERV.MEDICO-HOSPITAL.,ODONTOL.E LABORATORIAIS;3;ESTIMATIVO;08;NAO SE APLICA;-8;03/01/2018;JAN/2018;2018;070025000012018NE000022;ASSISTENCIA MEDICA;CANCELAMENTO PGTO NF 58732 E OUTRAS. SERVICOS MEDICOS. RETENCAO 5,85 IMP FED (R$ 3.693,34) E 2,00 ISS (R$ 1.262,68). PA 0338-90.2018;070025;TRIBUNAL REGIONAL ELEITORAL DO D. FEDERAL;;;;;;;;0,00;(7.383,81);;;;;;;;;;(7.383,81);
14107;TRIBUNAL REGIONAL ELEITORAL DO DIST. FEDERAL;070025;TRIBUNAL REGIONAL ELEITORAL DO D. FEDERAL;02301057020040053;2004;ASSISTENCIA MEDICA E ODONTOLOGICA AOS SERVIDORES CIVIS, EMPR;0001;ASSISTENCIA MEDICA E ODONTOLOGICA DE CIVIS - COMPLEMENTACAO DA UNIAO;084780;AMO CREMOD;ASSIST MED ODONT- CREDENCIAMENTO;0100;RECURSOS ORDINARIOS;2;ORCAMENTO DE SEGURIDADE SOCIAL;3;DESPESAS CORRENTES;3;OUTRAS DESPESAS CORRENTES;39;OUTROS SERVICOS DE TERCEIROS PJ - OP.INT.ORC.;339039;OUTROS SERVICOS DE TERCEIROS - PESSOA JURIDICA;33903950;SERV.MEDICO-HOSPITAL.,ODONTOL.E LABORATORIAIS;3;ESTIMATIVO;08;NAO SE APLICA;-8;03/01/2018;JAN/2018;2018;070025000012018NE000022;ASSISTENCIA MEDICA;CANCELAMENTO.;070025;TRIBUNAL REGIONAL ELEITORAL DO D. FEDERAL;;;;;;;;0,00;0,00;(90,00);;;;;;;;;0,00;(90,00)
14107;TRIBUNAL REGIONAL ELEITORAL DO DIST. FEDERAL;070025;TRIBUNAL REGIONAL ELEITORAL DO D. FEDERAL;02301057020040053;2004;ASSISTENCIA MEDICA E ODONTOLOGICA AOS SERVIDORES CIVIS, EMPR;0001;ASSISTENCIA MEDICA E ODONTOLOGICA DE CIVIS - COMPLEMENTACAO DA UNIAO;084780;AMO CREMOD;ASSIST MED ODONT- CREDENCIAMENTO;0100;RECURSOS ORDINARIOS;2;ORCAMENTO DE SEGURIDADE SOCIAL;3;DESPESAS CORRENTES;3;OUTRAS DESPESAS CORRENTES;39;OUTROS SERVICOS DE TERCEIROS PJ - OP.INT.ORC.;339039;OUTROS SERVICOS DE TERCEIROS - PESSOA JURIDICA;33903950;SERV.MEDICO-HOSPITAL.,ODONTOL.E LABORATORIAIS;3;ESTIMATIVO;08;NAO SE APLICA;-8;03/01/2018;JAN/2018;2018;070025000012018NE000022;ASSISTENCIA MEDICA;CENCELA;070025;TRIBUNAL REGIONAL ELEITORAL DO D. FEDERAL;;;;;;;;0,00;0,00;(3.719,99);;;;;;;;;0,00;(3.719,99)
14107;TRIBUNAL REGIONAL ELEITORAL DO DIST. FEDERAL;070025;TRIBUNAL REGIONAL ELEITORAL DO D. FEDERAL;02301057020040053;2004;ASSISTENCIA MEDICA E ODONTOLOGICA AOS SERVIDORES CIVIS, EMPR;0001;ASSISTENCIA MEDICA E ODONTOLOGICA DE CIVIS - COMPLEMENTACAO DA UNIAO;084780;AMO CREMOD;ASSIST MED ODONT- CREDENCIAMENTO;0100;RECURSOS ORDINARIOS;2;ORCAMENTO DE SEGURIDADE SOCIAL;3;DESPESAS CORRENTES;3;OUTRAS DESPESAS CORRENTES;39;OUTROS SERVICOS DE TERCEIROS PJ - OP.INT.ORC.;339039;OUTROS SERVICOS DE TERCEIROS - PESSOA JURIDICA;33903950;SERV.MEDICO-HOSPITAL.,ODONTOL.E LABORATORIAIS;3;ESTIMATIVO;08;NAO SE APLICA;-8;03/01/2018;JAN/2018;2018;070025000012018NE000022;ASSISTENCIA MEDICA;ERRO;070025;TRIBUNAL REGIONAL ELEITORAL DO D. FEDERAL;;;;;;;;0,00;0,00;(9,54);;;;;;;;;0,00;(9,54)
14107;TRIBUNAL REGIONAL ELEITORAL DO DIST. FEDERAL;070025;TRIBUNAL REGIONAL ELEITORAL DO D. FEDERAL;02301057020040053;2004;ASSISTENCIA MEDICA E ODONTOLOGICA AOS SERVIDORES CIVIS, EMPR;0001;ASSISTENCIA MEDICA E ODONTOLOGICA DE CIVIS - COMPLEMENTACAO DA UNIAO;084780;AMO CREMOD;ASSIST MED ODONT- CREDENCIAMENTO;0100;RECURSOS ORDINARIOS;2;ORCAMENTO DE SEGURIDADE SOCIAL;3;DESPESAS CORRENTES;3;OUTRAS DESPESAS CORRENTES;39;OUTROS SERVICOS DE TERCEIROS PJ - OP.INT.ORC.;339039;OUTROS SERVICOS DE TERCEIROS - PESSOA JURIDICA;33903950;SERV.MEDICO-HOSPITAL.,ODONTOL.E LABORATORIAIS;3;ESTIMATIVO;08;NAO SE APLICA;-8;03/01/2018;JAN/2018;2018;070025000012018NE000022;ASSISTENCIA MEDICA;ERRO DE VALOR;070025;TRIBUNAL REGIONAL ELEITORAL DO D. FEDERAL;;;;;;;;0,00;4,67;(909,40);;;;;;;;;4,67;(909,40)
14107;TRIBUNAL REGIONAL ELEITORAL DO DIST. FEDERAL;070025;TRIBUNAL REGIONAL ELEITORAL DO D. FEDERAL;02301057020040053;2004;ASSISTENCIA MEDICA E ODONTOLOGICA AOS SERVIDORES CIVIS, EMPR;0001;ASSISTENCIA MEDICA E ODONTOLOGICA DE CIVIS - COMPLEMENTACAO DA UNIAO;084780;AMO CREMOD;ASSIST MED ODONT- CREDENCIAMENTO;0100;RECURSOS ORDINARIOS;2;ORCAMENTO DE SEGURIDADE SOCIAL;3;DESPESAS CORRENTES;3;OUTRAS DESPESAS CORRENTES;39;OUTROS SERVICOS DE TERCEIROS PJ - OP.INT.ORC.;339039;OUTROS SERVICOS DE TERCEIROS - PESSOA JURIDICA;33903950;SERV.MEDICO-HOSPITAL.,ODONTOL.E LABORATORIAIS;3;ESTIMATIVO;08;NAO SE APLICA;-8;03/01/2018;JAN/2018;2018;070025000012018NE000022;ASSISTENCIA MEDICA;ITEM REPETIDO;070025;TRIBUNAL REGIONAL ELEITORAL DO D. FEDERAL;;;;;;;;0,00;(3.168,05);;;;;;;;;;(3.168,05);
14107;TRIBUNAL REGIONAL ELEITORAL DO DIST. FEDERAL;070025;TRIBUNAL REGIONAL ELEITORAL DO D. FEDERAL;02301057020040053;2004;ASSISTENCIA MEDICA E ODONTOLOGICA AOS SERVIDORES CIVIS, EMPR;0001;ASSISTENCIA MEDICA E ODONTOLOGICA DE CIVIS - COMPLEMENTACAO DA UNIAO;084780;AMO CREMOD;ASSIST MED ODONT- CREDENCIAMENTO;0100;RECURSOS ORDINARIOS;2;ORCAMENTO DE SEGURIDADE SOCIAL;3;DESPESAS CORRENTES;3;OUTRAS DESPESAS CORRENTES;39;OUTROS SERVICOS DE TERCEIROS PJ - OP.INT.ORC.;339039;OUTROS SERVICOS DE TERCEIROS - PESSOA JURIDICA;33903950;SERV.MEDICO-HOSPITAL.,ODONTOL.E LABORATORIAIS;3;ESTIMATIVO;08;NAO SE APLICA;-8;03/01/2018;JAN/2018;2018;070025000012018NE000022;ASSISTENCIA MEDICA;MUDANCA DE EMPENHO;070025;TRIBUNAL REGIONAL ELEITORAL DO D. FEDERAL;;;;;;;;0,00;1.505,59;;;;;;;;;;1.505,59;
14107;TRIBUNAL REGIONAL ELEITORAL DO DIST. FEDERAL;070025;TRIBUNAL REGIONAL ELEITORAL DO D. FEDERAL;02301057020040053;2004;ASSISTENCIA MEDICA E ODONTOLOGICA AOS SERVIDORES CIVIS, EMPR;0001;ASSISTENCIA MEDICA E ODONTOLOGICA DE CIVIS - COMPLEMENTACAO DA UNIAO;084780;AMO CREMOD;ASSIST MED ODONT- CREDENCIAMENTO;0100;RECURSOS ORDINARIOS;2;ORCAMENTO DE SEGURIDADE SOCIAL;3;DESPESAS CORRENTES;3;OUTRAS DESPESAS CORRENTES;39;OUTROS SERVICOS DE TERCEIROS PJ - OP.INT.ORC.;339039;OUTROS SERVICOS DE TERCEIROS - PESSOA JURIDICA;33903950;SERV.MEDICO-HOSPITAL.,ODONTOL.E LABORATORIAIS;3;ESTIMATIVO;08;NAO SE APLICA;-8;03/01/2018;JAN/2018;2018;070025000012018NE000022;ASSISTENCIA MEDICA;PAGTO COMPLEMENTO DE R$ 3,00 DAS NF 61775, 61784, 61990, 62110, 62292, 62293, 62294. SERVICOS MEDICOS. PA 2205-89.2016.;070025;TRIBUNAL REGIONAL ELEITORAL DO D. FEDERAL;;;;;;;;0,00;3,00;3,00;;;;;;;;;3,00;3,00
14107;TRIBUNAL REGIONAL ELEITORAL DO DIST. FEDERAL;070025;TRIBUNAL REGIONAL ELEITORAL DO D. FEDERAL;02301057020040053;2004;ASSISTENCIA MEDICA E ODONTOLOGICA AOS SERVIDORES CIVIS, EMPR;0001;ASSISTENCIA MEDICA E ODONTOLOGICA DE CIVIS - COMPLEMENTACAO DA UNIAO;084780;AMO CREMOD;ASSIST MED ODONT- CREDENCIAMENTO;0100;RECURSOS ORDINARIOS;2;ORCAMENTO DE SEGURIDADE SOCIAL;3;DESPESAS CORRENTES;3;OUTRAS DESPESAS CORRENTES;39;OUTROS SERVICOS DE TERCEIROS PJ - OP.INT.ORC.;339039;OUTROS SERVICOS DE TERCEIROS - PESSOA JURIDICA;33903950;SERV.MEDICO-HOSPITAL.,ODONTOL.E LABORATORIAIS;3;ESTIMATIVO;08;NAO SE APLICA;-8;03/01/2018;JAN/2018;2018;070025000012018NE000022;ASSISTENCIA MEDICA;PAGTO NE 6839. SERVICOS ODONTOLOGICOS. RET. ISS 2,79 (R$ 8,53). EMPRESA OPTANTE PELO SIMPLES NACIONAL. PA 766-72.2018.;070025;TRIBUNAL REGIONAL ELEITORAL DO D. FEDERAL;;;;;;;;0,00;154,42;154,42;;;;;;;;;154,42;154,42
14107;TRIBUNAL REGIONAL ELEITORAL DO DIST. FEDERAL;070025;TRIBUNAL REGIONAL ELEITORAL DO D. FEDERAL;02301057020040053;2004;ASSISTENCIA MEDICA E ODONTOLOGICA AOS SERVIDORES CIVIS, EMPR;0001;ASSISTENCIA MEDICA E ODONTOLOGICA DE CIVIS - COMPLEMENTACAO DA UNIAO;084780;AMO CREMOD;ASSIST MED ODONT- CREDENCIAMENTO;0100;RECURSOS ORDINARIOS;2;ORCAMENTO DE SEGURIDADE SOCIAL;3;DESPESAS CORRENTES;3;OUTRAS DESPESAS CORRENTES;39;OUTROS SERVICOS DE TERCEIROS PJ - OP.INT.ORC.;339039;OUTROS SERVICOS DE TERCEIROS - PESSOA JURIDICA;33903950;SERV.MEDICO-HOSPITAL.,ODONTOL.E LABORATORIAIS;3;ESTIMATIVO;08;NAO SE APLICA;-8;03/01/2018;JAN/2018;2018;070025000012018NE000022;ASSISTENCIA MEDICA;PAGTO NE 6982. SERVICOS ODONTOLOGICOS. RET. ISS 2,79 (R$ 2,21). EMPRESA OPTANTE PELO SIMPLES NACIONAL. PA 766-72.2018.;070025;TRIBUNAL REGIONAL ELEITORAL DO D. FEDERAL;;;;;;;;0,00;79,37;79,37;;;;;;;;;79,37;79,37
14107;TRIBUNAL REGIONAL ELEITORAL DO DIST. FEDERAL;070025;TRIBUNAL REGIONAL ELEITORAL DO D. FEDERAL;02301057020040053;2004;ASSISTENCIA MEDICA E ODONTOLOGICA AOS SERVIDORES CIVIS, EMPR;0001;ASSISTENCIA MEDICA E ODONTOLOGICA DE CIVIS - COMPLEMENTACAO DA UNIAO;084780;AMO CREMOD;ASSIST MED ODONT- CREDENCIAMENTO;0100;RECURSOS ORDINARIOS;2;ORCAMENTO DE SEGURIDADE SOCIAL;3;DESPESAS CORRENTES;3;OUTRAS DESPESAS CORRENTES;39;OUTROS SERVICOS DE TERCEIROS PJ - OP.INT.ORC.;339039;OUTROS SERVICOS DE TERCEIROS - PESSOA JURIDICA;33903950;SERV.MEDICO-HOSPITAL.,ODONTOL.E LABORATORIAIS;3;ESTIMATIVO;08;NAO SE APLICA;-8;03/01/2018;JAN/2018;2018;070025000012018NE000022;ASSISTENCIA MEDICA;PAGTO NF 104. SERVICOS ODONTOLOGICOS. RETENCAO 5,85 IMP FED (R$ 119,82) E 2,00 ISS (R$ 40,97). PA 528-53.2018.6.07.8100;070025;TRIBUNAL REGIONAL ELEITORAL DO D. FEDERAL;;;;;;;;0,00;830,24;830,24;;;;;;;;;830,24;830,24
14107;TRIBUNAL REGIONAL ELEITORAL DO DIST. FEDERAL;070025;TRIBUNAL REGIONAL ELEITORAL DO D. FEDERAL;02301057020040053;2004;ASSISTENCIA MEDICA E ODONTOLOGICA AOS SERVIDORES CIVIS, EMPR;0001;ASSISTENCIA MEDICA E ODONTOLOGICA DE CIVIS - COMPLEMENTACAO DA UNIAO;084780;AMO CREMOD;ASSIST MED ODONT- CREDENCIAMENTO;0100;RECURSOS ORDINARIOS;2;ORCAMENTO DE SEGURIDADE SOCIAL;3;DESPESAS CORRENTES;3;OUTRAS DESPESAS CORRENTES;39;OUTROS SERVICOS DE TERCEIROS PJ - OP.INT.ORC.;339039;OUTROS SERVICOS DE TERCEIROS - PESSOA JURIDICA;33903950;SERV.MEDICO-HOSPITAL.,ODONTOL.E LABORATORIAIS;3;ESTIMATIVO;08;NAO SE APLICA;-8;03/01/2018;JAN/2018;2018;070025000012018NE000022;ASSISTENCIA MEDICA;PAGTO NF 1062. SERVICOS ODONTOLOGICOS. RET IMP FED 5,85 (R$ 13,88) E ISS 2,00 (R$ 4,74). PA 1605-97.2018.;070025;TRIBUNAL REGIONAL ELEITORAL DO D. FEDERAL;;;;;;;;0,00;237,19;237,19;;;;;;;;;237,19;237,19
14107;TRIBUNAL REGIONAL ELEITORAL DO DIST. FEDERAL;070025;TRIBUNAL REGIONAL ELEITORAL DO D. FEDERAL;02301057020040053;2004;ASSISTENCIA MEDICA E ODONTOLOGICA AOS SERVIDORES CIVIS, EMPR;0001;ASSISTENCIA MEDICA E ODONTOLOGICA DE CIVIS - COMPLEMENTACAO DA UNIAO;084780;AMO CREMOD;ASSIST MED ODONT- CREDENCIAMENTO;0100;RECURSOS ORDINARIOS;2;ORCAMENTO DE SEGURIDADE SOCIAL;3;DESPESAS CORRENTES;3;OUTRAS DESPESAS CORRENTES;39;OUTROS SERVICOS DE TERCEIROS PJ - OP.INT.ORC.;339039;OUTROS SERVICOS DE TERCEIROS - PESSOA JURIDICA;33903950;SERV.MEDICO-HOSPITAL.,ODONTOL.E LABORATORIAIS;3;ESTIMATIVO;08;NAO SE APLICA;-8;03/01/2018;JAN/2018;2018;070025000012018NE000022;ASSISTENCIA MEDICA;PAGTO NF 1085. SERVICOS ODONTOLOGICOS. RETENCAO 3,84 ISS (R$ 1,94). OPTANTE PELO SIMPLES NACIONAL. PA 473-05.2018.;070025;TRIBUNAL REGIONAL ELEITORAL DO D. FEDERAL;;;;;;;;0,00;50,40;50,40;;;;;;;;;50,40;50,40
14107;TRIBUNAL REGIONAL ELEITORAL DO DIST. FEDERAL;070025;TRIBUNAL REGIONAL ELEITORAL DO D. FEDERAL;02301057020040053;2004;ASSISTENCIA MEDICA E ODONTOLOGICA AOS SERVIDORES CIVIS, EMPR;0001;ASSISTENCIA MEDICA E ODONTOLOGICA DE CIVIS - COMPLEMENTACAO DA UNIAO;084780;AMO CREMOD;ASSIST MED ODONT- CREDENCIAMENTO;0100;RECURSOS ORDINARIOS;2;ORCAMENTO DE SEGURIDADE SOCIAL;3;DESPESAS CORRENTES;3;OUTRAS DESPESAS CORRENTES;39;OUTROS SERVICOS DE TERCEIROS PJ - OP.INT.ORC.;339039;OUTROS SERVICOS DE TERCEIROS - PESSOA JURIDICA;33903950;SERV.MEDICO-HOSPITAL.,ODONTOL.E LABORATORIAIS;3;ESTIMATIVO;08;NAO SE APLICA;-8;03/01/2018;JAN/2018;2018;070025000012018NE000022;ASSISTENCIA MEDICA;PAGTO NF 10871 E 10966. SERVICOS MEDICOS. ENTIDADE SEM FINS LUCRATIVOS. PA 381-27.2018.;070025;TRIBUNAL REGIONAL ELEITORAL DO D. FEDERAL;;;;;;;;0,00;4.260,91;4.260,91;;;;;;;;;4.260,91;4.260,91
14107;TRIBUNAL REGIONAL ELEITORAL DO DIST. FEDERAL;070025;TRIBUNAL REGIONAL ELEITORAL DO D. FEDERAL;02301057020040053;2004;ASSISTENCIA MEDICA E ODONTOLOGICA AOS SERVIDORES CIVIS, EMPR;0001;ASSISTENCIA MEDICA E ODONTOLOGICA DE CIVIS - COMPLEMENTACAO DA UNIAO;084780;AMO CREMOD;ASSIST MED ODONT- CREDENCIAMENTO;0100;RECURSOS ORDINARIOS;2;ORCAMENTO DE SEGURIDADE SOCIAL;3;DESPESAS CORRENTES;3;OUTRAS DESPESAS CORRENTES;39;OUTROS SERVICOS DE TERCEIROS PJ - OP.INT.ORC.;339039;OUTROS SERVICOS DE TERCEIROS - PESSOA JURIDICA;33903950;SERV.MEDICO-HOSPITAL.,ODONTOL.E LABORATORIAIS;3;ESTIMATIVO;08;NAO SE APLICA;-8;03/01/2018;JAN/2018;2018;070025000012018NE000022;ASSISTENCIA MEDICA;PAGTO NF 11.248. SERVICOS MEDICOS. ENTIDADE SEM FINS LUCRATIVOS. PA 381-27.2018.;070025;TRIBUNAL REGIONAL ELEITORAL DO D. FEDERAL;;;;;;;;0,00;6.359,66;6.359,66;;;;;;;;;6.359,66;6.359,66
14107;TRIBUNAL REGIONAL ELEITORAL DO DIST. FEDERAL;070025;TRIBUNAL REGIONAL ELEITORAL DO D. FEDERAL;02301057020040053;2004;ASSISTENCIA MEDICA E ODONTOLOGICA AOS SERVIDORES CIVIS, EMPR;0001;ASSISTENCIA MEDICA E ODONTOLOGICA DE CIVIS - COMPLEMENTACAO DA UNIAO;084780;AMO CREMOD;ASSIST MED ODONT- CREDENCIAMENTO;0100;RECURSOS ORDINARIOS;2;ORCAMENTO DE SEGURIDADE SOCIAL;3;DESPESAS CORRENTES;3;OUTRAS DESPESAS CORRENTES;39;OUTROS SERVICOS DE TERCEIROS PJ - OP.INT.ORC.;339039;OUTROS SERVICOS DE TERCEIROS - PESSOA JURIDICA;33903950;SERV.MEDICO-HOSPITAL.,ODONTOL.E LABORATORIAIS;3;ESTIMATIVO;08;NAO SE APLICA;-8;03/01/2018;JAN/2018;2018;070025000012018NE000022;ASSISTENCIA MEDICA;PAGTO NF 1127. SERVICOS ODONTOLOGICOS. RETENCAO 3,84 ISS (R$ 4,61). OPTANTE PELO SIMPLES NACIONAL. PA 473-05.2018.;070025;TRIBUNAL REGIONAL ELEITORAL DO D. FEDERAL;;;;;;;;0,00;120,00;120,00;;;;;;;;;120,00;120,00
14107;TRIBUNAL REGIONAL ELEITORAL DO DIST. FEDERAL;070025;TRIBUNAL REGIONAL ELEITORAL DO D. FEDERAL;02301057020040053;2004;ASSISTENCIA MEDICA E ODONTOLOGICA AOS SERVIDORES CIVIS, EMPR;0001;ASSISTENCIA MEDICA E ODONTOLOGICA DE CIVIS - COMPLEMENTACAO DA UNIAO;084780;AMO CREMOD;ASSIST MED ODONT- CREDENCIAMENTO;0100;RECURSOS ORDINARIOS;2;ORCAMENTO DE SEGURIDADE SOCIAL;3;DESPESAS CORRENTES;3;OUTRAS DESPESAS CORRENTES;39;OUTROS SERVICOS DE TERCEIROS PJ - OP.INT.ORC.;339039;OUTROS SERVICOS DE TERCEIROS - PESSOA JURIDICA;33903950;SERV.MEDICO-HOSPITAL.,ODONTOL.E LABORATORIAIS;3;ESTIMATIVO;08;NAO SE APLICA;-8;03/01/2018;JAN/2018;2018;070025000012018NE000022;ASSISTENCIA MEDICA;PAGTO NF 11373. SERVICOS MEDICOS. RETENCAO IMP FED 4,65(R$ 10,08) E 1,50 (R$ 3,25). PA 2815-57.2016.;070025;TRIBUNAL REGIONAL ELEITORAL DO D. FEDERAL;;;;;;;;0,00;216,72;216,72;;;;;;;;;216,72;216,72
14107;TRIBUNAL REGIONAL ELEITORAL DO DIST. FEDERAL;070025;TRIBUNAL REGIONAL ELEITORAL DO D. FEDERAL;02301057020040053;2004;ASSISTENCIA MEDICA E ODONTOLOGICA AOS SERVIDORES CIVIS, EMPR;0001;ASSISTENCIA MEDICA E ODONTOLOGICA DE CIVIS - COMPLEMENTACAO DA UNIAO;084780;AMO CREMOD;ASSIST MED ODONT- CREDENCIAMENTO;0100;RECURSOS ORDINARIOS;2;ORCAMENTO DE SEGURIDADE SOCIAL;3;DESPESAS CORRENTES;3;OUTRAS DESPESAS CORRENTES;39;OUTROS SERVICOS DE TERCEIROS PJ - OP.INT.ORC.;339039;OUTROS SERVICOS DE TERCEIROS - PESSOA JURIDICA;33903950;SERV.MEDICO-HOSPITAL.,ODONTOL.E LABORATORIAIS;3;ESTIMATIVO;08;NAO SE APLICA;-8;03/01/2018;JAN/2018;2018;070025000012018NE000022;ASSISTENCIA MEDICA;PAGTO NF 120. SERVICOS MEDICOS. RETENCAO IMP FED 5,85 (R$ 38,97) E ISS 2,00(R$ 13,32) PA 414-17.2018.;070025;TRIBUNAL REGIONAL ELEITORAL DO D. FEDERAL;;;;;;;;0,00;666,23;666,23;;;;;;;;;666,23;666,23
14107;TRIBUNAL REGIONAL ELEITORAL DO DIST. FEDERAL;070025;TRIBUNAL REGIONAL ELEITORAL DO D. FEDERAL;02301057020040053;2004;ASSISTENCIA MEDICA E ODONTOLOGICA AOS SERVIDORES CIVIS, EMPR;0001;ASSISTENCIA MEDICA E ODONTOLOGICA DE CIVIS - COMPLEMENTACAO DA UNIAO;084780;AMO CREMOD;ASSIST MED ODONT- CREDENCIAMENTO;0100;RECURSOS ORDINARIOS;2;ORCAMENTO DE SEGURIDADE SOCIAL;3;DESPESAS CORRENTES;3;OUTRAS DESPESAS CORRENTES;39;OUTROS SERVICOS DE TERCEIROS PJ - OP.INT.ORC.;339039;OUTROS SERVICOS DE TERCEIROS - PESSOA JURIDICA;33903950;SERV.MEDICO-HOSPITAL.,ODONTOL.E LABORATORIAIS;3;ESTIMATIVO;08;NAO SE APLICA;-8;03/01/2018;JAN/2018;2018;070025000012018NE000022;ASSISTENCIA MEDICA;PAGTO NF 1207. SERVICOS MEDICOS. RETENCAO IMP FED 5,85 (R$ 29,55)E ISS 2,00 (R$ 10,10). PA 2077-98.2018.;070025;TRIBUNAL REGIONAL ELEITORAL DO D. FEDERAL;;;;;;;;0,00;505,08;505,08;;;;;;;;;505,08;505,08
14107;TRIBUNAL REGIONAL ELEITORAL DO DIST. FEDERAL;070025;TRIBUNAL REGIONAL ELEITORAL DO D. FEDERAL;02301057020040053;2004;ASSISTENCIA MEDICA E ODONTOLOGICA AOS SERVIDORES CIVIS, EMPR;0001;ASSISTENCIA MEDICA E ODONTOLOGICA DE CIVIS - COMPLEMENTACAO DA UNIAO;084780;AMO CREMOD;ASSIST MED ODONT- CREDENCIAMENTO;0100;RECURSOS ORDINARIOS;2;ORCAMENTO DE SEGURIDADE SOCIAL;3;DESPESAS CORRENTES;3;OUTRAS DESPESAS CORRENTES;39;OUTROS SERVICOS DE TERCEIROS PJ - OP.INT.ORC.;339039;OUTROS SERVICOS DE TERCEIROS - PESSOA JURIDICA;33903950;SERV.MEDICO-HOSPITAL.,ODONTOL.E LABORATORIAIS;3;ESTIMATIVO;08;NAO SE APLICA;-8;03/01/2018;JAN/2018;2018;070025000012018NE000022;ASSISTENCIA MEDICA;PAGTO NF 130457. SERVICOS MEDICOS. RETENCAO 5,85 IMP FED (R$ 1.825,99) E 2,00 DE ISS (R$ 624,27). PA 0366-58.2018;070025;TRIBUNAL REGIONAL ELEITORAL DO D. FEDERAL;;;;;;;;0,00;31.213,42;31.213,42;;;;;;;;;31.213,42;31.213,42
14107;TRIBUNAL REGIONAL ELEITORAL DO DIST. FEDERAL;070025;TRIBUNAL REGIONAL ELEITORAL DO D. FEDERAL;02301057020040053;2004;ASSISTENCIA MEDICA E ODONTOLOGICA AOS SERVIDORES CIVIS, EMPR;0001;ASSISTENCIA MEDICA E ODONTOLOGICA DE CIVIS - COMPLEMENTACAO DA UNIAO;084780;AMO CREMOD;ASSIST MED ODONT- CREDENCIAMENTO;0100;RECURSOS ORDINARIOS;2;ORCAMENTO DE SEGURIDADE SOCIAL;3;DESPESAS CORRENTES;3;OUTRAS DESPESAS CORRENTES;39;OUTROS SERVICOS DE TERCEIROS PJ - OP.INT.ORC.;339039;OUTROS SERVICOS DE TERCEIROS - PESSOA JURIDICA;33903950;SERV.MEDICO-HOSPITAL.,ODONTOL.E LABORATORIAIS;3;ESTIMATIVO;08;NAO SE APLICA;-8;03/01/2018;JAN/2018;2018;070025000012018NE000022;ASSISTENCIA MEDICA;PAGTO NF 1322. SERVICOS MEDICOS. RETENCAO 5,85 IMP FED (R$ 77,21) E 2,00 ISS (R$ 26,40). PA 6754-45.2016.;070025;TRIBUNAL REGIONAL ELEITORAL DO D. FEDERAL;;;;;;;;0,00;1.319,77;1.319,77;;;;;;;;;1.319,77;1.319,77
14107;TRIBUNAL REGIONAL ELEITORAL DO DIST. FEDERAL;070025;TRIBUNAL REGIONAL ELEITORAL DO D. FEDERAL;02301057020040053;2004;ASSISTENCIA MEDICA E ODONTOLOGICA AOS SERVIDORES CIVIS, EMPR;0001;ASSISTENCIA MEDICA E ODONTOLOGICA DE CIVIS - COMPLEMENTACAO DA UNIAO;084780;AMO CREMOD;ASSIST MED ODONT- CREDENCIAMENTO;0100;RECURSOS ORDINARIOS;2;ORCAMENTO DE SEGURIDADE SOCIAL;3;DESPESAS CORRENTES;3;OUTRAS DESPESAS CORRENTES;39;OUTROS SERVICOS DE TERCEIROS PJ - OP.INT.ORC.;339039;OUTROS SERVICOS DE TERCEIROS - PESSOA JURIDICA;33903950;SERV.MEDICO-HOSPITAL.,ODONTOL.E LABORATORIAIS;3;ESTIMATIVO;08;NAO SE APLICA;-8;03/01/2018;JAN/2018;2018;070025000012018NE000022;ASSISTENCIA MEDICA;PAGTO NF 16465. SERVICOS ODONTOLOGICOS. RETENCAO 5,85 IMP FED (R$ 3,12) E 2,00 ISS (R$ 1,07). PA 814-31.2018.;070025;TRIBUNAL REGIONAL ELEITORAL DO D. FEDERAL;;;;;;;;0,00;53,39;53,39;;;;;;;;;53,39;53,39
14107;TRIBUNAL REGIONAL ELEITORAL DO DIST. FEDERAL;070025;TRIBUNAL REGIONAL ELEITORAL DO D. FEDERAL;02301057020040053;2004;ASSISTENCIA MEDICA E ODONTOLOGICA AOS SERVIDORES CIVIS, EMPR;0001;ASSISTENCIA MEDICA E ODONTOLOGICA DE CIVIS - COMPLEMENTACAO DA UNIAO;084780;AMO CREMOD;ASSIST MED ODONT- CREDENCIAMENTO;0100;RECURSOS ORDINARIOS;2;ORCAMENTO DE SEGURIDADE SOCIAL;3;DESPESAS CORRENTES;3;OUTRAS DESPESAS CORRENTES;39;OUTROS SERVICOS DE TERCEIROS PJ - OP.INT.ORC.;339039;OUTROS SERVICOS DE TERCEIROS - PESSOA JURIDICA;33903950;SERV.MEDICO-HOSPITAL.,ODONTOL.E LABORATORIAIS;3;ESTIMATIVO;08;NAO SE APLICA;-8;03/01/2018;JAN/2018;2018;070025000012018NE000022;ASSISTENCIA MEDICA;PAGTO NF 16803. SERVICOS ODONTOLOGICOS. RETENCAO 5,85 IMP FED (R$ 12,91) E 2,00 ISS (R$ 4,41). PA 814-31.2018.;070025;TRIBUNAL REGIONAL ELEITORAL DO D. FEDERAL;;;;;;;;0,00;220,60;220,60;;;;;;;;;220,60;220,60
14107;TRIBUNAL REGIONAL ELEITORAL DO DIST. FEDERAL;070025;TRIBUNAL REGIONAL ELEITORAL DO D. FEDERAL;02301057020040053;2004;ASSISTENCIA MEDICA E ODONTOLOGICA AOS SERVIDORES CIVIS, EMPR;0001;ASSISTENCIA MEDICA E ODONTOLOGICA DE CIVIS - COMPLEMENTACAO DA UNIAO;084780;AMO CREMOD;ASSIST MED ODONT- CREDENCIAMENTO;0100;RECURSOS ORDINARIOS;2;ORCAMENTO DE SEGURIDADE SOCIAL;3;DESPESAS CORRENTES;3;OUTRAS DESPESAS CORRENTES;39;OUTROS SERVICOS DE TERCEIROS PJ - OP.INT.ORC.;339039;OUTROS SERVICOS DE TERCEIROS - PESSOA JURIDICA;33903950;SERV.MEDICO-HOSPITAL.,ODONTOL.E LABORATORIAIS;3;ESTIMATIVO;08;NAO SE APLICA;-8;03/01/2018;JAN/2018;2018;070025000012018NE000022;ASSISTENCIA MEDICA;PAGTO NF 1771. SERVICOS MEDICOS. RETENCAO 5,85 IMP FED (R$ 28,98) E 2,00 ISS (R$ 9,91). PA 2096-41.2017;070025;TRIBUNAL REGIONAL ELEITORAL DO D. FEDERAL;;;;;;;;0,00;495,47;495,47;;;;;;;;;495,47;495,47
14107;TRIBUNAL REGIONAL ELEITORAL DO DIST. FEDERAL;070025;TRIBUNAL REGIONAL ELEITORAL DO D. FEDERAL;02301057020040053;2004;ASSISTENCIA MEDICA E ODONTOLOGICA AOS SERVIDORES CIVIS, EMPR;0001;ASSISTENCIA MEDICA E ODONTOLOGICA DE CIVIS - COMPLEMENTACAO DA UNIAO;084780;AMO CREMOD;ASSIST MED ODONT- CREDENCIAMENTO;0100;RECURSOS ORDINARIOS;2;ORCAMENTO DE SEGURIDADE SOCIAL;3;DESPESAS CORRENTES;3;OUTRAS DESPESAS CORRENTES;39;OUTROS SERVICOS DE TERCEIROS PJ - OP.INT.ORC.;339039;OUTROS SERVICOS DE TERCEIROS - PESSOA JURIDICA;33903950;SERV.MEDICO-HOSPITAL.,ODONTOL.E LABORATORIAIS;3;ESTIMATIVO;08;NAO SE APLICA;-8;03/01/2018;JAN/2018;2018;070025000012018NE000022;ASSISTENCIA MEDICA;PAGTO NF 181. SERVICOS ODONTOLOGICOS. RETENCAO IMP FED 5,85 (R$ 11,95) E ISS 2,00 (R$ 4,08). PA 1834-28.2016.;070025;TRIBUNAL REGIONAL ELEITORAL DO D. FEDERAL;;;;;;;;0,00;204,19;204,19;;;;;;;;;204,19;204,19
14107;TRIBUNAL REGIONAL ELEITORAL DO DIST. FEDERAL;070025;TRIBUNAL REGIONAL ELEITORAL DO D. FEDERAL;02301057020040053;2004;ASSISTENCIA MEDICA E ODONTOLOGICA AOS SERVIDORES CIVIS, EMPR;0001;ASSISTENCIA MEDICA E ODONTOLOGICA DE CIVIS - COMPLEMENTACAO DA UNIAO;084780;AMO CREMOD;ASSIST MED ODONT- CREDENCIAMENTO;0100;RECURSOS ORDINARIOS;2;ORCAMENTO DE SEGURIDADE SOCIAL;3;DESPESAS CORRENTES;3;OUTRAS DESPESAS CORRENTES;39;OUTROS SERVICOS DE TERCEIROS PJ - OP.INT.ORC.;339039;OUTROS SERVICOS DE TERCEIROS - PESSOA JURIDICA;33903950;SERV.MEDICO-HOSPITAL.,ODONTOL.E LABORATORIAIS;3;ESTIMATIVO;08;NAO SE APLICA;-8;03/01/2018;JAN/2018;2018;070025000012018NE000022;ASSISTENCIA MEDICA;PAGTO NF 19.695. SERVICOS MEDICOS. RETENCAO IMP. FE. 5,85 (R$ 70,12) E ISS 2,00 (R$ 23,97). PA 1112-23.2018;070025;TRIBUNAL REGIONAL ELEITORAL DO D. FEDERAL;;;;;;;;0,00;1.198,62;1.198,62;;;;;;;;;1.198,62;1.198,62
14107;TRIBUNAL REGIONAL ELEITORAL DO DIST. FEDERAL;070025;TRIBUNAL REGIONAL ELEITORAL DO D. FEDERAL;02301057020040053;2004;ASSISTENCIA MEDICA E ODONTOLOGICA AOS SERVIDORES CIVIS, EMPR;0001;ASSISTENCIA MEDICA E ODONTOLOGICA DE CIVIS - COMPLEMENTACAO DA UNIAO;084780;AMO CREMOD;ASSIST MED ODONT- CREDENCIAMENTO;0100;RECURSOS ORDINARIOS;2;ORCAMENTO DE SEGURIDADE SOCIAL;3;DESPESAS CORRENTES;3;OUTRAS DESPESAS CORRENTES;39;OUTROS SERVICOS DE TERCEIROS PJ - OP.INT.ORC.;339039;OUTROS SERVICOS DE TERCEIROS - PESSOA JURIDICA;33903950;SERV.MEDICO-HOSPITAL.,ODONTOL.E LABORATORIAIS;3;ESTIMATIVO;08;NAO SE APLICA;-8;03/01/2018;JAN/2018;2018;070025000012018NE000022;ASSISTENCIA MEDICA;PAGTO NF 21.376. SERVICOS MEDICOS. RETENCAO 5,85 IMP FED (R$ 60,16) E 2,00 ISS (R$ 18,14). PA 1777-10.2016.;070025;TRIBUNAL REGIONAL ELEITORAL DO D. FEDERAL;;;;;;;;0,00;909,40;1.823,47;;;;;;;;;909,40;1.823,47
14107;TRIBUNAL REGIONAL ELEITORAL DO DIST. FEDERAL;070025;TRIBUNAL REGIONAL ELEITORAL DO D. FEDERAL;02301057020040053;2004;ASSISTENCIA MEDICA E ODONTOLOGICA AOS SERVIDORES CIVIS, EMPR;0001;ASSISTENCIA MEDICA E ODONTOLOGICA DE CIVIS - COMPLEMENTACAO DA UNIAO;084780;AMO CREMOD;ASSIST MED ODONT- CREDENCIAMENTO;0100;RECURSOS ORDINARIOS;2;ORCAMENTO DE SEGURIDADE SOCIAL;3;DESPESAS CORRENTES;3;OUTRAS DESPESAS CORRENTES;39;OUTROS SERVICOS DE TERCEIROS PJ - OP.INT.ORC.;339039;OUTROS SERVICOS DE TERCEIROS - PESSOA JURIDICA;33903950;SERV.MEDICO-HOSPITAL.,ODONTOL.E LABORATORIAIS;3;ESTIMATIVO;08;NAO SE APLICA;-8;03/01/2018;JAN/2018;2018;070025000012018NE000022;ASSISTENCIA MEDICA;PAGTO NF 21256. SERVICOS MEDICOS. RETENCAO 5,85 IMP FED (R$ 25,61) E 2,00 ISS (R$ 8,76). PA 1777-10.2016.;070025;TRIBUNAL REGIONAL ELEITORAL DO D. FEDERAL;;;;;;;;0,00;90,00;90,00;;;;;;;;;90,00;90,00
14107;TRIBUNAL REGIONAL ELEITORAL DO DIST. FEDERAL;070025;TRIBUNAL REGIONAL ELEITORAL DO D. FEDERAL;02301057020040053;2004;ASSISTENCIA MEDICA E ODONTOLOGICA AOS SERVIDORES CIVIS, EMPR;0001;ASSISTENCIA MEDICA E ODONTOLOGICA DE CIVIS - COMPLEMENTACAO DA UNIAO;084780;AMO CREMOD;ASSIST MED ODONT- CREDENCIAMENTO;0100;RECURSOS ORDINARIOS;2;ORCAMENTO DE SEGURIDADE SOCIAL;3;DESPESAS CORRENTES;3;OUTRAS DESPESAS CORRENTES;39;OUTROS SERVICOS DE TERCEIROS PJ - OP.INT.ORC.;339039;OUTROS SERVICOS DE TERCEIROS - PESSOA JURIDICA;33903950;SERV.MEDICO-HOSPITAL.,ODONTOL.E LABORATORIAIS;3;ESTIMATIVO;08;NAO SE APLICA;-8;03/01/2018;JAN/2018;2018;070025000012018NE000022;ASSISTENCIA MEDICA;PAGTO NF 25056. SERVICOS MEDICOS. RETENCAO 5,85 IMP FED (R$ 48,91) E 2,00 ISS (R$ 16,72). PA 1947-79.2016;070025;TRIBUNAL REGIONAL ELEITORAL DO D. FEDERAL;;;;;;;;0,00;529,96;529,96;;;;;;;;;529,96;529,96
14107;TRIBUNAL REGIONAL ELEITORAL DO DIST. FEDERAL;070025;TRIBUNAL REGIONAL ELEITORAL DO D. FEDERAL;02301057020040053;2004;ASSISTENCIA MEDICA E ODONTOLOGICA AOS SERVIDORES CIVIS, EMPR;0001;ASSISTENCIA MEDICA E ODONTOLOGICA DE CIVIS - COMPLEMENTACAO DA UNIAO;084780;AMO CREMOD;ASSIST MED ODONT- CREDENCIAMENTO;0100;RECURSOS ORDINARIOS;2;ORCAMENTO DE SEGURIDADE SOCIAL;3;DESPESAS CORRENTES;3;OUTRAS DESPESAS CORRENTES;39;OUTROS SERVICOS DE TERCEIROS PJ - OP.INT.ORC.;339039;OUTROS SERVICOS DE TERCEIROS - PESSOA JURIDICA;33903950;SERV.MEDICO-HOSPITAL.,ODONTOL.E LABORATORIAIS;3;ESTIMATIVO;08;NAO SE APLICA;-8;03/01/2018;JAN/2018;2018;070025000012018NE000022;ASSISTENCIA MEDICA;PAGTO NF 281. SERVICOS MEDICOS. RETENCAO 5,85 IMP FED (R$ 7,11) E 2,00 ISS (R$ 2,42). PA 1660-19.2016;070025;TRIBUNAL REGIONAL ELEITORAL DO D. FEDERAL;;;;;;;;0,00;121,46;121,46;;;;;;;;;121,46;121,46
14107;TRIBUNAL REGIONAL ELEITORAL DO DIST. FEDERAL;070025;TRIBUNAL REGIONAL ELEITORAL DO D. FEDERAL;02301057020040053;2004;ASSISTENCIA MEDICA E ODONTOLOGICA AOS SERVIDORES CIVIS, EMPR;0001;ASSISTENCIA MEDICA E ODONTOLOGICA DE CIVIS - COMPLEMENTACAO DA UNIAO;084780;AMO CREMOD;ASSIST MED ODONT- CREDENCIAMENTO;0100;RECURSOS ORDINARIOS;2;ORCAMENTO DE SEGURIDADE SOCIAL;3;DESPESAS CORRENTES;3;OUTRAS DESPESAS CORRENTES;39;OUTROS SERVICOS DE TERCEIROS PJ - OP.INT.ORC.;339039;OUTROS SERVICOS DE TERCEIROS - PESSOA JURIDICA;33903950;SERV.MEDICO-HOSPITAL.,ODONTOL.E LABORATORIAIS;3;ESTIMATIVO;08;NAO SE APLICA;-8;03/01/2018;JAN/2018;2018;070025000012018NE000022;ASSISTENCIA MEDICA;PAGTO NF 28115. SERVICOS MEDICOS. RETENCAO IMP FED 5,85 (R$ 46,81 ) E ISS 2,00 (R$ 16,00). PA 2493-37.2016.6.07.8100.;070025;TRIBUNAL REGIONAL ELEITORAL DO D. FEDERAL;;;;;;;;0,00;678,69;678,69;;;;;;;;;678,69;678,69
14107;TRIBUNAL REGIONAL ELEITORAL DO DIST. FEDERAL;070025;TRIBUNAL REGIONAL ELEITORAL DO D. FEDERAL;02301057020040053;2004;ASSISTENCIA MEDICA E ODONTOLOGICA AOS SERVIDORES CIVIS, EMPR;0001;ASSISTENCIA MEDICA E ODONTOLOGICA DE CIVIS - COMPLEMENTACAO DA UNIAO;084780;AMO CREMOD;ASSIST MED ODONT- CREDENCIAMENTO;0100;RECURSOS ORDINARIOS;2;ORCAMENTO DE SEGURIDADE SOCIAL;3;DESPESAS CORRENTES;3;OUTRAS DESPESAS CORRENTES;39;OUTROS SERVICOS DE TERCEIROS PJ - OP.INT.ORC.;339039;OUTROS SERVICOS DE TERCEIROS - PESSOA JURIDICA;33903950;SERV.MEDICO-HOSPITAL.,ODONTOL.E LABORATORIAIS;3;ESTIMATIVO;08;NAO SE APLICA;-8;03/01/2018;JAN/2018;2018;070025000012018NE000022;ASSISTENCIA MEDICA;PAGTO NF 28948. SERVICOS MEDICOS. RETENCAO IMP FED 5,85 (R$ 37,25 ) E ISS 2,00 (R$ 12,74). PA 2493-37.2016.6.07.8100.;070025;TRIBUNAL REGIONAL ELEITORAL DO D. FEDERAL;;;;;;;;0,00;636,79;636,79;;;;;;;;;636,79;636,79
14107;TRIBUNAL REGIONAL ELEITORAL DO DIST. FEDERAL;070025;TRIBUNAL REGIONAL ELEITORAL DO D. FEDERAL;02301057020040053;2004;ASSISTENCIA MEDICA E ODONTOLOGICA AOS SERVIDORES CIVIS, EMPR;0001;ASSISTENCIA MEDICA E ODONTOLOGICA DE CIVIS - COMPLEMENTACAO DA UNIAO;084780;AMO CREMOD;ASSIST MED ODONT- CREDENCIAMENTO;0100;RECURSOS ORDINARIOS;2;ORCAMENTO DE SEGURIDADE SOCIAL;3;DESPESAS CORRENTES;3;OUTRAS DESPESAS CORRENTES;39;OUTROS SERVICOS DE TERCEIROS PJ - OP.INT.ORC.;339039;OUTROS SERVICOS DE TERCEIROS - PESSOA JURIDICA;33903950;SERV.MEDICO-HOSPITAL.,ODONTOL.E LABORATORIAIS;3;ESTIMATIVO;08;NAO SE APLICA;-8;03/01/2018;JAN/2018;2018;070025000012018NE000022;ASSISTENCIA MEDICA;PAGTO NF 2993. REF. SERVICOS MEDICOS. RETENCAO IMP. FED. 5,85 (R$ 4,89) E ISS 2,00 (R$ 1,67). PA 8158-34.2016.;070025;TRIBUNAL REGIONAL ELEITORAL DO D. FEDERAL;;;;;;;;0,00;83,64;83,64;;;;;;;;;83,64;83,64
14107;TRIBUNAL REGIONAL ELEITORAL DO DIST. FEDERAL;070025;TRIBUNAL REGIONAL ELEITORAL DO D. FEDERAL;02301057020040053;2004;ASSISTENCIA MEDICA E ODONTOLOGICA AOS SERVIDORES CIVIS, EMPR;0001;ASSISTENCIA MEDICA E ODONTOLOGICA DE CIVIS - COMPLEMENTACAO DA UNIAO;084780;AMO CREMOD;ASSIST MED ODONT- CREDENCIAMENTO;0100;RECURSOS ORDINARIOS;2;ORCAMENTO DE SEGURIDADE SOCIAL;3;DESPESAS CORRENTES;3;OUTRAS DESPESAS CORRENTES;39;OUTROS SERVICOS DE TERCEIROS PJ - OP.INT.ORC.;339039;OUTROS SERVICOS DE TERCEIROS - PESSOA JURIDICA;33903950;SERV.MEDICO-HOSPITAL.,ODONTOL.E LABORATORIAIS;3;ESTIMATIVO;08;NAO SE APLICA;-8;03/01/2018;JAN/2018;2018;070025000012018NE000022;ASSISTENCIA MEDICA;PAGTO NF 30251. SERVICOS MEDICOS. RETENCAO IMP FED 5,85 (R$ 46,81) E ISS 2,00 (R$ 16,00). PA 2493-37.2016.6.07.8100.;070025;TRIBUNAL REGIONAL ELEITORAL DO D. FEDERAL;;;;;;;;0,00;800,15;800,15;;;;;;;;;800,15;800,15
14107;TRIBUNAL REGIONAL ELEITORAL DO DIST. FEDERAL;070025;TRIBUNAL REGIONAL ELEITORAL DO D. FEDERAL;02301057020040053;2004;ASSISTENCIA MEDICA E ODONTOLOGICA AOS SERVIDORES CIVIS, EMPR;0001;ASSISTENCIA MEDICA E ODONTOLOGICA DE CIVIS - COMPLEMENTACAO DA UNIAO;084780;AMO CREMOD;ASSIST MED ODONT- CREDENCIAMENTO;0100;RECURSOS ORDINARIOS;2;ORCAMENTO DE SEGURIDADE SOCIAL;3;DESPESAS CORRENTES;3;OUTRAS DESPESAS CORRENTES;39;OUTROS SERVICOS DE TERCEIROS PJ - OP.INT.ORC.;339039;OUTROS SERVICOS DE TERCEIROS - PESSOA JURIDICA;33903950;SERV.MEDICO-HOSPITAL.,ODONTOL.E LABORATORIAIS;3;ESTIMATIVO;08;NAO SE APLICA;-8;03/01/2018;JAN/2018;2018;070025000012018NE000022;ASSISTENCIA MEDICA;PAGTO NF 3049. REF. SERVICOS MEDICOS. RETENCAO IMP. FED. 5,85 (R$ 27,73) E ISS 2,00 (R$ 9,48). PA 8158-34.2016.;070025;TRIBUNAL REGIONAL ELEITORAL DO D. FEDERAL;;;;;;;;0,00;66,93;66,93;;;;;;;;;66,93;66,93
14107;TRIBUNAL REGIONAL ELEITORAL DO DIST. FEDERAL;070025;TRIBUNAL REGIONAL ELEITORAL DO D. FEDERAL;02301057020040053;2004;ASSISTENCIA MEDICA E ODONTOLOGICA AOS SERVIDORES CIVIS, EMPR;0001;ASSISTENCIA MEDICA E ODONTOLOGICA DE CIVIS - COMPLEMENTACAO DA UNIAO;084780;AMO CREMOD;ASSIST MED ODONT- CREDENCIAMENTO;0100;RECURSOS ORDINARIOS;2;ORCAMENTO DE SEGURIDADE SOCIAL;3;DESPESAS CORRENTES;3;OUTRAS DESPESAS CORRENTES;39;OUTROS SERVICOS DE TERCEIROS PJ - OP.INT.ORC.;339039;OUTROS SERVICOS DE TERCEIROS - PESSOA JURIDICA;33903950;SERV.MEDICO-HOSPITAL.,ODONTOL.E LABORATORIAIS;3;ESTIMATIVO;08;NAO SE APLICA;-8;03/01/2018;JAN/2018;2018;070025000012018NE000022;ASSISTENCIA MEDICA;PAGTO NF 3137. SERVICOS ODONTOLOGICOS. RETENCAO 5,85 IMP FED (R$ 16,94). EMPRESA UNIPROFISSIONAL. PA 631-60.2018.;070025;TRIBUNAL REGIONAL ELEITORAL DO D. FEDERAL;;;;;;;;0,00;289,62;289,62;;;;;;;;;289,62;289,62
14107;TRIBUNAL REGIONAL ELEITORAL DO DIST. FEDERAL;070025;TRIBUNAL REGIONAL ELEITORAL DO D. FEDERAL;02301057020040053;2004;ASSISTENCIA MEDICA E ODONTOLOGICA AOS SERVIDORES CIVIS, EMPR;0001;ASSISTENCIA MEDICA E ODONTOLOGICA DE CIVIS - COMPLEMENTACAO DA UNIAO;084780;AMO CREMOD;ASSIST MED ODONT- CREDENCIAMENTO;0100;RECURSOS ORDINARIOS;2;ORCAMENTO DE SEGURIDADE SOCIAL;3;DESPESAS CORRENTES;3;OUTRAS DESPESAS CORRENTES;39;OUTROS SERVICOS DE TERCEIROS PJ - OP.INT.ORC.;339039;OUTROS SERVICOS DE TERCEIROS - PESSOA JURIDICA;33903950;SERV.MEDICO-HOSPITAL.,ODONTOL.E LABORATORIAIS;3;ESTIMATIVO;08;NAO SE APLICA;-8;03/01/2018;JAN/2018;2018;070025000012018NE000022;ASSISTENCIA MEDICA;PAGTO NF 3425. SERVICOS MEDICOS. RETENCAO IMP. FED. 5,85 (R$ 5,38) ISS 2,00 (R$ 1,84). PA 2130-79.2018;070025;TRIBUNAL REGIONAL ELEITORAL DO D. FEDERAL;;;;;;;;0,00;92,00;92,00;;;;;;;;;92,00;92,00
14107;TRIBUNAL REGIONAL ELEITORAL DO DIST. FEDERAL;070025;TRIBUNAL REGIONAL ELEITORAL DO D. FEDERAL;02301057020040053;2004;ASSISTENCIA MEDICA E ODONTOLOGICA AOS SERVIDORES CIVIS, EMPR;0001;ASSISTENCIA MEDICA E ODONTOLOGICA DE CIVIS - COMPLEMENTACAO DA UNIAO;084780;AMO CREMOD;ASSIST MED ODONT- CREDENCIAMENTO;0100;RECURSOS ORDINARIOS;2;ORCAMENTO DE SEGURIDADE SOCIAL;3;DESPESAS CORRENTES;3;OUTRAS DESPESAS CORRENTES;39;OUTROS SERVICOS DE TERCEIROS PJ - OP.INT.ORC.;339039;OUTROS SERVICOS DE TERCEIROS - PESSOA JURIDICA;33903950;SERV.MEDICO-HOSPITAL.,ODONTOL.E LABORATORIAIS;3;ESTIMATIVO;08;NAO SE APLICA;-8;03/01/2018;JAN/2018;2018;070025000012018NE000022;ASSISTENCIA MEDICA;PAGTO NF 347. SERVICOS MEDICOS. RETENCAO 5,85 IMP FED (R$ 97,39) E 2,00 ISS (R$ 33,30). PA 1660-19.2016;070025;TRIBUNAL REGIONAL ELEITORAL DO D. FEDERAL;;;;;;;;0,00;1.664,78;1.664,78;;;;;;;;;1.664,78;1.664,78
14107;TRIBUNAL REGIONAL ELEITORAL DO DIST. FEDERAL;070025;TRIBUNAL REGIONAL ELEITORAL DO D. FEDERAL;02301057020040053;2004;ASSISTENCIA MEDICA E ODONTOLOGICA AOS SERVIDORES CIVIS, EMPR;0001;ASSISTENCIA MEDICA E ODONTOLOGICA DE CIVIS - COMPLEMENTACAO DA UNIAO;084780;AMO CREMOD;ASSIST MED ODONT- CREDENCIAMENTO;0100;RECURSOS ORDINARIOS;2;ORCAMENTO DE SEGURIDADE SOCIAL;3;DESPESAS CORRENTES;3;OUTRAS DESPESAS CORRENTES;39;OUTROS SERVICOS DE TERCEIROS PJ - OP.INT.ORC.;339039;OUTROS SERVICOS DE TERCEIROS - PESSOA JURIDICA;33903950;SERV.MEDICO-HOSPITAL.,ODONTOL.E LABORATORIAIS;3;ESTIMATIVO;08;NAO SE APLICA;-8;03/01/2018;JAN/2018;2018;070025000012018NE000022;ASSISTENCIA MEDICA;PAGTO NF 38409 E 39041. SERVICOS MEDICOS. RETENCAO IMP. FE. 5,85 (R$ 99,81) E ISS 2,00 (R$ 34,12). PA 422-91.2018;070025;TRIBUNAL REGIONAL ELEITORAL DO D. FEDERAL;;;;;;;;0,00;1.706,09;34,12;;;;;;;;;1.706,09;34,12
14107;TRIBUNAL REGIONAL ELEITORAL DO DIST. FEDERAL;070025;TRIBUNAL REGIONAL ELEITORAL DO D. FEDERAL;02301057020040053;2004;ASSISTENCIA MEDICA E ODONTOLOGICA AOS SERVIDORES CIVIS, EMPR;0001;ASSISTENCIA MEDICA E ODONTOLOGICA DE CIVIS - COMPLEMENTACAO DA UNIAO;084780;AMO CREMOD;ASSIST MED ODONT- CREDENCIAMENTO;0100;RECURSOS ORDINARIOS;2;ORCAMENTO DE SEGURIDADE SOCIAL;3;DESPESAS CORRENTES;3;OUTRAS DESPESAS CORRENTES;39;OUTROS SERVICOS DE TERCEIROS PJ - OP.INT.ORC.;339039;OUTROS SERVICOS DE TERCEIROS - PESSOA JURIDICA;33903950;SERV.MEDICO-HOSPITAL.,ODONTOL.E LABORATORIAIS;3;ESTIMATIVO;08;NAO SE APLICA;-8;03/01/2018;JAN/2018;2018;070025000012018NE000022;ASSISTENCIA MEDICA;PAGTO NF 38409. SERVICOS MEDICOS. RETENCAO IMP. FE. 5,85 (R$ 478,97) E ISS 2,00 (R$ 163,75). PA 2081-09.2016.;070025;TRIBUNAL REGIONAL ELEITORAL DO D. FEDERAL;;;;;;;;0,00;0,00;1.671,97;;;;;;;;;0,00;1.671,97
14107;TRIBUNAL REGIONAL ELEITORAL DO DIST. FEDERAL;070025;TRIBUNAL REGIONAL ELEITORAL DO D. FEDERAL;02301057020040053;2004;ASSISTENCIA MEDICA E ODONTOLOGICA AOS SERVIDORES CIVIS, EMPR;0001;ASSISTENCIA MEDICA E ODONTOLOGICA DE CIVIS - COMPLEMENTACAO DA UNIAO;084780;AMO CREMOD;ASSIST MED ODONT- CREDENCIAMENTO;0100;RECURSOS ORDINARIOS;2;ORCAMENTO DE SEGURIDADE SOCIAL;3;DESPESAS CORRENTES;3;OUTRAS DESPESAS CORRENTES;39;OUTROS SERVICOS DE TERCEIROS PJ - OP.INT.ORC.;339039;OUTROS SERVICOS DE TERCEIROS - PESSOA JURIDICA;33903950;SERV.MEDICO-HOSPITAL.,ODONTOL.E LABORATORIAIS;3;ESTIMATIVO;08;NAO SE APLICA;-8;03/01/2018;JAN/2018;2018;070025000012018NE000022;ASSISTENCIA MEDICA;PAGTO NF 3925. SERVICOS MEDICOS. RETENCAO IMP FED 5,85 (R$ 48,35) E ISS 2,00 (R$ 16,53). PA 1815-22.2016.;070025;TRIBUNAL REGIONAL ELEITORAL DO D. FEDERAL;;;;;;;;0,00;826,59;826,59;;;;;;;;;826,59;826,59
14107;TRIBUNAL REGIONAL ELEITORAL DO DIST. FEDERAL;070025;TRIBUNAL REGIONAL ELEITORAL DO D. FEDERAL;02301057020040053;2004;ASSISTENCIA MEDICA E ODONTOLOGICA AOS SERVIDORES CIVIS, EMPR;0001;ASSISTENCIA MEDICA E ODONTOLOGICA DE CIVIS - COMPLEMENTACAO DA UNIAO;084780;AMO CREMOD;ASSIST MED ODONT- CREDENCIAMENTO;0100;RECURSOS ORDINARIOS;2;ORCAMENTO DE SEGURIDADE SOCIAL;3;DESPESAS CORRENTES;3;OUTRAS DESPESAS CORRENTES;39;OUTROS SERVICOS DE TERCEIROS PJ - OP.INT.ORC.;339039;OUTROS SERVICOS DE TERCEIROS - PESSOA JURIDICA;33903950;SERV.MEDICO-HOSPITAL.,ODONTOL.E LABORATORIAIS;3;ESTIMATIVO;08;NAO SE APLICA;-8;03/01/2018;JAN/2018;2018;070025000012018NE000022;ASSISTENCIA MEDICA;PAGTO NF 40.199. SERVICOS MEDICOS. RETENCAO IMP. FE. 5,85 (R$ 21,98) E ISS 2,00 (R$ 7,51). PA 422-91.2018;070025;TRIBUNAL REGIONAL ELEITORAL DO D. FEDERAL;;;;;;;;0,00;375,72;375,72;;;;;;;;;375,72;375,72
14107;TRIBUNAL REGIONAL ELEITORAL DO DIST. FEDERAL;070025;TRIBUNAL REGIONAL ELEITORAL DO D. FEDERAL;02301057020040053;2004;ASSISTENCIA MEDICA E ODONTOLOGICA AOS SERVIDORES CIVIS, EMPR;0001;ASSISTENCIA MEDICA E ODONTOLOGICA DE CIVIS - COMPLEMENTACAO DA UNIAO;084780;AMO CREMOD;ASSIST MED ODONT- CREDENCIAMENTO;0100;RECURSOS ORDINARIOS;2;ORCAMENTO DE SEGURIDADE SOCIAL;3;DESPESAS CORRENTES;3;OUTRAS DESPESAS CORRENTES;39;OUTROS SERVICOS DE TERCEIROS PJ - OP.INT.ORC.;339039;OUTROS SERVICOS DE TERCEIROS - PESSOA JURIDICA;33903950;SERV.MEDICO-HOSPITAL.,ODONTOL.E LABORATORIAIS;3;ESTIMATIVO;08;NAO SE APLICA;-8;03/01/2018;JAN/2018;2018;070025000012018NE000022;ASSISTENCIA MEDICA;PAGTO NF 4063. SERVICOS MEDICOS. RETENCAO IMP FED 5,85 (R$ 117,76) E ISS 2,00 (R$ 40,26). PA 1817-89.2016.;070025;TRIBUNAL REGIONAL ELEITORAL DO D. FEDERAL;;;;;;;;0,00;2.013,03;2.013,03;;;;;;;;;2.013,03;2.013,03
14107;TRIBUNAL REGIONAL ELEITORAL DO DIST. FEDERAL;070025;TRIBUNAL REGIONAL ELEITORAL DO D. FEDERAL;02301057020040053;2004;ASSISTENCIA MEDICA E ODONTOLOGICA AOS SERVIDORES CIVIS, EMPR;0001;ASSISTENCIA MEDICA E ODONTOLOGICA DE CIVIS - COMPLEMENTACAO DA UNIAO;084780;AMO CREMOD;ASSIST MED ODONT- CREDENCIAMENTO;0100;RECURSOS ORDINARIOS;2;ORCAMENTO DE SEGURIDADE SOCIAL;3;DESPESAS CORRENTES;3;OUTRAS DESPESAS CORRENTES;39;OUTROS SERVICOS DE TERCEIROS PJ - OP.INT.ORC.;339039;OUTROS SERVICOS DE TERCEIROS - PESSOA JURIDICA;33903950;SERV.MEDICO-HOSPITAL.,ODONTOL.E LABORATORIAIS;3;ESTIMATIVO;08;NAO SE APLICA;-8;03/01/2018;JAN/2018;2018;070025000012018NE000022;ASSISTENCIA MEDICA;PAGTO NF 4179. SERVICOS MEDICOS. RETENCAO IMP FED 5,85 (R$ 22,90) E ISS 2,00(R$ 7,83) PA 414-17.2018.;070025;TRIBUNAL REGIONAL ELEITORAL DO D. FEDERAL;;;;;;;;0,00;391,38;414,28;;;;;;;;;391,38;414,28
14107;TRIBUNAL REGIONAL ELEITORAL DO DIST. FEDERAL;070025;TRIBUNAL REGIONAL ELEITORAL DO D. FEDERAL;02301057020040053;2004;ASSISTENCIA MEDICA E ODONTOLOGICA AOS SERVIDORES CIVIS, EMPR;0001;ASSISTENCIA MEDICA E ODONTOLOGICA DE CIVIS - COMPLEMENTACAO DA UNIAO;084780;AMO CREMOD;ASSIST MED ODONT- CREDENCIAMENTO;0100;RECURSOS ORDINARIOS;2;ORCAMENTO DE SEGURIDADE SOCIAL;3;DESPESAS CORRENTES;3;OUTRAS DESPESAS CORRENTES;39;OUTROS SERVICOS DE TERCEIROS PJ - OP.INT.ORC.;339039;OUTROS SERVICOS DE TERCEIROS - PESSOA JURIDICA;33903950;SERV.MEDICO-HOSPITAL.,ODONTOL.E LABORATORIAIS;3;ESTIMATIVO;08;NAO SE APLICA;-8;03/01/2018;JAN/2018;2018;070025000012018NE000022;ASSISTENCIA MEDICA;PAGTO NF 42589. SERVICOS MEDICOS. RET. IMP. FED. 5,85 (R$ 90,99) E ISS 2,00 (R$ 31,11). PA 897-18.2016.;070025;TRIBUNAL REGIONAL ELEITORAL DO D. FEDERAL;;;;;;;;0,00;1.555,47;1.555,47;;;;;;;;;1.555,47;1.555,47
14107;TRIBUNAL REGIONAL ELEITORAL DO DIST. FEDERAL;070025;TRIBUNAL REGIONAL ELEITORAL DO D. FEDERAL;02301057020040053;2004;ASSISTENCIA MEDICA E ODONTOLOGICA AOS SERVIDORES CIVIS, EMPR;0001;ASSISTENCIA MEDICA E ODONTOLOGICA DE CIVIS - COMPLEMENTACAO DA UNIAO;084780;AMO CREMOD;ASSIST MED ODONT- CREDENCIAMENTO;0100;RECURSOS ORDINARIOS;2;ORCAMENTO DE SEGURIDADE SOCIAL;3;DESPESAS CORRENTES;3;OUTRAS DESPESAS CORRENTES;39;OUTROS SERVICOS DE TERCEIROS PJ - OP.INT.ORC.;339039;OUTROS SERVICOS DE TERCEIROS - PESSOA JURIDICA;33903950;SERV.MEDICO-HOSPITAL.,ODONTOL.E LABORATORIAIS;3;ESTIMATIVO;08;NAO SE APLICA;-8;03/01/2018;JAN/2018;2018;070025000012018NE000022;ASSISTENCIA MEDICA;PAGTO NF 4554. SERVICOS MEDICOS. ISS 2,00 (R$ 19,64) ENTIDADE SEM FINS LUCRATIVOS. PA 1988-75.2018.;070025;TRIBUNAL REGIONAL ELEITORAL DO D. FEDERAL;;;;;;;;0,00;981,81;981,81;;;;;;;;;981,81;981,81
14107;TRIBUNAL REGIONAL ELEITORAL DO DIST. FEDERAL;070025;TRIBUNAL REGIONAL ELEITORAL DO D. FEDERAL;02301057020040053;2004;ASSISTENCIA MEDICA E ODONTOLOGICA AOS SERVIDORES CIVIS, EMPR;0001;ASSISTENCIA MEDICA E ODONTOLOGICA DE CIVIS - COMPLEMENTACAO DA UNIAO;084780;AMO CREMOD;ASSIST MED ODONT- CREDENCIAMENTO;0100;RECURSOS ORDINARIOS;2;ORCAMENTO DE SEGURIDADE SOCIAL;3;DESPESAS CORRENTES;3;OUTRAS DESPESAS CORRENTES;39;OUTROS SERVICOS DE TERCEIROS PJ - OP.INT.ORC.;339039;OUTROS SERVICOS DE TERCEIROS - PESSOA JURIDICA;33903950;SERV.MEDICO-HOSPITAL.,ODONTOL.E LABORATORIAIS;3;ESTIMATIVO;08;NAO SE APLICA;-8;03/01/2018;JAN/2018;2018;070025000012018NE000022;ASSISTENCIA MEDICA;PAGTO NF 46626. SERVICOS MEDICOS. RETENCAO 5,85 IMP FED (R$ 630,96) E 2,00 ISS (R$ 215,71). PA 0382-12.2018;070025;TRIBUNAL REGIONAL ELEITORAL DO D. FEDERAL;;;;;;;;0,00;6.691,15;6.691,15;;;;;;;;;6.691,15;6.691,15
14107;TRIBUNAL REGIONAL ELEITORAL DO DIST. FEDERAL;070025;TRIBUNAL REGIONAL ELEITORAL DO D. FEDERAL;02301057020040053;2004;ASSISTENCIA MEDICA E ODONTOLOGICA AOS SERVIDORES CIVIS, EMPR;0001;ASSISTENCIA MEDICA E ODONTOLOGICA DE CIVIS - COMPLEMENTACAO DA UNIAO;084780;AMO CREMOD;ASSIST MED ODONT- CREDENCIAMENTO;0100;RECURSOS ORDINARIOS;2;ORCAMENTO DE SEGURIDADE SOCIAL;3;DESPESAS CORRENTES;3;OUTRAS DESPESAS CORRENTES;39;OUTROS SERVICOS DE TERCEIROS PJ - OP.INT.ORC.;339039;OUTROS SERVICOS DE TERCEIROS - PESSOA JURIDICA;33903950;SERV.MEDICO-HOSPITAL.,ODONTOL.E LABORATORIAIS;3;ESTIMATIVO;08;NAO SE APLICA;-8;03/01/2018;JAN/2018;2018;070025000012018NE000022;ASSISTENCIA MEDICA;PAGTO NF 47.560. SERVICOS MEDICOS. RETENCAO 5,85 IMP FED (R$ 164,02) E 2,00 ISS (R$ 56,08). PA 0382-12.2018;070025;TRIBUNAL REGIONAL ELEITORAL DO D. FEDERAL;;;;;;;;0,00;2.803,82;2.803,82;;;;;;;;;2.803,82;2.803,82
14107;TRIBUNAL REGIONAL ELEITORAL DO DIST. FEDERAL;070025;TRIBUNAL REGIONAL ELEITORAL DO D. FEDERAL;02301057020040053;2004;ASSISTENCIA MEDICA E ODONTOLOGICA AOS SERVIDORES CIVIS, EMPR;0001;ASSISTENCIA MEDICA E ODONTOLOGICA DE CIVIS - COMPLEMENTACAO DA UNIAO;084780;AMO CREMOD;ASSIST MED ODONT- CREDENCIAMENTO;0100;RECURSOS ORDINARIOS;2;ORCAMENTO DE SEGURIDADE SOCIAL;3;DESPESAS CORRENTES;3;OUTRAS DESPESAS CORRENTES;39;OUTROS SERVICOS DE TERCEIROS PJ - OP.INT.ORC.;339039;OUTROS SERVICOS DE TERCEIROS - PESSOA JURIDICA;33903950;SERV.MEDICO-HOSPITAL.,ODONTOL.E LABORATORIAIS;3;ESTIMATIVO;08;NAO SE APLICA;-8;03/01/2018;JAN/2018;2018;070025000012018NE000022;ASSISTENCIA MEDICA;PAGTO NF 4825. SERVICOS MEDICO-HOSPITALARES. RET IMP FED 5,85 (R$ 6,74) E ISS 2,00 (R$ 2,30). PA 1814-37.2016.;070025;TRIBUNAL REGIONAL ELEITORAL DO D. FEDERAL;;;;;;;;0,00;115,22;115,22;;;;;;;;;115,22;115,22
14107;TRIBUNAL REGIONAL ELEITORAL DO DIST. FEDERAL;070025;TRIBUNAL REGIONAL ELEITORAL DO D. FEDERAL;02301057020040053;2004;ASSISTENCIA MEDICA E ODONTOLOGICA AOS SERVIDORES CIVIS, EMPR;0001;ASSISTENCIA MEDICA E ODONTOLOGICA DE CIVIS - COMPLEMENTACAO DA UNIAO;084780;AMO CREMOD;ASSIST MED ODONT- CREDENCIAMENTO;0100;RECURSOS ORDINARIOS;2;ORCAMENTO DE SEGURIDADE SOCIAL;3;DESPESAS CORRENTES;3;OUTRAS DESPESAS CORRENTES;39;OUTROS SERVICOS DE TERCEIROS PJ - OP.INT.ORC.;339039;OUTROS SERVICOS DE TERCEIROS - PESSOA JURIDICA;33903950;SERV.MEDICO-HOSPITAL.,ODONTOL.E LABORATORIAIS;3;ESTIMATIVO;08;NAO SE APLICA;-8;03/01/2018;JAN/2018;2018;070025000012018NE000022;ASSISTENCIA MEDICA;PAGTO NF 55199. SERVICOS ODONTOLOGICOS. RETENCAO IMP FED 5,85 (R$ 18,43) E ISS 2,00 (R$ 6,30).PA 6422-44.2017.;070025;TRIBUNAL REGIONAL ELEITORAL DO D. FEDERAL;;;;;;;;0,00;233,39;233,39;;;;;;;;;233,39;233,39
14107;TRIBUNAL REGIONAL ELEITORAL DO DIST. FEDERAL;070025;TRIBUNAL REGIONAL ELEITORAL DO D. FEDERAL;02301057020040053;2004;ASSISTENCIA MEDICA E ODONTOLOGICA AOS SERVIDORES CIVIS, EMPR;0001;ASSISTENCIA MEDICA E ODONTOLOGICA DE CIVIS - COMPLEMENTACAO DA UNIAO;084780;AMO CREMOD;ASSIST MED ODONT- CREDENCIAMENTO;0100;RECURSOS ORDINARIOS;2;ORCAMENTO DE SEGURIDADE SOCIAL;3;DESPESAS CORRENTES;3;OUTRAS DESPESAS CORRENTES;39;OUTROS SERVICOS DE TERCEIROS PJ - OP.INT.ORC.;339039;OUTROS SERVICOS DE TERCEIROS - PESSOA JURIDICA;33903950;SERV.MEDICO-HOSPITAL.,ODONTOL.E LABORATORIAIS;3;ESTIMATIVO;08;NAO SE APLICA;-8;03/01/2018;JAN/2018;2018;070025000012018NE000022;ASSISTENCIA MEDICA;PAGTO NF 55664. SERVICOS ODONTOLOGICOS. RETENCAO IMP FED 5,85 (R$ 15,76) E ISS 2,00 (R$ 5,39).PA 6422-44.2017.;070025;TRIBUNAL REGIONAL ELEITORAL DO D. FEDERAL;;;;;;;;0,00;269,39;269,39;;;;;;;;;269,39;269,39
14107;TRIBUNAL REGIONAL ELEITORAL DO DIST. FEDERAL;070025;TRIBUNAL REGIONAL ELEITORAL DO D. FEDERAL;02301057020040053;2004;ASSISTENCIA MEDICA E ODONTOLOGICA AOS SERVIDORES CIVIS, EMPR;0001;ASSISTENCIA MEDICA E ODONTOLOGICA DE CIVIS - COMPLEMENTACAO DA UNIAO;084780;AMO CREMOD;ASSIST MED ODONT- CREDENCIAMENTO;0100;RECURSOS ORDINARIOS;2;ORCAMENTO DE SEGURIDADE SOCIAL;3;DESPESAS CORRENTES;3;OUTRAS DESPESAS CORRENTES;39;OUTROS SERVICOS DE TERCEIROS PJ - OP.INT.ORC.;339039;OUTROS SERVICOS DE TERCEIROS - PESSOA JURIDICA;33903950;SERV.MEDICO-HOSPITAL.,ODONTOL.E LABORATORIAIS;3;ESTIMATIVO;08;NAO SE APLICA;-8;03/01/2018;JAN/2018;2018;070025000012018NE000022;ASSISTENCIA MEDICA;PAGTO NF 56195. SERVICOS ODONTOLOGICOS. RETENCAO IMP FED 5,85 (R$ 7,28) E ISS 2,00 (R$ 2,49).PA 6422-44.2017.;070025;TRIBUNAL REGIONAL ELEITORAL DO D. FEDERAL;;;;;;;;0,00;124,36;124,36;;;;;;;;;124,36;124,36
14107;TRIBUNAL REGIONAL ELEITORAL DO DIST. FEDERAL;070025;TRIBUNAL REGIONAL ELEITORAL DO D. FEDERAL;02301057020040053;2004;ASSISTENCIA MEDICA E ODONTOLOGICA AOS SERVIDORES CIVIS, EMPR;0001;ASSISTENCIA MEDICA E ODONTOLOGICA DE CIVIS - COMPLEMENTACAO DA UNIAO;084780;AMO CREMOD;ASSIST MED ODONT- CREDENCIAMENTO;0100;RECURSOS ORDINARIOS;2;ORCAMENTO DE SEGURIDADE SOCIAL;3;DESPESAS CORRENTES;3;OUTRAS DESPESAS CORRENTES;39;OUTROS SERVICOS DE TERCEIROS PJ - OP.INT.ORC.;339039;OUTROS SERVICOS DE TERCEIROS - PESSOA JURIDICA;33903950;SERV.MEDICO-HOSPITAL.,ODONTOL.E LABORATORIAIS;3;ESTIMATIVO;08;NAO SE APLICA;-8;03/01/2018;JAN/2018;2018;070025000012018NE000022;ASSISTENCIA MEDICA;PAGTO NF 57296. ASSISTENCIA ODONTOLOGICA. RETENCAO IMP FED 5,85 (R$ 46,31) E ISS 2,00 (R$ 15,83). PA 6421-59.2017.;070025;TRIBUNAL REGIONAL ELEITORAL DO D. FEDERAL;;;;;;;;0,00;671,66;671,66;;;;;;;;;671,66;671,66
14107;TRIBUNAL REGIONAL ELEITORAL DO DIST. FEDERAL;070025;TRIBUNAL REGIONAL ELEITORAL DO D. FEDERAL;02301057020040053;2004;ASSISTENCIA MEDICA E ODONTOLOGICA AOS SERVIDORES CIVIS, EMPR;0001;ASSISTENCIA MEDICA E ODONTOLOGICA DE CIVIS - COMPLEMENTACAO DA UNIAO;084780;AMO CREMOD;ASSIST MED ODONT- CREDENCIAMENTO;0100;RECURSOS ORDINARIOS;2;ORCAMENTO DE SEGURIDADE SOCIAL;3;DESPESAS CORRENTES;3;OUTRAS DESPESAS CORRENTES;39;OUTROS SERVICOS DE TERCEIROS PJ - OP.INT.ORC.;339039;OUTROS SERVICOS DE TERCEIROS - PESSOA JURIDICA;33903950;SERV.MEDICO-HOSPITAL.,ODONTOL.E LABORATORIAIS;3;ESTIMATIVO;08;NAO SE APLICA;-8;03/01/2018;JAN/2018;2018;070025000012018NE000022;ASSISTENCIA MEDICA;PAGTO NF 58076. ASSISTENCIA ODONTOLOGICA. RETENCAO IMP FED 5,85 (R$ 46,65) E ISS 2,00 (R$ 15,95). PA 6421-59.2017.;070025;TRIBUNAL REGIONAL ELEITORAL DO D. FEDERAL;;;;;;;;0,00;1.594,78;1.594,78;;;;;;;;;1.594,78;1.594,78
14107;TRIBUNAL REGIONAL ELEITORAL DO DIST. FEDERAL;070025;TRIBUNAL REGIONAL ELEITORAL DO D. FEDERAL;02301057020040053;2004;ASSISTENCIA MEDICA E ODONTOLOGICA AOS SERVIDORES CIVIS, EMPR;0001;ASSISTENCIA MEDICA E ODONTOLOGICA DE CIVIS - COMPLEMENTACAO DA UNIAO;084780;AMO CREMOD;ASSIST MED ODONT- CREDENCIAMENTO;0100;RECURSOS ORDINARIOS;2;ORCAMENTO DE SEGURIDADE SOCIAL;3;DESPESAS CORRENTES;3;OUTRAS DESPESAS CORRENTES;39;OUTROS SERVICOS DE TERCEIROS PJ - OP.INT.ORC.;339039;OUTROS SERVICOS DE TERCEIROS - PESSOA JURIDICA;33903950;SERV.MEDICO-HOSPITAL.,ODONTOL.E LABORATORIAIS;3;ESTIMATIVO;08;NAO SE APLICA;-8;03/01/2018;JAN/2018;2018;070025000012018NE000022;ASSISTENCIA MEDICA;PAGTO NF 58925. ASSISTENCIA ODONTOLOGICA. RETENCAO IMP FED 5,85 (R$ 67,71) E ISS 2,00 (R$ 23,15). PA 6421-59.2017.;070025;TRIBUNAL REGIONAL ELEITORAL DO D. FEDERAL;;;;;;;;0,00;1.157,46;1.157,46;;;;;;;;;1.157,46;1.157,46
14107;TRIBUNAL REGIONAL ELEITORAL DO DIST. FEDERAL;070025;TRIBUNAL REGIONAL ELEITORAL DO D. FEDERAL;02301057020040053;2004;ASSISTENCIA MEDICA E ODONTOLOGICA AOS SERVIDORES CIVIS, EMPR;0001;ASSISTENCIA MEDICA E ODONTOLOGICA DE CIVIS - COMPLEMENTACAO DA UNIAO;084780;AMO CREMOD;ASSIST MED ODONT- CREDENCIAMENTO;0100;RECURSOS ORDINARIOS;2;ORCAMENTO DE SEGURIDADE SOCIAL;3;DESPESAS CORRENTES;3;OUTRAS DESPESAS CORRENTES;39;OUTROS SERVICOS DE TERCEIROS PJ - OP.INT.ORC.;339039;OUTROS SERVICOS DE TERCEIROS - PESSOA JURIDICA;33903950;SERV.MEDICO-HOSPITAL.,ODONTOL.E LABORATORIAIS;3;ESTIMATIVO;08;NAO SE APLICA;-8;03/01/2018;JAN/2018;2018;070025000012018NE000022;ASSISTENCIA MEDICA;PAGTO NF 5907. SERVICOS MEDICOS. RETENCAO 5,85 IMP FED (R$ 145,92) E 2,00 ISS (R$ 49,89). PA 2075-31.2018;070025;TRIBUNAL REGIONAL ELEITORAL DO D. FEDERAL;;;;;;;;0,00;2.494,28;2.494,28;;;;;;;;;2.494,28;2.494,28
14107;TRIBUNAL REGIONAL ELEITORAL DO DIST. FEDERAL;070025;TRIBUNAL REGIONAL ELEITORAL DO D. FEDERAL;02301057020040053;2004;ASSISTENCIA MEDICA E ODONTOLOGICA AOS SERVIDORES CIVIS, EMPR;0001;ASSISTENCIA MEDICA E ODONTOLOGICA DE CIVIS - COMPLEMENTACAO DA UNIAO;084780;AMO CREMOD;ASSIST MED ODONT- CREDENCIAMENTO;0100;RECURSOS ORDINARIOS;2;ORCAMENTO DE SEGURIDADE SOCIAL;3;DESPESAS CORRENTES;3;OUTRAS DESPESAS CORRENTES;39;OUTROS SERVICOS DE TERCEIROS PJ - OP.INT.ORC.;339039;OUTROS SERVICOS DE TERCEIROS - PESSOA JURIDICA;33903950;SERV.MEDICO-HOSPITAL.,ODONTOL.E LABORATORIAIS;3;ESTIMATIVO;08;NAO SE APLICA;-8;03/01/2018;JAN/2018;2018;070025000012018NE000022;ASSISTENCIA MEDICA;PAGTO NF 6122. SERVICO MEDICO. RETENCAO IMP FED 5,85 (R$ 111,71) E ISS 2,00 (R$ 38,19).PA 413-32.2018.;070025;TRIBUNAL REGIONAL ELEITORAL DO D. FEDERAL;;;;;;;;0,00;1.909,60;1.909,60;;;;;;;;;1.909,60;1.909,60
14107;TRIBUNAL REGIONAL ELEITORAL DO DIST. FEDERAL;070025;TRIBUNAL REGIONAL ELEITORAL DO D. FEDERAL;02301057020040053;2004;ASSISTENCIA MEDICA E ODONTOLOGICA AOS SERVIDORES CIVIS, EMPR;0001;ASSISTENCIA MEDICA E ODONTOLOGICA DE CIVIS - COMPLEMENTACAO DA UNIAO;084780;AMO CREMOD;ASSIST MED ODONT- CREDENCIAMENTO;0100;RECURSOS ORDINARIOS;2;ORCAMENTO DE SEGURIDADE SOCIAL;3;DESPESAS CORRENTES;3;OUTRAS DESPESAS CORRENTES;39;OUTROS SERVICOS DE TERCEIROS PJ - OP.INT.ORC.;339039;OUTROS SERVICOS DE TERCEIROS - PESSOA JURIDICA;33903950;SERV.MEDICO-HOSPITAL.,ODONTOL.E LABORATORIAIS;3;ESTIMATIVO;08;NAO SE APLICA;-8;03/01/2018;JAN/2018;2018;070025000012018NE000022;ASSISTENCIA MEDICA;PAGTO NF 61775, 61784, 61990, 62110, 62292, 62293, 62294. SERVICOS MEDICOS. RETENCAO IMP FED 5,85 (R$ 5.420,95) E ISS 2,00 (R$ 1.853,32). PA 2205-89.2016.;070025;TRIBUNAL REGIONAL ELEITORAL DO D. FEDERAL;;;;;;;;0,00;90.227,96;90.227,96;;;;;;;;;90.227,96;90.227,96
14107;TRIBUNAL REGIONAL ELEITORAL DO DIST. FEDERAL;070025;TRIBUNAL REGIONAL ELEITORAL DO D. FEDERAL;02301057020040053;2004;ASSISTENCIA MEDICA E ODONTOLOGICA AOS SERVIDORES CIVIS, EMPR;0001;ASSISTENCIA MEDICA E ODONTOLOGICA DE CIVIS - COMPLEMENTACAO DA UNIAO;084780;AMO CREMOD;ASSIST MED ODONT- CREDENCIAMENTO;0100;RECURSOS ORDINARIOS;2;ORCAMENTO DE SEGURIDADE SOCIAL;3;DESPESAS CORRENTES;3;OUTRAS DESPESAS CORRENTES;39;OUTROS SERVICOS DE TERCEIROS PJ - OP.INT.ORC.;339039;OUTROS SERVICOS DE TERCEIROS - PESSOA JURIDICA;33903950;SERV.MEDICO-HOSPITAL.,ODONTOL.E LABORATORIAIS;3;ESTIMATIVO;08;NAO SE APLICA;-8;03/01/2018;JAN/2018;2018;070025000012018NE000022;ASSISTENCIA MEDICA;PAGTO NF 7353. SERVICOS MEDICOS. RETENCAO 5,85 IMP FED (R$ 10,95) E 2,00 ISS (R$ 3,74). PA 2128-12.2018.;070025;TRIBUNAL REGIONAL ELEITORAL DO D. FEDERAL;;;;;;;;0,00;187,12;187,12;;;;;;;;;187,12;187,12
14107;TRIBUNAL REGIONAL ELEITORAL DO DIST. FEDERAL;070025;TRIBUNAL REGIONAL ELEITORAL DO D. FEDERAL;02301057020040053;2004;ASSISTENCIA MEDICA E ODONTOLOGICA AOS SERVIDORES CIVIS, EMPR;0001;ASSISTENCIA MEDICA E ODONTOLOGICA DE CIVIS - COMPLEMENTACAO DA UNIAO;084780;AMO CREMOD;ASSIST MED ODONT- CREDENCIAMENTO;0100;RECURSOS ORDINARIOS;2;ORCAMENTO DE SEGURIDADE SOCIAL;3;DESPESAS CORRENTES;3;OUTRAS DESPESAS CORRENTES;39;OUTROS SERVICOS DE TERCEIROS PJ - OP.INT.ORC.;339039;OUTROS SERVICOS DE TERCEIROS - PESSOA JURIDICA;33903950;SERV.MEDICO-HOSPITAL.,ODONTOL.E LABORATORIAIS;3;ESTIMATIVO;08;NAO SE APLICA;-8;03/01/2018;JAN/2018;2018;070025000012018NE000022;ASSISTENCIA MEDICA;PAGTO NF 7585. SERVICOS MEDICOS. RETENCAO 5,85 IMP FED (R$ 33,64) E 2,00 ISS (R$ 11,50). PA 1272-82.2017;070025;TRIBUNAL REGIONAL ELEITORAL DO D. FEDERAL;;;;;;;;0,00;180,00;180,00;;;;;;;;;180,00;180,00
14107;TRIBUNAL REGIONAL ELEITORAL DO DIST. FEDERAL;070025;TRIBUNAL REGIONAL ELEITORAL DO D. FEDERAL;02301057020040053;2004;ASSISTENCIA MEDICA E ODONTOLOGICA AOS SERVIDORES CIVIS, EMPR;0001;ASSISTENCIA MEDICA E ODONTOLOGICA DE CIVIS - COMPLEMENTACAO DA UNIAO;084780;AMO CREMOD;ASSIST MED ODONT- CREDENCIAMENTO;0100;RECURSOS ORDINARIOS;2;ORCAMENTO DE SEGURIDADE SOCIAL;3;DESPESAS CORRENTES;3;OUTRAS DESPESAS CORRENTES;39;OUTROS SERVICOS DE TERCEIROS PJ - OP.INT.ORC.;339039;OUTROS SERVICOS DE TERCEIROS - PESSOA JURIDICA;33903950;SERV.MEDICO-HOSPITAL.,ODONTOL.E LABORATORIAIS;3;ESTIMATIVO;08;NAO SE APLICA;-8;03/01/2018;JAN/2018;2018;070025000012018NE000022;ASSISTENCIA MEDICA;PAGTO NF 8037. SERVICOS MEDICOS. RETENCAO 5,85 IMP FED (R$ 438,31) E 2,00 ISS (R$ 149,85). PA 0194-19.2018;070025;TRIBUNAL REGIONAL ELEITORAL DO D. FEDERAL;;;;;;;;0,00;6.609,57;6.609,57;;;;;;;;;6.609,57;6.609,57
14107;TRIBUNAL REGIONAL ELEITORAL DO DIST. FEDERAL;070025;TRIBUNAL REGIONAL ELEITORAL DO D. FEDERAL;02301057020040053;2004;ASSISTENCIA MEDICA E ODONTOLOGICA AOS SERVIDORES CIVIS, EMPR;0001;ASSISTENCIA MEDICA E ODONTOLOGICA DE CIVIS - COMPLEMENTACAO DA UNIAO;084780;AMO CREMOD;ASSIST MED ODONT- CREDENCIAMENTO;0100;RECURSOS ORDINARIOS;2;ORCAMENTO DE SEGURIDADE SOCIAL;3;DESPESAS CORRENTES;3;OUTRAS DESPESAS CORRENTES;39;OUTROS SERVICOS DE TERCEIROS PJ - OP.INT.ORC.;339039;OUTROS SERVICOS DE TERCEIROS - PESSOA JURIDICA;33903950;SERV.MEDICO-HOSPITAL.,ODONTOL.E LABORATORIAIS;3;ESTIMATIVO;08;NAO SE APLICA;-8;03/01/2018;JAN/2018;2018;070025000012018NE000022;ASSISTENCIA MEDICA;PAGTO NF 9419. SERVICOS MEDICOS. RETENCAO IMP FED 5,85 (R$ 87,10) E ISS 2,00 (R$ 29,78). PA 3109-12.2016.;070025;TRIBUNAL REGIONAL ELEITORAL DO D. FEDERAL;;;;;;;;0,00;427,02;427,02;;;;;;;;;427,02;427,02
14107;TRIBUNAL REGIONAL ELEITORAL DO DIST. FEDERAL;070025;TRIBUNAL REGIONAL ELEITORAL DO D. FEDERAL;02301057020040053;2004;ASSISTENCIA MEDICA E ODONTOLOGICA AOS SERVIDORES CIVIS, EMPR;0001;ASSISTENCIA MEDICA E ODONTOLOGICA DE CIVIS - COMPLEMENTACAO DA UNIAO;084780;AMO CREMOD;ASSIST MED ODONT- CREDENCIAMENTO;0100;RECURSOS ORDINARIOS;2;ORCAMENTO DE SEGURIDADE SOCIAL;3;DESPESAS CORRENTES;3;OUTRAS DESPESAS CORRENTES;39;OUTROS SERVICOS DE TERCEIROS PJ - OP.INT.ORC.;339039;OUTROS SERVICOS DE TERCEIROS - PESSOA JURIDICA;33903950;SERV.MEDICO-HOSPITAL.,ODONTOL.E LABORATORIAIS;3;ESTIMATIVO;08;NAO SE APLICA;-8;03/01/2018;JAN/2018;2018;070025000012018NE000022;ASSISTENCIA MEDICA;PAGTO NF 9910. SERVICOS MEDICOS. RETENCAO IMP FED 5,85 (R$ 63,86) E ISS 2,00 (R$ 21,83). PA 3109-12.2016.;070025;TRIBUNAL REGIONAL ELEITORAL DO D. FEDERAL;;;;;;;;0,00;1.091,54;85,69;;;;;;;;;1.091,54;85,69
14107;TRIBUNAL REGIONAL ELEITORAL DO DIST. FEDERAL;070025;TRIBUNAL REGIONAL ELEITORAL DO D. FEDERAL;02301057020040053;2004;ASSISTENCIA MEDICA E ODONTOLOGICA AOS SERVIDORES CIVIS, EMPR;0001;ASSISTENCIA MEDICA E ODONTOLOGICA DE CIVIS - COMPLEMENTACAO DA UNIAO;084780;AMO CREMOD;ASSIST MED ODONT- CREDENCIAMENTO;0100;RECURSOS ORDINARIOS;2;ORCAMENTO DE SEGURIDADE SOCIAL;3;DESPESAS CORRENTES;3;OUTRAS DESPESAS CORRENTES;39;OUTROS SERVICOS DE TERCEIROS PJ - OP.INT.ORC.;339039;OUTROS SERVICOS DE TERCEIROS - PESSOA JURIDICA;33903950;SERV.MEDICO-HOSPITAL.,ODONTOL.E LABORATORIAIS;3;ESTIMATIVO;08;NAO SE APLICA;-8;03/01/2018;JAN/2018;2018;070025000012018NE000022;ASSISTENCIA MEDICA;PAGTO NFS 11668, 11795, 11796 E 11900. SERVICOS MEDICOS. RETENCAO IMP FED 4,65(R$ 2.129,54) E 1,50 (R$ 686,95). PA 2815-57.2016.;070025;TRIBUNAL REGIONAL ELEITORAL DO D. FEDERAL;;;;;;;;0,00;22.970,40;22.970,40;;;;;;;;;22.970,40;22.970,40
14107;TRIBUNAL REGIONAL ELEITORAL DO DIST. FEDERAL;070025;TRIBUNAL REGIONAL ELEITORAL DO D. FEDERAL;02301057020040053;2004;ASSISTENCIA MEDICA E ODONTOLOGICA AOS SERVIDORES CIVIS, EMPR;0001;ASSISTENCIA MEDICA E ODONTOLOGICA DE CIVIS - COMPLEMENTACAO DA UNIAO;084780;AMO CREMOD;ASSIST MED ODONT- CREDENCIAMENTO;0100;RECURSOS ORDINARIOS;2;ORCAMENTO DE SEGURIDADE SOCIAL;3;DESPESAS CORRENTES;3;OUTRAS DESPESAS CORRENTES;39;OUTROS SERVICOS DE TERCEIROS PJ - OP.INT.ORC.;339039;OUTROS SERVICOS DE TERCEIROS - PESSOA JURIDICA;33903950;SERV.MEDICO-HOSPITAL.,ODONTOL.E LABORATORIAIS;3;ESTIMATIVO;08;NAO SE APLICA;-8;03/01/2018;JAN/2018;2018;070025000012018NE000022;ASSISTENCIA MEDICA;PAGTO NFS 128.203. SERVICOS MEDICOS. RETENCAO 5,85 IMP FED (R$ 2515,13) E 2,00 DE ISS (R$ 859,88). PA 0366-58.2018;070025;TRIBUNAL REGIONAL ELEITORAL DO D. FEDERAL;;;;;;;;0,00;19.171,15;19.171,15;;;;;;;;;19.171,15;19.171,15
14107;TRIBUNAL REGIONAL ELEITORAL DO DIST. FEDERAL;070025;TRIBUNAL REGIONAL ELEITORAL DO D. FEDERAL;02301057020040053;2004;ASSISTENCIA MEDICA E ODONTOLOGICA AOS SERVIDORES CIVIS, EMPR;0001;ASSISTENCIA MEDICA E ODONTOLOGICA DE CIVIS - COMPLEMENTACAO DA UNIAO;084780;AMO CREMOD;ASSIST MED ODONT- CREDENCIAMENTO;0100;RECURSOS ORDINARIOS;2;ORCAMENTO DE SEGURIDADE SOCIAL;3;DESPESAS CORRENTES;3;OUTRAS DESPESAS CORRENTES;39;OUTROS SERVICOS DE TERCEIROS PJ - OP.INT.ORC.;339039;OUTROS SERVICOS DE TERCEIROS - PESSOA JURIDICA;33903950;SERV.MEDICO-HOSPITAL.,ODONTOL.E LABORATORIAIS;3;ESTIMATIVO;08;NAO SE APLICA;-8;03/01/2018;JAN/2018;2018;070025000012018NE000022;ASSISTENCIA MEDICA;PAGTO NFS 13396, 13399, 13400, 13606, 13607, 13606 E 13401. SERVICOS MEDICOS. RETENCAO IMP FED 5,85 (R$ 2.394,59) E ISS 2,00 (R$ 818,66). PA 1779-77.2016.;070025;TRIBUNAL REGIONAL ELEITORAL DO D. FEDERAL;;;;;;;;0,00;18.961,97;18.961,97;;;;;;;;;18.961,97;18.961,97
14107;TRIBUNAL REGIONAL ELEITORAL DO DIST. FEDERAL;070025;TRIBUNAL REGIONAL ELEITORAL DO D. FEDERAL;02301057020040053;2004;ASSISTENCIA MEDICA E ODONTOLOGICA AOS SERVIDORES CIVIS, EMPR;0001;ASSISTENCIA MEDICA E ODONTOLOGICA DE CIVIS - COMPLEMENTACAO DA UNIAO;084780;AMO CREMOD;ASSIST MED ODONT- CREDENCIAMENTO;0100;RECURSOS ORDINARIOS;2;ORCAMENTO DE SEGURIDADE SOCIAL;3;DESPESAS CORRENTES;3;OUTRAS DESPESAS CORRENTES;39;OUTROS SERVICOS DE TERCEIROS PJ - OP.INT.ORC.;339039;OUTROS SERVICOS DE TERCEIROS - PESSOA JURIDICA;33903950;SERV.MEDICO-HOSPITAL.,ODONTOL.E LABORATORIAIS;3;ESTIMATIVO;08;NAO SE APLICA;-8;03/01/2018;JAN/2018;2018;070025000012018NE000022;ASSISTENCIA MEDICA;PAGTO NFS 13821 E 13822. SERVICOS MEDICOS. RETENCAO IMP FED 5,85 (R$ 881,61) E ISS 2,00 (R$ 301,41). PA 1779-77.2016.;070025;TRIBUNAL REGIONAL ELEITORAL DO D. FEDERAL;;;;;;;;0,00;15.012,66;15.012,66;;;;;;;;;15.012,66;15.012,66
14107;TRIBUNAL REGIONAL ELEITORAL DO DIST. FEDERAL;070025;TRIBUNAL REGIONAL ELEITORAL DO D. FEDERAL;02301057020040053;2004;ASSISTENCIA MEDICA E ODONTOLOGICA AOS SERVIDORES CIVIS, EMPR;0001;ASSISTENCIA MEDICA E ODONTOLOGICA DE CIVIS - COMPLEMENTACAO DA UNIAO;084780;AMO CREMOD;ASSIST MED ODONT- CREDENCIAMENTO;0100;RECURSOS ORDINARIOS;2;ORCAMENTO DE SEGURIDADE SOCIAL;3;DESPESAS CORRENTES;3;OUTRAS DESPESAS CORRENTES;39;OUTROS SERVICOS DE TERCEIROS PJ - OP.INT.ORC.;339039;OUTROS SERVICOS DE TERCEIROS - PESSOA JURIDICA;33903950;SERV.MEDICO-HOSPITAL.,ODONTOL.E LABORATORIAIS;3;ESTIMATIVO;08;NAO SE APLICA;-8;03/01/2018;JAN/2018;2018;070025000012018NE000022;ASSISTENCIA MEDICA;PAGTO NFS 20351, 20352, 20353, 20354 E 20355. SERVICOS MEDICOS. RETENCAO IMP. FE. 5,85 (R$ 583,70) E ISS 2,00 (R$ 199,55). PA 1112-23.2018;070025;TRIBUNAL REGIONAL ELEITORAL DO D. FEDERAL;;;;;;;;0,00;9.977,70;9.977,70;;;;;;;;;9.977,70;9.977,70
14107;TRIBUNAL REGIONAL ELEITORAL DO DIST. FEDERAL;070025;TRIBUNAL REGIONAL ELEITORAL DO D. FEDERAL;02301057020040053;2004;ASSISTENCIA MEDICA E ODONTOLOGICA AOS SERVIDORES CIVIS, EMPR;0001;ASSISTENCIA MEDICA E ODONTOLOGICA DE CIVIS - COMPLEMENTACAO DA UNIAO;084780;AMO CREMOD;ASSIST MED ODONT- CREDENCIAMENTO;0100;RECURSOS ORDINARIOS;2;ORCAMENTO DE SEGURIDADE SOCIAL;3;DESPESAS CORRENTES;3;OUTRAS DESPESAS CORRENTES;39;OUTROS SERVICOS DE TERCEIROS PJ - OP.INT.ORC.;339039;OUTROS SERVICOS DE TERCEIROS - PESSOA JURIDICA;33903950;SERV.MEDICO-HOSPITAL.,ODONTOL.E LABORATORIAIS;3;ESTIMATIVO;08;NAO SE APLICA;-8;03/01/2018;JAN/2018;2018;070025000012018NE000022;ASSISTENCIA MEDICA;PAGTO NFS 21961 E 22003. SERVICOS MEDICOS. RETENCAO IMP FED 5,85 (R$ 247,43) E ISS 2,00 (R$ 84,59). PA 1823-96.2016.;070025;TRIBUNAL REGIONAL ELEITORAL DO D. FEDERAL;;;;;;;;0,00;2.937,24;2.937,24;;;;;;;;;2.937,24;2.937,24
14107;TRIBUNAL REGIONAL ELEITORAL DO DIST. FEDERAL;070025;TRIBUNAL REGIONAL ELEITORAL DO D. FEDERAL;02301057020040053;2004;ASSISTENCIA MEDICA E ODONTOLOGICA AOS SERVIDORES CIVIS, EMPR;0001;ASSISTENCIA MEDICA E ODONTOLOGICA DE CIVIS - COMPLEMENTACAO DA UNIAO;084780;AMO CREMOD;ASSIST MED ODONT- CREDENCIAMENTO;0100;RECURSOS ORDINARIOS;2;ORCAMENTO DE SEGURIDADE SOCIAL;3;DESPESAS CORRENTES;3;OUTRAS DESPESAS CORRENTES;39;OUTROS SERVICOS DE TERCEIROS PJ - OP.INT.ORC.;339039;OUTROS SERVICOS DE TERCEIROS - PESSOA JURIDICA;33903950;SERV.MEDICO-HOSPITAL.,ODONTOL.E LABORATORIAIS;3;ESTIMATIVO;08;NAO SE APLICA;-8;03/01/2018;JAN/2018;2018;070025000012018NE000022;ASSISTENCIA MEDICA;PAGTO NFS 22.194. SERVICOS MEDICOS. RETENCAO IMP FED 5,85 (R$ 144,57) E ISS 2,00 (R$ 49,42). PA 1823-96.2016.;070025;TRIBUNAL REGIONAL ELEITORAL DO D. FEDERAL;;;;;;;;0,00;2.471,21;2.471,21;;;;;;;;;2.471,21;2.471,21
14107;TRIBUNAL REGIONAL ELEITORAL DO DIST. FEDERAL;070025;TRIBUNAL REGIONAL ELEITORAL DO D. FEDERAL;02301057020040053;2004;ASSISTENCIA MEDICA E ODONTOLOGICA AOS SERVIDORES CIVIS, EMPR;0001;ASSISTENCIA MEDICA E ODONTOLOGICA DE CIVIS - COMPLEMENTACAO DA UNIAO;084780;AMO CREMOD;ASSIST MED ODONT- CREDENCIAMENTO;0100;RECURSOS ORDINARIOS;2;ORCAMENTO DE SEGURIDADE SOCIAL;3;DESPESAS CORRENTES;3;OUTRAS DESPESAS CORRENTES;39;OUTROS SERVICOS DE TERCEIROS PJ - OP.INT.ORC.;339039;OUTROS SERVICOS DE TERCEIROS - PESSOA JURIDICA;33903950;SERV.MEDICO-HOSPITAL.,ODONTOL.E LABORATORIAIS;3;ESTIMATIVO;08;NAO SE APLICA;-8;03/01/2018;JAN/2018;2018;070025000012018NE000022;ASSISTENCIA MEDICA;PAGTO NFS 2239 E 2240. REF. SERVICOS MEDICOS. RETENCAO IMP. FED. 5,85 (R$ 10,53) E ISS 2,00 (R$ 3,60). PA 8093-39.2016.;070025;TRIBUNAL REGIONAL ELEITORAL DO D. FEDERAL;;;;;;;;0,00;90,00;90,00;;;;;;;;;90,00;90,00
14107;TRIBUNAL REGIONAL ELEITORAL DO DIST. FEDERAL;070025;TRIBUNAL REGIONAL ELEITORAL DO D. FEDERAL;02301057020040053;2004;ASSISTENCIA MEDICA E ODONTOLOGICA AOS SERVIDORES CIVIS, EMPR;0001;ASSISTENCIA MEDICA E ODONTOLOGICA DE CIVIS - COMPLEMENTACAO DA UNIAO;084780;AMO CREMOD;ASSIST MED ODONT- CREDENCIAMENTO;0100;RECURSOS ORDINARIOS;2;ORCAMENTO DE SEGURIDADE SOCIAL;3;DESPESAS CORRENTES;3;OUTRAS DESPESAS CORRENTES;39;OUTROS SERVICOS DE TERCEIROS PJ - OP.INT.ORC.;339039;OUTROS SERVICOS DE TERCEIROS - PESSOA JURIDICA;33903950;SERV.MEDICO-HOSPITAL.,ODONTOL.E LABORATORIAIS;3;ESTIMATIVO;08;NAO SE APLICA;-8;03/01/2018;JAN/2018;2018;070025000012018NE000022;ASSISTENCIA MEDICA;PAGTO NFS 23912, 24383 E 24673. SERVICOS MEDICOS. RETENCAO 5,85 IMP FED (R$ 127,76) E 2,00 ISS (R$ 43,68). PA 1947-79.2016;070025;TRIBUNAL REGIONAL ELEITORAL DO D. FEDERAL;;;;;;;;0,00;1.167,34;1.167,34;;;;;;;;;1.167,34;1.167,34
14107;TRIBUNAL REGIONAL ELEITORAL DO DIST. FEDERAL;070025;TRIBUNAL REGIONAL ELEITORAL DO D. FEDERAL;02301057020040053;2004;ASSISTENCIA MEDICA E ODONTOLOGICA AOS SERVIDORES CIVIS, EMPR;0001;ASSISTENCIA MEDICA E ODONTOLOGICA DE CIVIS - COMPLEMENTACAO DA UNIAO;084780;AMO CREMOD;ASSIST MED ODONT- CREDENCIAMENTO;0100;RECURSOS ORDINARIOS;2;ORCAMENTO DE SEGURIDADE SOCIAL;3;DESPESAS CORRENTES;3;OUTRAS DESPESAS CORRENTES;39;OUTROS SERVICOS DE TERCEIROS PJ - OP.INT.ORC.;339039;OUTROS SERVICOS DE TERCEIROS - PESSOA JURIDICA;33903950;SERV.MEDICO-HOSPITAL.,ODONTOL.E LABORATORIAIS;3;ESTIMATIVO;08;NAO SE APLICA;-8;03/01/2018;JAN/2018;2018;070025000012018NE000022;ASSISTENCIA MEDICA;PAGTO NFS 2408 E 2409. SERVICOS ODONTOLOGICOS. RETENCAO IMP. FED. 5,85 (R$ 25,34) E ISS 2,00 (R$ 8,66). PA 531-08.2018.;070025;TRIBUNAL REGIONAL ELEITORAL DO D. FEDERAL;;;;;;;;0,00;287,53;287,53;;;;;;;;;287,53;287,53
14107;TRIBUNAL REGIONAL ELEITORAL DO DIST. FEDERAL;070025;TRIBUNAL REGIONAL ELEITORAL DO D. FEDERAL;02301057020040053;2004;ASSISTENCIA MEDICA E ODONTOLOGICA AOS SERVIDORES CIVIS, EMPR;0001;ASSISTENCIA MEDICA E ODONTOLOGICA DE CIVIS - COMPLEMENTACAO DA UNIAO;084780;AMO CREMOD;ASSIST MED ODONT- CREDENCIAMENTO;0100;RECURSOS ORDINARIOS;2;ORCAMENTO DE SEGURIDADE SOCIAL;3;DESPESAS CORRENTES;3;OUTRAS DESPESAS CORRENTES;39;OUTROS SERVICOS DE TERCEIROS PJ - OP.INT.ORC.;339039;OUTROS SERVICOS DE TERCEIROS - PESSOA JURIDICA;33903950;SERV.MEDICO-HOSPITAL.,ODONTOL.E LABORATORIAIS;3;ESTIMATIVO;08;NAO SE APLICA;-8;03/01/2018;JAN/2018;2018;070025000012018NE000022;ASSISTENCIA MEDICA;PAGTO NFS 340899. SERVICOS MEDICOS-HOSPITALARES. RET. IMP. FED. 5,85 (R$ 206,99) E ISS 2,00 (R$ 70,77). PA 897-18.2016.;070025;TRIBUNAL REGIONAL ELEITORAL DO D. FEDERAL;;;;;;;;0,00;3.538,31;3.538,31;;;;;;;;;3.538,31;3.538,31
14107;TRIBUNAL REGIONAL ELEITORAL DO DIST. FEDERAL;070025;TRIBUNAL REGIONAL ELEITORAL DO D. FEDERAL;02301057020040053;2004;ASSISTENCIA MEDICA E ODONTOLOGICA AOS SERVIDORES CIVIS, EMPR;0001;ASSISTENCIA MEDICA E ODONTOLOGICA DE CIVIS - COMPLEMENTACAO DA UNIAO;084780;AMO CREMOD;ASSIST MED ODONT- CREDENCIAMENTO;0100;RECURSOS ORDINARIOS;2;ORCAMENTO DE SEGURIDADE SOCIAL;3;DESPESAS CORRENTES;3;OUTRAS DESPESAS CORRENTES;39;OUTROS SERVICOS DE TERCEIROS PJ - OP.INT.ORC.;339039;OUTROS SERVICOS DE TERCEIROS - PESSOA JURIDICA;33903950;SERV.MEDICO-HOSPITAL.,ODONTOL.E LABORATORIAIS;3;ESTIMATIVO;08;NAO SE APLICA;-8;03/01/2018;JAN/2018;2018;070025000012018NE000022;ASSISTENCIA MEDICA;PAGTO NFS 35144, 35215, 35481, 35553, 35889, 35956, 36073 E 35715. SERVICOS MEDICOS. RETENCAO 5,85 IMP FED (R$ 791,93) E 2,00 ISS (R$ 270,74). PA 2691-74.2016.;070025;TRIBUNAL REGIONAL ELEITORAL DO D. FEDERAL;;;;;;;;0,00;10.811,54;10.811,54;;;;;;;;;10.811,54;10.811,54
14107;TRIBUNAL REGIONAL ELEITORAL DO DIST. FEDERAL;070025;TRIBUNAL REGIONAL ELEITORAL DO D. FEDERAL;02301057020040053;2004;ASSISTENCIA MEDICA E ODONTOLOGICA AOS SERVIDORES CIVIS, EMPR;0001;ASSISTENCIA MEDICA E ODONTOLOGICA DE CIVIS - COMPLEMENTACAO DA UNIAO;084780;AMO CREMOD;ASSIST MED ODONT- CREDENCIAMENTO;0100;RECURSOS ORDINARIOS;2;ORCAMENTO DE SEGURIDADE SOCIAL;3;DESPESAS CORRENTES;3;OUTRAS DESPESAS CORRENTES;39;OUTROS SERVICOS DE TERCEIROS PJ - OP.INT.ORC.;339039;OUTROS SERVICOS DE TERCEIROS - PESSOA JURIDICA;33903950;SERV.MEDICO-HOSPITAL.,ODONTOL.E LABORATORIAIS;3;ESTIMATIVO;08;NAO SE APLICA;-8;03/01/2018;JAN/2018;2018;070025000012018NE000022;ASSISTENCIA MEDICA;PAGTO NFS 36167, 36315, 36336, 36404, 36603, 36758. SERVICOS MEDICOS. RETENCAO 5,85 IMP FED (R$ 456,94) E 2,00 ISS (R$ 156,21). PA 2691-74.2016.;070025;TRIBUNAL REGIONAL ELEITORAL DO D. FEDERAL;;;;;;;;0,00;7.134,66;7.134,66;;;;;;;;;7.134,66;7.134,66
14107;TRIBUNAL REGIONAL ELEITORAL DO DIST. FEDERAL;070025;TRIBUNAL REGIONAL ELEITORAL DO D. FEDERAL;02301057020040053;2004;ASSISTENCIA MEDICA E ODONTOLOGICA AOS SERVIDORES CIVIS, EMPR;0001;ASSISTENCIA MEDICA E ODONTOLOGICA DE CIVIS - COMPLEMENTACAO DA UNIAO;084780;AMO CREMOD;ASSIST MED ODONT- CREDENCIAMENTO;0100;RECURSOS ORDINARIOS;2;ORCAMENTO DE SEGURIDADE SOCIAL;3;DESPESAS CORRENTES;3;OUTRAS DESPESAS CORRENTES;39;OUTROS SERVICOS DE TERCEIROS PJ - OP.INT.ORC.;339039;OUTROS SERVICOS DE TERCEIROS - PESSOA JURIDICA;33903950;SERV.MEDICO-HOSPITAL.,ODONTOL.E LABORATORIAIS;3;ESTIMATIVO;08;NAO SE APLICA;-8;03/01/2018;JAN/2018;2018;070025000012018NE000022;ASSISTENCIA MEDICA;PAGTO NFS 37744 E 37929. SERVICOS MEDICOS. RETENCAO 5,85 IMP FED (R$ 6,95) E 2,00 ISS (R$ 2,38). PA 2691-74.2016.;070025;TRIBUNAL REGIONAL ELEITORAL DO D. FEDERAL;;;;;;;;0,00;102,63;102,63;;;;;;;;;102,63;102,63
14107;TRIBUNAL REGIONAL ELEITORAL DO DIST. FEDERAL;070025;TRIBUNAL REGIONAL ELEITORAL DO D. FEDERAL;02301057020040053;2004;ASSISTENCIA MEDICA E ODONTOLOGICA AOS SERVIDORES CIVIS, EMPR;0001;ASSISTENCIA MEDICA E ODONTOLOGICA DE CIVIS - COMPLEMENTACAO DA UNIAO;084780;AMO CREMOD;ASSIST MED ODONT- CREDENCIAMENTO;0100;RECURSOS ORDINARIOS;2;ORCAMENTO DE SEGURIDADE SOCIAL;3;DESPESAS CORRENTES;3;OUTRAS DESPESAS CORRENTES;39;OUTROS SERVICOS DE TERCEIROS PJ - OP.INT.ORC.;339039;OUTROS SERVICOS DE TERCEIROS - PESSOA JURIDICA;33903950;SERV.MEDICO-HOSPITAL.,ODONTOL.E LABORATORIAIS;3;ESTIMATIVO;08;NAO SE APLICA;-8;03/01/2018;JAN/2018;2018;070025000012018NE000022;ASSISTENCIA MEDICA;PAGTO NFS 4093. SERVICOS ODONTOLOGICOS. RETENCAO IMP FED 5,85 (R$ 37,09) E ISS 2,00 (R$ 12,68). PA 1833-72.2018;070025;TRIBUNAL REGIONAL ELEITORAL DO D. FEDERAL;;;;;;;;0,00;634,00;634,00;;;;;;;;;634,00;634,00
14107;TRIBUNAL REGIONAL ELEITORAL DO DIST. FEDERAL;070025;TRIBUNAL REGIONAL ELEITORAL DO D. FEDERAL;02301057020040053;2004;ASSISTENCIA MEDICA E ODONTOLOGICA AOS SERVIDORES CIVIS, EMPR;0001;ASSISTENCIA MEDICA E ODONTOLOGICA DE CIVIS - COMPLEMENTACAO DA UNIAO;084780;AMO CREMOD;ASSIST MED ODONT- CREDENCIAMENTO;0100;RECURSOS ORDINARIOS;2;ORCAMENTO DE SEGURIDADE SOCIAL;3;DESPESAS CORRENTES;3;OUTRAS DESPESAS CORRENTES;39;OUTROS SERVICOS DE TERCEIROS PJ - OP.INT.ORC.;339039;OUTROS SERVICOS DE TERCEIROS - PESSOA JURIDICA;33903950;SERV.MEDICO-HOSPITAL.,ODONTOL.E LABORATORIAIS;3;ESTIMATIVO;08;NAO SE APLICA;-8;03/01/2018;JAN/2018;2018;070025000012018NE000022;ASSISTENCIA MEDICA;PAGTO NFS 4094. SERVICOS ODONTOLOGICOS. RETENCAO IMP FED 5,85 (R$ 3,12) E ISS 2,00 (R$ 1,07). PA 2315-88.2016.;070025;TRIBUNAL REGIONAL ELEITORAL DO D. FEDERAL;;;;;;;;0,00;53,39;4,19;;;;;;;;;53,39;4,19
14107;TRIBUNAL REGIONAL ELEITORAL DO DIST. FEDERAL;070025;TRIBUNAL REGIONAL ELEITORAL DO D. FEDERAL;02301057020040053;2004;ASSISTENCIA MEDICA E ODONTOLOGICA AOS SERVIDORES CIVIS, EMPR;0001;ASSISTENCIA MEDICA E ODONTOLOGICA DE CIVIS - COMPLEMENTACAO DA UNIAO;084780;AMO CREMOD;ASSIST MED ODONT- CREDENCIAMENTO;0100;RECURSOS ORDINARIOS;2;ORCAMENTO DE SEGURIDADE SOCIAL;3;DESPESAS CORRENTES;3;OUTRAS DESPESAS CORRENTES;39;OUTROS SERVICOS DE TERCEIROS PJ - OP.INT.ORC.;339039;OUTROS SERVICOS DE TERCEIROS - PESSOA JURIDICA;33903950;SERV.MEDICO-HOSPITAL.,ODONTOL.E LABORATORIAIS;3;ESTIMATIVO;08;NAO SE APLICA;-8;03/01/2018;JAN/2018;2018;070025000012018NE000022;ASSISTENCIA MEDICA;PAGTO NFS 4094. SERVICOS ODONTOLOGICOS. RETENCAO IMP FED 5,85 (R$ 3,12) E ISS 2,00 (R$ 1,07). PA 2315-88.2016..;070025;TRIBUNAL REGIONAL ELEITORAL DO D. FEDERAL;;;;;;;;0,00;0,00;49,20;;;;;;;;;0,00;49,20
14107;TRIBUNAL REGIONAL ELEITORAL DO DIST. FEDERAL;070025;TRIBUNAL REGIONAL ELEITORAL DO D. FEDERAL;02301057020040053;2004;ASSISTENCIA MEDICA E ODONTOLOGICA AOS SERVIDORES CIVIS, EMPR;0001;ASSISTENCIA MEDICA E ODONTOLOGICA DE CIVIS - COMPLEMENTACAO DA UNIAO;084780;AMO CREMOD;ASSIST MED ODONT- CREDENCIAMENTO;0100;RECURSOS ORDINARIOS;2;ORCAMENTO DE SEGURIDADE SOCIAL;3;DESPESAS CORRENTES;3;OUTRAS DESPESAS CORRENTES;39;OUTROS SERVICOS DE TERCEIROS PJ - OP.INT.ORC.;339039;OUTROS SERVICOS DE TERCEIROS - PESSOA JURIDICA;33903950;SERV.MEDICO-HOSPITAL.,ODONTOL.E LABORATORIAIS;3;ESTIMATIVO;08;NAO SE APLICA;-8;03/01/2018;JAN/2018;2018;070025000012018NE000022;ASSISTENCIA MEDICA;PAGTO NFS 4392 E 4452. SERVICOS MEDICOS. ISS 2,00 (R$ 18,47) ENTIDADE SEM FINS LUCRATIVOS. PA 1988-75.2018.;070025;TRIBUNAL REGIONAL ELEITORAL DO D. FEDERAL;;;;;;;;0,00;923,61;1.828,75;;;;;;;;;923,61;1.828,75
14107;TRIBUNAL REGIONAL ELEITORAL DO DIST. FEDERAL;070025;TRIBUNAL REGIONAL ELEITORAL DO D. FEDERAL;02301057020040053;2004;ASSISTENCIA MEDICA E ODONTOLOGICA AOS SERVIDORES CIVIS, EMPR;0001;ASSISTENCIA MEDICA E ODONTOLOGICA DE CIVIS - COMPLEMENTACAO DA UNIAO;084780;AMO CREMOD;ASSIST MED ODONT- CREDENCIAMENTO;0100;RECURSOS ORDINARIOS;2;ORCAMENTO DE SEGURIDADE SOCIAL;3;DESPESAS CORRENTES;3;OUTRAS DESPESAS CORRENTES;39;OUTROS SERVICOS DE TERCEIROS PJ - OP.INT.ORC.;339039;OUTROS SERVICOS DE TERCEIROS - PESSOA JURIDICA;33903950;SERV.MEDICO-HOSPITAL.,ODONTOL.E LABORATORIAIS;3;ESTIMATIVO;08;NAO SE APLICA;-8;03/01/2018;JAN/2018;2018;070025000012018NE000022;ASSISTENCIA MEDICA;PAGTO NFS 458 E 4073. SERVICOS ODONTOLOGICOS. RETENCAO IMP FED 5,85 (R$ 18,88) E ISS 2,00 (R$ 6,46). PA 2315-88.2016.;070025;TRIBUNAL REGIONAL ELEITORAL DO D. FEDERAL;;;;;;;;0,00;322,78;322,78;;;;;;;;;322,78;322,78
14107;TRIBUNAL REGIONAL ELEITORAL DO DIST. FEDERAL;070025;TRIBUNAL REGIONAL ELEITORAL DO D. FEDERAL;02301057020040053;2004;ASSISTENCIA MEDICA E ODONTOLOGICA AOS SERVIDORES CIVIS, EMPR;0001;ASSISTENCIA MEDICA E ODONTOLOGICA DE CIVIS - COMPLEMENTACAO DA UNIAO;084780;AMO CREMOD;ASSIST MED ODONT- CREDENCIAMENTO;0100;RECURSOS ORDINARIOS;2;ORCAMENTO DE SEGURIDADE SOCIAL;3;DESPESAS CORRENTES;3;OUTRAS DESPESAS CORRENTES;39;OUTROS SERVICOS DE TERCEIROS PJ - OP.INT.ORC.;339039;OUTROS SERVICOS DE TERCEIROS - PESSOA JURIDICA;33903950;SERV.MEDICO-HOSPITAL.,ODONTOL.E LABORATORIAIS;3;ESTIMATIVO;08;NAO SE APLICA;-8;03/01/2018;JAN/2018;2018;070025000012018NE000022;ASSISTENCIA MEDICA;PAGTO NFS 459, 829 E 51462. SERVICOS MEDICOS. RETENCAO IMP. FED. 5,85 (R$ 47,76) E ISS 2,00 (R$ 16,33). PA 2052-56.2016.;070025;TRIBUNAL REGIONAL ELEITORAL DO D. FEDERAL;;;;;;;;0,00;726,37;726,37;;;;;;;;;726,37;726,37
14107;TRIBUNAL REGIONAL ELEITORAL DO DIST. FEDERAL;070025;TRIBUNAL REGIONAL ELEITORAL DO D. FEDERAL;02301057020040053;2004;ASSISTENCIA MEDICA E ODONTOLOGICA AOS SERVIDORES CIVIS, EMPR;0001;ASSISTENCIA MEDICA E ODONTOLOGICA DE CIVIS - COMPLEMENTACAO DA UNIAO;084780;AMO CREMOD;ASSIST MED ODONT- CREDENCIAMENTO;0100;RECURSOS ORDINARIOS;2;ORCAMENTO DE SEGURIDADE SOCIAL;3;DESPESAS CORRENTES;3;OUTRAS DESPESAS CORRENTES;39;OUTROS SERVICOS DE TERCEIROS PJ - OP.INT.ORC.;339039;OUTROS SERVICOS DE TERCEIROS - PESSOA JURIDICA;33903950;SERV.MEDICO-HOSPITAL.,ODONTOL.E LABORATORIAIS;3;ESTIMATIVO;08;NAO SE APLICA;-8;03/01/2018;JAN/2018;2018;070025000012018NE000022;ASSISTENCIA MEDICA;PAGTO NFS 5992, 5993 E 6067. SERVICO MEDICO. RETENCAO IMP FED 5,85 (R$ 137,50) E ISS 2,00 (R$ 47,01).PA 413-32.2018.;070025;TRIBUNAL REGIONAL ELEITORAL DO D. FEDERAL;;;;;;;;0,00;949,40;949,40;;;;;;;;;949,40;949,40
14107;TRIBUNAL REGIONAL ELEITORAL DO DIST. FEDERAL;070025;TRIBUNAL REGIONAL ELEITORAL DO D. FEDERAL;02301057020040053;2004;ASSISTENCIA MEDICA E ODONTOLOGICA AOS SERVIDORES CIVIS, EMPR;0001;ASSISTENCIA MEDICA E ODONTOLOGICA DE CIVIS - COMPLEMENTACAO DA UNIAO;084780;AMO CREMOD;ASSIST MED ODONT- CREDENCIAMENTO;0100;RECURSOS ORDINARIOS;2;ORCAMENTO DE SEGURIDADE SOCIAL;3;DESPESAS CORRENTES;3;OUTRAS DESPESAS CORRENTES;39;OUTROS SERVICOS DE TERCEIROS PJ - OP.INT.ORC.;339039;OUTROS SERVICOS DE TERCEIROS - PESSOA JURIDICA;33903950;SERV.MEDICO-HOSPITAL.,ODONTOL.E LABORATORIAIS;3;ESTIMATIVO;08;NAO SE APLICA;-8;03/01/2018;JAN/2018;2018;070025000012018NE000022;ASSISTENCIA MEDICA;PAGTO NFS 64125, 64125, 66057, 66058, 66059, 66326, 66327 E 66336. SERVICOS MEDICOS. RETENCAO IMP FED 5,85 (R$ 3.789,17) E ISS 2,00 (R$ 1.295,44). PA 2205-89.2016.;070025;TRIBUNAL REGIONAL ELEITORAL DO D. FEDERAL;;;;;;;;0,00;64.747,52;64.747,52;;;;;;;;;64.747,52;64.747,52
14107;TRIBUNAL REGIONAL ELEITORAL DO DIST. FEDERAL;070025;TRIBUNAL REGIONAL ELEITORAL DO D. FEDERAL;02301057020040053;2004;ASSISTENCIA MEDICA E ODONTOLOGICA AOS SERVIDORES CIVIS, EMPR;0001;ASSISTENCIA MEDICA E ODONTOLOGICA DE CIVIS - COMPLEMENTACAO DA UNIAO;084780;AMO CREMOD;ASSIST MED ODONT- CREDENCIAMENTO;0100;RECURSOS ORDINARIOS;2;ORCAMENTO DE SEGURIDADE SOCIAL;3;DESPESAS CORRENTES;3;OUTRAS DESPESAS CORRENTES;39;OUTROS SERVICOS DE TERCEIROS PJ - OP.INT.ORC.;339039;OUTROS SERVICOS DE TERCEIROS - PESSOA JURIDICA;33903950;SERV.MEDICO-HOSPITAL.,ODONTOL.E LABORATORIAIS;3;ESTIMATIVO;08;NAO SE APLICA;-8;03/01/2018;JAN/2018;2018;070025000012018NE000022;ASSISTENCIA MEDICA;PAGTO NFS 7649, 7765 E 7797. SERVICOS MEDICOS. RETENCAO 5,85 IMP FED (R$ 1.583,55) E 2,00 ISS (R$ 541,38). PA 0194-19.2018;070025;TRIBUNAL REGIONAL ELEITORAL DO D. FEDERAL;;;;;;;;0,00;2.112,39;2.112,39;;;;;;;;;2.112,39;2.112,39
14107;TRIBUNAL REGIONAL ELEITORAL DO DIST. FEDERAL;070025;TRIBUNAL REGIONAL ELEITORAL DO D. FEDERAL;02301057020040053;2004;ASSISTENCIA MEDICA E ODONTOLOGICA AOS SERVIDORES CIVIS, EMPR;0001;ASSISTENCIA MEDICA E ODONTOLOGICA DE CIVIS - COMPLEMENTACAO DA UNIAO;084780;AMO CREMOD;ASSIST MED ODONT- CREDENCIAMENTO;0100;RECURSOS ORDINARIOS;2;ORCAMENTO DE SEGURIDADE SOCIAL;3;DESPESAS CORRENTES;3;OUTRAS DESPESAS CORRENTES;39;OUTROS SERVICOS DE TERCEIROS PJ - OP.INT.ORC.;339039;OUTROS SERVICOS DE TERCEIROS - PESSOA JURIDICA;33903950;SERV.MEDICO-HOSPITAL.,ODONTOL.E LABORATORIAIS;3;ESTIMATIVO;08;NAO SE APLICA;-8;03/01/2018;JAN/2018;2018;070025000012018NE000022;ASSISTENCIA MEDICA;PAGTO NFS 7884. SERVICOS MEDICOS. RETENCAO 5,85 IMP FED (R$ 1.062,67) E 2,00 ISS (R$ 363,31). PA 0194-19.2018;070025;TRIBUNAL REGIONAL ELEITORAL DO D. FEDERAL;;;;;;;;0,00;4.370,43;4.370,43;;;;;;;;;4.370,43;4.370,43
14107;TRIBUNAL REGIONAL ELEITORAL DO DIST. FEDERAL;070025;TRIBUNAL REGIONAL ELEITORAL DO D. FEDERAL;02301057020040053;2004;ASSISTENCIA MEDICA E ODONTOLOGICA AOS SERVIDORES CIVIS, EMPR;0001;ASSISTENCIA MEDICA E ODONTOLOGICA DE CIVIS - COMPLEMENTACAO DA UNIAO;084780;AMO CREMOD;ASSIST MED ODONT- CREDENCIAMENTO;0100;RECURSOS ORDINARIOS;2;ORCAMENTO DE SEGURIDADE SOCIAL;3;DESPESAS CORRENTES;3;OUTRAS DESPESAS CORRENTES;39;OUTROS SERVICOS DE TERCEIROS PJ - OP.INT.ORC.;339039;OUTROS SERVICOS DE TERCEIROS - PESSOA JURIDICA;33903950;SERV.MEDICO-HOSPITAL.,ODONTOL.E LABORATORIAIS;3;ESTIMATIVO;08;NAO SE APLICA;-8;03/01/2018;JAN/2018;2018;070025000012018NE000022;ASSISTENCIA MEDICA;PAGTO NFS 9580 E 9721. SERVICOS MEDICOS. RETENCAO IMP FED 5,85 (R$ 108,63) E ISS 2,00 (R$ 37,14). PA 3109-12.2016.;070025;TRIBUNAL REGIONAL ELEITORAL DO D. FEDERAL;;;;;;;;0,00;973,95;973,95;;;;;;;;;973,95;973,95
14107;TRIBUNAL REGIONAL ELEITORAL DO DIST. FEDERAL;070025;TRIBUNAL REGIONAL ELEITORAL DO D. FEDERAL;02301057020040053;2004;ASSISTENCIA MEDICA E ODONTOLOGICA AOS SERVIDORES CIVIS, EMPR;0001;ASSISTENCIA MEDICA E ODONTOLOGICA DE CIVIS - COMPLEMENTACAO DA UNIAO;084780;AMO CREMOD;ASSIST MED ODONT- CREDENCIAMENTO;0100;RECURSOS ORDINARIOS;2;ORCAMENTO DE SEGURIDADE SOCIAL;3;DESPESAS CORRENTES;3;OUTRAS DESPESAS CORRENTES;39;OUTROS SERVICOS DE TERCEIROS PJ - OP.INT.ORC.;339039;OUTROS SERVICOS DE TERCEIROS - PESSOA JURIDICA;33903950;SERV.MEDICO-HOSPITAL.,ODONTOL.E LABORATORIAIS;3;ESTIMATIVO;08;NAO SE APLICA;-8;03/01/2018;JAN/2018;2018;070025000012018NE000022;ASSISTENCIA MEDICA;PAGTO PAGTO NF 9910. SERVICOS MEDICOS. RETENCAO IMP FED 5,85 (R$ 63,86) E ISS 2,00 (R$ 21,83). PA 3109-12.2016.;070025;TRIBUNAL REGIONAL ELEITORAL DO D. FEDERAL;;;;;;;;0,00;0,00;1.005,85;;;;;;;;;0,00;1.005,85
14107;TRIBUNAL REGIONAL ELEITORAL DO DIST. FEDERAL;070025;TRIBUNAL REGIONAL ELEITORAL DO D. FEDERAL;02301057020040053;2004;ASSISTENCIA MEDICA E ODONTOLOGICA AOS SERVIDORES CIVIS, EMPR;0001;ASSISTENCIA MEDICA E ODONTOLOGICA DE CIVIS - COMPLEMENTACAO DA UNIAO;084780;AMO CREMOD;ASSIST MED ODONT- CREDENCIAMENTO;0100;RECURSOS ORDINARIOS;2;ORCAMENTO DE SEGURIDADE SOCIAL;3;DESPESAS CORRENTES;3;OUTRAS DESPESAS CORRENTES;39;OUTROS SERVICOS DE TERCEIROS PJ - OP.INT.ORC.;339039;OUTROS SERVICOS DE TERCEIROS - PESSOA JURIDICA;33903950;SERV.MEDICO-HOSPITAL.,ODONTOL.E LABORATORIAIS;3;ESTIMATIVO;08;NAO SE APLICA;-8;03/01/2018;JAN/2018;2018;070025000012018NE000022;ASSISTENCIA MEDICA;PGTO NF 11.462. SERVICOS ODONTOLOGICOS. RETENCAO IMP. FED. 5,85 (R$ 30,67). ISENTO DE ISS (UNIPROFISISONAL). PA 3457-30.2016;070025;TRIBUNAL REGIONAL ELEITORAL DO D. FEDERAL;;;;;;;;0,00;460,21;460,21;;;;;;;;;460,21;460,21
14107;TRIBUNAL REGIONAL ELEITORAL DO DIST. FEDERAL;070025;TRIBUNAL REGIONAL ELEITORAL DO D. FEDERAL;02301057020040053;2004;ASSISTENCIA MEDICA E ODONTOLOGICA AOS SERVIDORES CIVIS, EMPR;0001;ASSISTENCIA MEDICA E ODONTOLOGICA DE CIVIS - COMPLEMENTACAO DA UNIAO;084780;AMO CREMOD;ASSIST MED ODONT- CREDENCIAMENTO;0100;RECURSOS ORDINARIOS;2;ORCAMENTO DE SEGURIDADE SOCIAL;3;DESPESAS CORRENTES;3;OUTRAS DESPESAS CORRENTES;39;OUTROS SERVICOS DE TERCEIROS PJ - OP.INT.ORC.;339039;OUTROS SERVICOS DE TERCEIROS - PESSOA JURIDICA;33903950;SERV.MEDICO-HOSPITAL.,ODONTOL.E LABORATORIAIS;3;ESTIMATIVO;08;NAO SE APLICA;-8;03/01/2018;JAN/2018;2018;070025000012018NE000022;ASSISTENCIA MEDICA;PGTO NF 1128. SERVICOS ODONTOLOGICOS. RETENCAO IMP FED 5,85 (R$ 57,91) E ISS 2,00 (R$ 19,80). PA 1347-87.2018.;070025;TRIBUNAL REGIONAL ELEITORAL DO D. FEDERAL;;;;;;;;0,00;989,84;989,84;;;;;;;;;989,84;989,84
14107;TRIBUNAL REGIONAL ELEITORAL DO DIST. FEDERAL;070025;TRIBUNAL REGIONAL ELEITORAL DO D. FEDERAL;02301057020040053;2004;ASSISTENCIA MEDICA E ODONTOLOGICA AOS SERVIDORES CIVIS, EMPR;0001;ASSISTENCIA MEDICA E ODONTOLOGICA DE CIVIS - COMPLEMENTACAO DA UNIAO;084780;AMO CREMOD;ASSIST MED ODONT- CREDENCIAMENTO;0100;RECURSOS ORDINARIOS;2;ORCAMENTO DE SEGURIDADE SOCIAL;3;DESPESAS CORRENTES;3;OUTRAS DESPESAS CORRENTES;39;OUTROS SERVICOS DE TERCEIROS PJ - OP.INT.ORC.;339039;OUTROS SERVICOS DE TERCEIROS - PESSOA JURIDICA;33903950;SERV.MEDICO-HOSPITAL.,ODONTOL.E LABORATORIAIS;3;ESTIMATIVO;08;NAO SE APLICA;-8;03/01/2018;JAN/2018;2018;070025000012018NE000022;ASSISTENCIA MEDICA;PGTO NF 113. SERVICO MEDICO. RET. IMP. FED. 5,85 (R$ 76,48) E ISS 2,00 (R$ 26,15). PA 3355-08.2016.;070025;TRIBUNAL REGIONAL ELEITORAL DO D. FEDERAL;;;;;;;;0,00;1.307,43;1.307,43;;;;;;;;;1.307,43;1.307,43
14107;TRIBUNAL REGIONAL ELEITORAL DO DIST. FEDERAL;070025;TRIBUNAL REGIONAL ELEITORAL DO D. FEDERAL;02301057020040053;2004;ASSISTENCIA MEDICA E ODONTOLOGICA AOS SERVIDORES CIVIS, EMPR;0001;ASSISTENCIA MEDICA E ODONTOLOGICA DE CIVIS - COMPLEMENTACAO DA UNIAO;084780;AMO CREMOD;ASSIST MED ODONT- CREDENCIAMENTO;0100;RECURSOS ORDINARIOS;2;ORCAMENTO DE SEGURIDADE SOCIAL;3;DESPESAS CORRENTES;3;OUTRAS DESPESAS CORRENTES;39;OUTROS SERVICOS DE TERCEIROS PJ - OP.INT.ORC.;339039;OUTROS SERVICOS DE TERCEIROS - PESSOA JURIDICA;33903950;SERV.MEDICO-HOSPITAL.,ODONTOL.E LABORATORIAIS;3;ESTIMATIVO;08;NAO SE APLICA;-8;03/01/2018;JAN/2018;2018;070025000012018NE000022;ASSISTENCIA MEDICA;PGTO NF 1321 E 1328. SERVICOS MEDICOS. RETENCAO DE 5,85 IMP FED (R$ 83,45) E 2,00 ISS (R$ 28,53). PA 2939-40.2016.;070025;TRIBUNAL REGIONAL ELEITORAL DO D. FEDERAL;;;;;;;;0,00;1.426,51;1.426,51;;;;;;;;;1.426,51;1.426,51
14107;TRIBUNAL REGIONAL ELEITORAL DO DIST. FEDERAL;070025;TRIBUNAL REGIONAL ELEITORAL DO D. FEDERAL;02301057020040053;2004;ASSISTENCIA MEDICA E ODONTOLOGICA AOS SERVIDORES CIVIS, EMPR;0001;ASSISTENCIA MEDICA E ODONTOLOGICA DE CIVIS - COMPLEMENTACAO DA UNIAO;084780;AMO CREMOD;ASSIST MED ODONT- CREDENCIAMENTO;0100;RECURSOS ORDINARIOS;2;ORCAMENTO DE SEGURIDADE SOCIAL;3;DESPESAS CORRENTES;3;OUTRAS DESPESAS CORRENTES;39;OUTROS SERVICOS DE TERCEIROS PJ - OP.INT.ORC.;339039;OUTROS SERVICOS DE TERCEIROS - PESSOA JURIDICA;33903950;SERV.MEDICO-HOSPITAL.,ODONTOL.E LABORATORIAIS;3;ESTIMATIVO;08;NAO SE APLICA;-8;03/01/2018;JAN/2018;2018;070025000012018NE000022;ASSISTENCIA MEDICA;PGTO NF 1363. SERVICOS MEDICOS. RETENCAO DE 5,85 IMP FED (R$ 24,52) E 2,00 ISS (R$ 8,38). PA 2939-40.2016.;070025;TRIBUNAL REGIONAL ELEITORAL DO D. FEDERAL;;;;;;;;0,00;419,20;419,20;;;;;;;;;419,20;419,20
14107;TRIBUNAL REGIONAL ELEITORAL DO DIST. FEDERAL;070025;TRIBUNAL REGIONAL ELEITORAL DO D. FEDERAL;02301057020040053;2004;ASSISTENCIA MEDICA E ODONTOLOGICA AOS SERVIDORES CIVIS, EMPR;0001;ASSISTENCIA MEDICA E ODONTOLOGICA DE CIVIS - COMPLEMENTACAO DA UNIAO;084780;AMO CREMOD;ASSIST MED ODONT- CREDENCIAMENTO;0100;RECURSOS ORDINARIOS;2;ORCAMENTO DE SEGURIDADE SOCIAL;3;DESPESAS CORRENTES;3;OUTRAS DESPESAS CORRENTES;39;OUTROS SERVICOS DE TERCEIROS PJ - OP.INT.ORC.;339039;OUTROS SERVICOS DE TERCEIROS - PESSOA JURIDICA;33903950;SERV.MEDICO-HOSPITAL.,ODONTOL.E LABORATORIAIS;3;ESTIMATIVO;08;NAO SE APLICA;-8;03/01/2018;JAN/2018;2018;070025000012018NE000022;ASSISTENCIA MEDICA;PGTO NF 14040. SERVICOS ODONTOLOGICOS. RETENCAO TRIBUTARIA IMP FED 5,85 (R$ 2,62) E ISS 2,00 (R$ 0,90). PA 6417-22.2017.;070025;TRIBUNAL REGIONAL ELEITORAL DO D. FEDERAL;;;;;;;;0,00;44,85;44,85;;;;;;;;;44,85;44,85
14107;TRIBUNAL REGIONAL ELEITORAL DO DIST. FEDERAL;070025;TRIBUNAL REGIONAL ELEITORAL DO D. FEDERAL;02301057020040053;2004;ASSISTENCIA MEDICA E ODONTOLOGICA AOS SERVIDORES CIVIS, EMPR;0001;ASSISTENCIA MEDICA E ODONTOLOGICA DE CIVIS - COMPLEMENTACAO DA UNIAO;084780;AMO CREMOD;ASSIST MED ODONT- CREDENCIAMENTO;0100;RECURSOS ORDINARIOS;2;ORCAMENTO DE SEGURIDADE SOCIAL;3;DESPESAS CORRENTES;3;OUTRAS DESPESAS CORRENTES;39;OUTROS SERVICOS DE TERCEIROS PJ - OP.INT.ORC.;339039;OUTROS SERVICOS DE TERCEIROS - PESSOA JURIDICA;33903950;SERV.MEDICO-HOSPITAL.,ODONTOL.E LABORATORIAIS;3;ESTIMATIVO;08;NAO SE APLICA;-8;03/01/2018;JAN/2018;2018;070025000012018NE000022;ASSISTENCIA MEDICA;PGTO NF 17382. SERVICO MEDICO HOSPITALAR. RET IMP FED 5,85 (R$ 7,11) E ISS 2,00 (R$ 2,43). PA 423-76.2018;070025;TRIBUNAL REGIONAL ELEITORAL DO D. FEDERAL;;;;;;;;0,00;121,46;121,46;;;;;;;;;121,46;121,46
14107;TRIBUNAL REGIONAL ELEITORAL DO DIST. FEDERAL;070025;TRIBUNAL REGIONAL ELEITORAL DO D. FEDERAL;02301057020040053;2004;ASSISTENCIA MEDICA E ODONTOLOGICA AOS SERVIDORES CIVIS, EMPR;0001;ASSISTENCIA MEDICA E ODONTOLOGICA DE CIVIS - COMPLEMENTACAO DA UNIAO;084780;AMO CREMOD;ASSIST MED ODONT- CREDENCIAMENTO;0100;RECURSOS ORDINARIOS;2;ORCAMENTO DE SEGURIDADE SOCIAL;3;DESPESAS CORRENTES;3;OUTRAS DESPESAS CORRENTES;39;OUTROS SERVICOS DE TERCEIROS PJ - OP.INT.ORC.;339039;OUTROS SERVICOS DE TERCEIROS - PESSOA JURIDICA;33903950;SERV.MEDICO-HOSPITAL.,ODONTOL.E LABORATORIAIS;3;ESTIMATIVO;08;NAO SE APLICA;-8;03/01/2018;JAN/2018;2018;070025000012018NE000022;ASSISTENCIA MEDICA;PGTO NF 174. SERVICOS ODONTOLOGICOS. RETENCAO TRIBUTARIA IMP. FED. 5,85 (R$ 480,65) E ISS 2,00 (164,32). PA 6423-29.2017;070025;TRIBUNAL REGIONAL ELEITORAL DO D. FEDERAL;;;;;;;;0,00;1.245,94;1.245,94;;;;;;;;;1.245,94;1.245,94
14107;TRIBUNAL REGIONAL ELEITORAL DO DIST. FEDERAL;070025;TRIBUNAL REGIONAL ELEITORAL DO D. FEDERAL;02301057020040053;2004;ASSISTENCIA MEDICA E ODONTOLOGICA AOS SERVIDORES CIVIS, EMPR;0001;ASSISTENCIA MEDICA E ODONTOLOGICA DE CIVIS - COMPLEMENTACAO DA UNIAO;084780;AMO CREMOD;ASSIST MED ODONT- CREDENCIAMENTO;0100;RECURSOS ORDINARIOS;2;ORCAMENTO DE SEGURIDADE SOCIAL;3;DESPESAS CORRENTES;3;OUTRAS DESPESAS CORRENTES;39;OUTROS SERVICOS DE TERCEIROS PJ - OP.INT.ORC.;339039;OUTROS SERVICOS DE TERCEIROS - PESSOA JURIDICA;33903950;SERV.MEDICO-HOSPITAL.,ODONTOL.E LABORATORIAIS;3;ESTIMATIVO;08;NAO SE APLICA;-8;03/01/2018;JAN/2018;2018;070025000012018NE000022;ASSISTENCIA MEDICA;PGTO NF 18.289. SERVICO MEDICO HOSPITALAR. RET IMP FED 5,85 (R$ 7,11) E ISS 2,00 (R$ 2,43). PA 423-76.2018;070025;TRIBUNAL REGIONAL ELEITORAL DO D. FEDERAL;;;;;;;;0,00;121,46;131,00;;;;;;;;;121,46;131,00
14107;TRIBUNAL REGIONAL ELEITORAL DO DIST. FEDERAL;070025;TRIBUNAL REGIONAL ELEITORAL DO D. FEDERAL;02301057020040053;2004;ASSISTENCIA MEDICA E ODONTOLOGICA AOS SERVIDORES CIVIS, EMPR;0001;ASSISTENCIA MEDICA E ODONTOLOGICA DE CIVIS - COMPLEMENTACAO DA UNIAO;084780;AMO CREMOD;ASSIST MED ODONT- CREDENCIAMENTO;0100;RECURSOS ORDINARIOS;2;ORCAMENTO DE SEGURIDADE SOCIAL;3;DESPESAS CORRENTES;3;OUTRAS DESPESAS CORRENTES;39;OUTROS SERVICOS DE TERCEIROS PJ - OP.INT.ORC.;339039;OUTROS SERVICOS DE TERCEIROS - PESSOA JURIDICA;33903950;SERV.MEDICO-HOSPITAL.,ODONTOL.E LABORATORIAIS;3;ESTIMATIVO;08;NAO SE APLICA;-8;03/01/2018;JAN/2018;2018;070025000012018NE000022;ASSISTENCIA MEDICA;PGTO NF 180. SERVICOS ODONTOLOGICOS. RETENCAO TRIBUTARIA IMP. FED. 5,85 (R$ 217,99) E ISS 2,00 (74,53). PA 6423-29.2017;070025;TRIBUNAL REGIONAL ELEITORAL DO D. FEDERAL;;;;;;;;0,00;3.726,29;3.726,29;;;;;;;;;3.726,29;3.726,29
14107;TRIBUNAL REGIONAL ELEITORAL DO DIST. FEDERAL;070025;TRIBUNAL REGIONAL ELEITORAL DO D. FEDERAL;02301057020040053;2004;ASSISTENCIA MEDICA E ODONTOLOGICA AOS SERVIDORES CIVIS, EMPR;0001;ASSISTENCIA MEDICA E ODONTOLOGICA DE CIVIS - COMPLEMENTACAO DA UNIAO;084780;AMO CREMOD;ASSIST MED ODONT- CREDENCIAMENTO;0100;RECURSOS ORDINARIOS;2;ORCAMENTO DE SEGURIDADE SOCIAL;3;DESPESAS CORRENTES;3;OUTRAS DESPESAS CORRENTES;39;OUTROS SERVICOS DE TERCEIROS PJ - OP.INT.ORC.;339039;OUTROS SERVICOS DE TERCEIROS - PESSOA JURIDICA;33903950;SERV.MEDICO-HOSPITAL.,ODONTOL.E LABORATORIAIS;3;ESTIMATIVO;08;NAO SE APLICA;-8;03/01/2018;JAN/2018;2018;070025000012018NE000022;ASSISTENCIA MEDICA;PGTO NF 181. SERVICOS MEDICOS. RET. IMP. FED. 5,85 (R$ 22,24) E ISS 2,00 (R$ 7,60). PA 3355-08.2016.;070025;TRIBUNAL REGIONAL ELEITORAL DO D. FEDERAL;;;;;;;;0,00;380,19;380,19;;;;;;;;;380,19;380,19
14107;TRIBUNAL REGIONAL ELEITORAL DO DIST. FEDERAL;070025;TRIBUNAL REGIONAL ELEITORAL DO D. FEDERAL;02301057020040053;2004;ASSISTENCIA MEDICA E ODONTOLOGICA AOS SERVIDORES CIVIS, EMPR;0001;ASSISTENCIA MEDICA E ODONTOLOGICA DE CIVIS - COMPLEMENTACAO DA UNIAO;084780;AMO CREMOD;ASSIST MED ODONT- CREDENCIAMENTO;0100;RECURSOS ORDINARIOS;2;ORCAMENTO DE SEGURIDADE SOCIAL;3;DESPESAS CORRENTES;3;OUTRAS DESPESAS CORRENTES;39;OUTROS SERVICOS DE TERCEIROS PJ - OP.INT.ORC.;339039;OUTROS SERVICOS DE TERCEIROS - PESSOA JURIDICA;33903950;SERV.MEDICO-HOSPITAL.,ODONTOL.E LABORATORIAIS;3;ESTIMATIVO;08;NAO SE APLICA;-8;03/01/2018;JAN/2018;2018;070025000012018NE000022;ASSISTENCIA MEDICA;PGTO NF 18328. SERVICOS MEDICOS. RETENCAO IMP FED 5,85 (R$ 12,26) E ISS 2,00 (R$ 4,19). PA 386-49.2018.;070025;TRIBUNAL REGIONAL ELEITORAL DO D. FEDERAL;;;;;;;;0,00;209,54;209,54;;;;;;;;;209,54;209,54
14107;TRIBUNAL REGIONAL ELEITORAL DO DIST. FEDERAL;070025;TRIBUNAL REGIONAL ELEITORAL DO D. FEDERAL;02301057020040053;2004;ASSISTENCIA MEDICA E ODONTOLOGICA AOS SERVIDORES CIVIS, EMPR;0001;ASSISTENCIA MEDICA E ODONTOLOGICA DE CIVIS - COMPLEMENTACAO DA UNIAO;084780;AMO CREMOD;ASSIST MED ODONT- CREDENCIAMENTO;0100;RECURSOS ORDINARIOS;2;ORCAMENTO DE SEGURIDADE SOCIAL;3;DESPESAS CORRENTES;3;OUTRAS DESPESAS CORRENTES;39;OUTROS SERVICOS DE TERCEIROS PJ - OP.INT.ORC.;339039;OUTROS SERVICOS DE TERCEIROS - PESSOA JURIDICA;33903950;SERV.MEDICO-HOSPITAL.,ODONTOL.E LABORATORIAIS;3;ESTIMATIVO;08;NAO SE APLICA;-8;03/01/2018;JAN/2018;2018;070025000012018NE000022;ASSISTENCIA MEDICA;PGTO NF 18487. SERVICOS MEDICOS. RETENCAO IMP FED 5,85 (R$ 7,11) E ISS 2,00 (R$ 2,43). PA 386-49.2018.;070025;TRIBUNAL REGIONAL ELEITORAL DO D. FEDERAL;;;;;;;;0,00;121,46;121,46;;;;;;;;;121,46;121,46
14107;TRIBUNAL REGIONAL ELEITORAL DO DIST. FEDERAL;070025;TRIBUNAL REGIONAL ELEITORAL DO D. FEDERAL;02301057020040053;2004;ASSISTENCIA MEDICA E ODONTOLOGICA AOS SERVIDORES CIVIS, EMPR;0001;ASSISTENCIA MEDICA E ODONTOLOGICA DE CIVIS - COMPLEMENTACAO DA UNIAO;084780;AMO CREMOD;ASSIST MED ODONT- CREDENCIAMENTO;0100;RECURSOS ORDINARIOS;2;ORCAMENTO DE SEGURIDADE SOCIAL;3;DESPESAS CORRENTES;3;OUTRAS DESPESAS CORRENTES;39;OUTROS SERVICOS DE TERCEIROS PJ - OP.INT.ORC.;339039;OUTROS SERVICOS DE TERCEIROS - PESSOA JURIDICA;33903950;SERV.MEDICO-HOSPITAL.,ODONTOL.E LABORATORIAIS;3;ESTIMATIVO;08;NAO SE APLICA;-8;03/01/2018;JAN/2018;2018;070025000012018NE000022;ASSISTENCIA MEDICA;PGTO NF 2153. SERVICOS MEDICOS. RETENCAO TRIBUTARIA IMP. FED. 5,85 (R$ 69,33) E ISS 2,00 (R$ 13,2623,70). PA 1130-44.2018;070025;TRIBUNAL REGIONAL ELEITORAL DO D. FEDERAL;;;;;;;;0,00;632,80;1.265,60;;;;;;;;;632,80;1.265,60
14107;TRIBUNAL REGIONAL ELEITORAL DO DIST. FEDERAL;070025;TRIBUNAL REGIONAL ELEITORAL DO D. FEDERAL;02301057020040053;2004;ASSISTENCIA MEDICA E ODONTOLOGICA AOS SERVIDORES CIVIS, EMPR;0001;ASSISTENCIA MEDICA E ODONTOLOGICA DE CIVIS - COMPLEMENTACAO DA UNIAO;084780;AMO CREMOD;ASSIST MED ODONT- CREDENCIAMENTO;0100;RECURSOS ORDINARIOS;2;ORCAMENTO DE SEGURIDADE SOCIAL;3;DESPESAS CORRENTES;3;OUTRAS DESPESAS CORRENTES;39;OUTROS SERVICOS DE TERCEIROS PJ - OP.INT.ORC.;339039;OUTROS SERVICOS DE TERCEIROS - PESSOA JURIDICA;33903950;SERV.MEDICO-HOSPITAL.,ODONTOL.E LABORATORIAIS;3;ESTIMATIVO;08;NAO SE APLICA;-8;03/01/2018;JAN/2018;2018;070025000012018NE000022;ASSISTENCIA MEDICA;PGTO NF 2153. SERVICOS MEDICOS. RETENCAO TRIBUTARIA IMP. FED. 5,85 (R$ 69,33) E ISS 2,00 (R$ 23,70). PA 1130-44.2018;070025;TRIBUNAL REGIONAL ELEITORAL DO D. FEDERAL;;;;;;;;0,00;0,00;632,80;;;;;;;;;0,00;632,80
14107;TRIBUNAL REGIONAL ELEITORAL DO DIST. FEDERAL;070025;TRIBUNAL REGIONAL ELEITORAL DO D. FEDERAL;02301057020040053;2004;ASSISTENCIA MEDICA E ODONTOLOGICA AOS SERVIDORES CIVIS, EMPR;0001;ASSISTENCIA MEDICA E ODONTOLOGICA DE CIVIS - COMPLEMENTACAO DA UNIAO;084780;AMO CREMOD;ASSIST MED ODONT- CREDENCIAMENTO;0100;RECURSOS ORDINARIOS;2;ORCAMENTO DE SEGURIDADE SOCIAL;3;DESPESAS CORRENTES;3;OUTRAS DESPESAS CORRENTES;39;OUTROS SERVICOS DE TERCEIROS PJ - OP.INT.ORC.;339039;OUTROS SERVICOS DE TERCEIROS - PESSOA JURIDICA;33903950;SERV.MEDICO-HOSPITAL.,ODONTOL.E LABORATORIAIS;3;ESTIMATIVO;08;NAO SE APLICA;-8;03/01/2018;JAN/2018;2018;070025000012018NE000022;ASSISTENCIA MEDICA;PGTO NF 2389. SERVICOS MEDICOS. RETENCAO DE 5,85 IMP FED (R$ 20,03) E 2,00 ISS (R$ 6,85). PA 1135-66.2018;070025;TRIBUNAL REGIONAL ELEITORAL DO D. FEDERAL;;;;;;;;0,00;342,42;342,42;;;;;;;;;342,42;342,42
14107;TRIBUNAL REGIONAL ELEITORAL DO DIST. FEDERAL;070025;TRIBUNAL REGIONAL ELEITORAL DO D. FEDERAL;02301057020040053;2004;ASSISTENCIA MEDICA E ODONTOLOGICA AOS SERVIDORES CIVIS, EMPR;0001;ASSISTENCIA MEDICA E ODONTOLOGICA DE CIVIS - COMPLEMENTACAO DA UNIAO;084780;AMO CREMOD;ASSIST MED ODONT- CREDENCIAMENTO;0100;RECURSOS ORDINARIOS;2;ORCAMENTO DE SEGURIDADE SOCIAL;3;DESPESAS CORRENTES;3;OUTRAS DESPESAS CORRENTES;39;OUTROS SERVICOS DE TERCEIROS PJ - OP.INT.ORC.;339039;OUTROS SERVICOS DE TERCEIROS - PESSOA JURIDICA;33903950;SERV.MEDICO-HOSPITAL.,ODONTOL.E LABORATORIAIS;3;ESTIMATIVO;08;NAO SE APLICA;-8;03/01/2018;JAN/2018;2018;070025000012018NE000022;ASSISTENCIA MEDICA;PGTO NF 26841. SERVICOS MEDICOS. RETENCAO IMP FED 5,85 (R$ 24,87) E ISS 2,00 (R$ 8,50). PA 1137-36.2018.;070025;TRIBUNAL REGIONAL ELEITORAL DO D. FEDERAL;;;;;;;;0,00;425,12;425,12;;;;;;;;;425,12;425,12
14107;TRIBUNAL REGIONAL ELEITORAL DO DIST. FEDERAL;070025;TRIBUNAL REGIONAL ELEITORAL DO D. FEDERAL;02301057020040053;2004;ASSISTENCIA MEDICA E ODONTOLOGICA AOS SERVIDORES CIVIS, EMPR;0001;ASSISTENCIA MEDICA E ODONTOLOGICA DE CIVIS - COMPLEMENTACAO DA UNIAO;084780;AMO CREMOD;ASSIST MED ODONT- CREDENCIAMENTO;0100;RECURSOS ORDINARIOS;2;ORCAMENTO DE SEGURIDADE SOCIAL;3;DESPESAS CORRENTES;3;OUTRAS DESPESAS CORRENTES;39;OUTROS SERVICOS DE TERCEIROS PJ - OP.INT.ORC.;339039;OUTROS SERVICOS DE TERCEIROS - PESSOA JURIDICA;33903950;SERV.MEDICO-HOSPITAL.,ODONTOL.E LABORATORIAIS;3;ESTIMATIVO;08;NAO SE APLICA;-8;03/01/2018;JAN/2018;2018;070025000012018NE000022;ASSISTENCIA MEDICA;PGTO NF 29. SERVICOS MEDICOS. RETENCAO  2,00 ISS (R$ 1,80). OPTANTE PELO SIMPLES NACIONAL. PA 1882-16.2018;070025;TRIBUNAL REGIONAL ELEITORAL DO D. FEDERAL;;;;;;;;0,00;90,00;90,00;;;;;;;;;90,00;90,00
14107;TRIBUNAL REGIONAL ELEITORAL DO DIST. FEDERAL;070025;TRIBUNAL REGIONAL ELEITORAL DO D. FEDERAL;02301057020040053;2004;ASSISTENCIA MEDICA E ODONTOLOGICA AOS SERVIDORES CIVIS, EMPR;0001;ASSISTENCIA MEDICA E ODONTOLOGICA DE CIVIS - COMPLEMENTACAO DA UNIAO;084780;AMO CREMOD;ASSIST MED ODONT- CREDENCIAMENTO;0100;RECURSOS ORDINARIOS;2;ORCAMENTO DE SEGURIDADE SOCIAL;3;DESPESAS CORRENTES;3;OUTRAS DESPESAS CORRENTES;39;OUTROS SERVICOS DE TERCEIROS PJ - OP.INT.ORC.;339039;OUTROS SERVICOS DE TERCEIROS - PESSOA JURIDICA;33903950;SERV.MEDICO-HOSPITAL.,ODONTOL.E LABORATORIAIS;3;ESTIMATIVO;08;NAO SE APLICA;-8;03/01/2018;JAN/2018;2018;070025000012018NE000022;ASSISTENCIA MEDICA;PGTO NF 29. SERVICOS MEDICOS. RETENCAO DE 5,85 IMP FED (R$ 5,26) E 2,00 ISS (R$ 1,80). PA 1882-16.2018;070025;TRIBUNAL REGIONAL ELEITORAL DO D. FEDERAL;;;;;;;;0,00;0,00;90,00;;;;;;;;;0,00;90,00
14107;TRIBUNAL REGIONAL ELEITORAL DO DIST. FEDERAL;070025;TRIBUNAL REGIONAL ELEITORAL DO D. FEDERAL;02301057020040053;2004;ASSISTENCIA MEDICA E ODONTOLOGICA AOS SERVIDORES CIVIS, EMPR;0001;ASSISTENCIA MEDICA E ODONTOLOGICA DE CIVIS - COMPLEMENTACAO DA UNIAO;084780;AMO CREMOD;ASSIST MED ODONT- CREDENCIAMENTO;0100;RECURSOS ORDINARIOS;2;ORCAMENTO DE SEGURIDADE SOCIAL;3;DESPESAS CORRENTES;3;OUTRAS DESPESAS CORRENTES;39;OUTROS SERVICOS DE TERCEIROS PJ - OP.INT.ORC.;339039;OUTROS SERVICOS DE TERCEIROS - PESSOA JURIDICA;33903950;SERV.MEDICO-HOSPITAL.,ODONTOL.E LABORATORIAIS;3;ESTIMATIVO;08;NAO SE APLICA;-8;03/01/2018;JAN/2018;2018;070025000012018NE000022;ASSISTENCIA MEDICA;PGTO NF 29. SERVICOS MEDICOS. RETENCAO DE 5,85 IMP FED (R$ 5,26) E 2,00 ISS (R$ 1,80). PA 1882-16.2018.;070025;TRIBUNAL REGIONAL ELEITORAL DO D. FEDERAL;;;;;;;;0,00;90,00;;;;;;;;;;90,00;
14107;TRIBUNAL REGIONAL ELEITORAL DO DIST. FEDERAL;070025;TRIBUNAL REGIONAL ELEITORAL DO D. FEDERAL;02301057020040053;2004;ASSISTENCIA MEDICA E ODONTOLOGICA AOS SERVIDORES CIVIS, EMPR;0001;ASSISTENCIA MEDICA E ODONTOLOGICA DE CIVIS - COMPLEMENTACAO DA UNIAO;084780;AMO CREMOD;ASSIST MED ODONT- CREDENCIAMENTO;0100;RECURSOS ORDINARIOS;2;ORCAMENTO DE SEGURIDADE SOCIAL;3;DESPESAS CORRENTES;3;OUTRAS DESPESAS CORRENTES;39;OUTROS SERVICOS DE TERCEIROS PJ - OP.INT.ORC.;339039;OUTROS SERVICOS DE TERCEIROS - PESSOA JURIDICA;33903950;SERV.MEDICO-HOSPITAL.,ODONTOL.E LABORATORIAIS;3;ESTIMATIVO;08;NAO SE APLICA;-8;03/01/2018;JAN/2018;2018;070025000012018NE000022;ASSISTENCIA MEDICA;PGTO NF 3099. SERVICOS MEDICO-HOSPITALARES. RETENCAO FED. 5,85 (R$ 27,63) ISS 2,00 (R$ 9,44). PA 2280-31.2016.;070025;TRIBUNAL REGIONAL ELEITORAL DO D. FEDERAL;;;;;;;;0,00;472,40;472,40;;;;;;;;;472,40;472,40
14107;TRIBUNAL REGIONAL ELEITORAL DO DIST. FEDERAL;070025;TRIBUNAL REGIONAL ELEITORAL DO D. FEDERAL;02301057020040053;2004;ASSISTENCIA MEDICA E ODONTOLOGICA AOS SERVIDORES CIVIS, EMPR;0001;ASSISTENCIA MEDICA E ODONTOLOGICA DE CIVIS - COMPLEMENTACAO DA UNIAO;084780;AMO CREMOD;ASSIST MED ODONT- CREDENCIAMENTO;0100;RECURSOS ORDINARIOS;2;ORCAMENTO DE SEGURIDADE SOCIAL;3;DESPESAS CORRENTES;3;OUTRAS DESPESAS CORRENTES;39;OUTROS SERVICOS DE TERCEIROS PJ - OP.INT.ORC.;339039;OUTROS SERVICOS DE TERCEIROS - PESSOA JURIDICA;33903950;SERV.MEDICO-HOSPITAL.,ODONTOL.E LABORATORIAIS;3;ESTIMATIVO;08;NAO SE APLICA;-8;03/01/2018;JAN/2018;2018;070025000012018NE000022;ASSISTENCIA MEDICA;PGTO NF 3242. SERVICOS MEDICO-HOSPITALARES. RETENCAO FED. 5,85 (R$ 17,91) ISS 2,00 (R$ 6,12). PA 2280-31.2016.;070025;TRIBUNAL REGIONAL ELEITORAL DO D. FEDERAL;;;;;;;;0,00;306,07;306,07;;;;;;;;;306,07;306,07
14107;TRIBUNAL REGIONAL ELEITORAL DO DIST. FEDERAL;070025;TRIBUNAL REGIONAL ELEITORAL DO D. FEDERAL;02301057020040053;2004;ASSISTENCIA MEDICA E ODONTOLOGICA AOS SERVIDORES CIVIS, EMPR;0001;ASSISTENCIA MEDICA E ODONTOLOGICA DE CIVIS - COMPLEMENTACAO DA UNIAO;084780;AMO CREMOD;ASSIST MED ODONT- CREDENCIAMENTO;0100;RECURSOS ORDINARIOS;2;ORCAMENTO DE SEGURIDADE SOCIAL;3;DESPESAS CORRENTES;3;OUTRAS DESPESAS CORRENTES;39;OUTROS SERVICOS DE TERCEIROS PJ - OP.INT.ORC.;339039;OUTROS SERVICOS DE TERCEIROS - PESSOA JURIDICA;33903950;SERV.MEDICO-HOSPITAL.,ODONTOL.E LABORATORIAIS;3;ESTIMATIVO;08;NAO SE APLICA;-8;03/01/2018;JAN/2018;2018;070025000012018NE000022;ASSISTENCIA MEDICA;PGTO NF 346,78. SERVICOS ODONTOLOGICOS. RET. IMP. FED. 5,85 (R$ 20,29) E ISS 2,00 (R$ 6,94). PA 63-44.2018.6.07.8100;070025;TRIBUNAL REGIONAL ELEITORAL DO D. FEDERAL;;;;;;;;0,00;346,78;346,78;;;;;;;;;346,78;346,78
14107;TRIBUNAL REGIONAL ELEITORAL DO DIST. FEDERAL;070025;TRIBUNAL REGIONAL ELEITORAL DO D. FEDERAL;02301057020040053;2004;ASSISTENCIA MEDICA E ODONTOLOGICA AOS SERVIDORES CIVIS, EMPR;0001;ASSISTENCIA MEDICA E ODONTOLOGICA DE CIVIS - COMPLEMENTACAO DA UNIAO;084780;AMO CREMOD;ASSIST MED ODONT- CREDENCIAMENTO;0100;RECURSOS ORDINARIOS;2;ORCAMENTO DE SEGURIDADE SOCIAL;3;DESPESAS CORRENTES;3;OUTRAS DESPESAS CORRENTES;39;OUTROS SERVICOS DE TERCEIROS PJ - OP.INT.ORC.;339039;OUTROS SERVICOS DE TERCEIROS - PESSOA JURIDICA;33903950;SERV.MEDICO-HOSPITAL.,ODONTOL.E LABORATORIAIS;3;ESTIMATIVO;08;NAO SE APLICA;-8;03/01/2018;JAN/2018;2018;070025000012018NE000022;ASSISTENCIA MEDICA;PGTO NF 35428. SERVICOS ODONTOLOGICOS. RET. IMP. FED. 5,85 (R$ 3,12) E ISS 2,00 (R$ 1,07). PA 64-44.2018.;070025;TRIBUNAL REGIONAL ELEITORAL DO D. FEDERAL;;;;;;;;0,00;53,39;53,39;;;;;;;;;53,39;53,39
14107;TRIBUNAL REGIONAL ELEITORAL DO DIST. FEDERAL;070025;TRIBUNAL REGIONAL ELEITORAL DO D. FEDERAL;02301057020040053;2004;ASSISTENCIA MEDICA E ODONTOLOGICA AOS SERVIDORES CIVIS, EMPR;0001;ASSISTENCIA MEDICA E ODONTOLOGICA DE CIVIS - COMPLEMENTACAO DA UNIAO;084780;AMO CREMOD;ASSIST MED ODONT- CREDENCIAMENTO;0100;RECURSOS ORDINARIOS;2;ORCAMENTO DE SEGURIDADE SOCIAL;3;DESPESAS CORRENTES;3;OUTRAS DESPESAS CORRENTES;39;OUTROS SERVICOS DE TERCEIROS PJ - OP.INT.ORC.;339039;OUTROS SERVICOS DE TERCEIROS - PESSOA JURIDICA;33903950;SERV.MEDICO-HOSPITAL.,ODONTOL.E LABORATORIAIS;3;ESTIMATIVO;08;NAO SE APLICA;-8;03/01/2018;JAN/2018;2018;070025000012018NE000022;ASSISTENCIA MEDICA;PGTO NF 3556. SERVICOS MEDICOS. RETENCAO IMP FED 5,85 (R$44,17) E ISS 2,00 (R$ 15,10). PA 1312.98.2016.;070025;TRIBUNAL REGIONAL ELEITORAL DO D. FEDERAL;;;;;;;;0,00;755,12;755,12;;;;;;;;;755,12;755,12
14107;TRIBUNAL REGIONAL ELEITORAL DO DIST. FEDERAL;070025;TRIBUNAL REGIONAL ELEITORAL DO D. FEDERAL;02301057020040053;2004;ASSISTENCIA MEDICA E ODONTOLOGICA AOS SERVIDORES CIVIS, EMPR;0001;ASSISTENCIA MEDICA E ODONTOLOGICA DE CIVIS - COMPLEMENTACAO DA UNIAO;084780;AMO CREMOD;ASSIST MED ODONT- CREDENCIAMENTO;0100;RECURSOS ORDINARIOS;2;ORCAMENTO DE SEGURIDADE SOCIAL;3;DESPESAS CORRENTES;3;OUTRAS DESPESAS CORRENTES;39;OUTROS SERVICOS DE TERCEIROS PJ - OP.INT.ORC.;339039;OUTROS SERVICOS DE TERCEIROS - PESSOA JURIDICA;33903950;SERV.MEDICO-HOSPITAL.,ODONTOL.E LABORATORIAIS;3;ESTIMATIVO;08;NAO SE APLICA;-8;03/01/2018;JAN/2018;2018;070025000012018NE000022;ASSISTENCIA MEDICA;PGTO NF 35930. SERVICOS ODONTOLOGICOS. RET. IMP. FED. 5,85 (R$ 20,29) E ISS 2,00 (R$ 6,94). PA 63-44.2018.6.07.8100;070025;TRIBUNAL REGIONAL ELEITORAL DO D. FEDERAL;;;;;;;;0,00;0,00;319,55;;;;;;;;;0,00;319,55
14107;TRIBUNAL REGIONAL ELEITORAL DO DIST. FEDERAL;070025;TRIBUNAL REGIONAL ELEITORAL DO D. FEDERAL;02301057020040053;2004;ASSISTENCIA MEDICA E ODONTOLOGICA AOS SERVIDORES CIVIS, EMPR;0001;ASSISTENCIA MEDICA E ODONTOLOGICA DE CIVIS - COMPLEMENTACAO DA UNIAO;084780;AMO CREMOD;ASSIST MED ODONT- CREDENCIAMENTO;0100;RECURSOS ORDINARIOS;2;ORCAMENTO DE SEGURIDADE SOCIAL;3;DESPESAS CORRENTES;3;OUTRAS DESPESAS CORRENTES;39;OUTROS SERVICOS DE TERCEIROS PJ - OP.INT.ORC.;339039;OUTROS SERVICOS DE TERCEIROS - PESSOA JURIDICA;33903950;SERV.MEDICO-HOSPITAL.,ODONTOL.E LABORATORIAIS;3;ESTIMATIVO;08;NAO SE APLICA;-8;03/01/2018;JAN/2018;2018;070025000012018NE000022;ASSISTENCIA MEDICA;PGTO NF 5343. SERVICOS MEDICOS. IMP. FED. 5,85 (R$ 137,17) E ISS 2,00 (R$ 46,90). PA 2051-71.2016.;070025;TRIBUNAL REGIONAL ELEITORAL DO D. FEDERAL;;;;;;;;0,00;859,71;859,71;;;;;;;;;859,71;859,71
14107;TRIBUNAL REGIONAL ELEITORAL DO DIST. FEDERAL;070025;TRIBUNAL REGIONAL ELEITORAL DO D. FEDERAL;02301057020040053;2004;ASSISTENCIA MEDICA E ODONTOLOGICA AOS SERVIDORES CIVIS, EMPR;0001;ASSISTENCIA MEDICA E ODONTOLOGICA DE CIVIS - COMPLEMENTACAO DA UNIAO;084780;AMO CREMOD;ASSIST MED ODONT- CREDENCIAMENTO;0100;RECURSOS ORDINARIOS;2;ORCAMENTO DE SEGURIDADE SOCIAL;3;DESPESAS CORRENTES;3;OUTRAS DESPESAS CORRENTES;39;OUTROS SERVICOS DE TERCEIROS PJ - OP.INT.ORC.;339039;OUTROS SERVICOS DE TERCEIROS - PESSOA JURIDICA;33903950;SERV.MEDICO-HOSPITAL.,ODONTOL.E LABORATORIAIS;3;ESTIMATIVO;08;NAO SE APLICA;-8;03/01/2018;JAN/2018;2018;070025000012018NE000022;ASSISTENCIA MEDICA;PGTO NF 5859.SERVCO MEDICO-HOSPITALAR. RETENCAO IMP. FED. 5,85 (R$ 182,27) ISS 2,00 (R$ 62,31). PA 574-42.2018;070025;TRIBUNAL REGIONAL ELEITORAL DO D. FEDERAL;;;;;;;;0,00;90,00;90,00;;;;;;;;;90,00;90,00
14107;TRIBUNAL REGIONAL ELEITORAL DO DIST. FEDERAL;070025;TRIBUNAL REGIONAL ELEITORAL DO D. FEDERAL;02301057020040053;2004;ASSISTENCIA MEDICA E ODONTOLOGICA AOS SERVIDORES CIVIS, EMPR;0001;ASSISTENCIA MEDICA E ODONTOLOGICA DE CIVIS - COMPLEMENTACAO DA UNIAO;084780;AMO CREMOD;ASSIST MED ODONT- CREDENCIAMENTO;0100;RECURSOS ORDINARIOS;2;ORCAMENTO DE SEGURIDADE SOCIAL;3;DESPESAS CORRENTES;3;OUTRAS DESPESAS CORRENTES;39;OUTROS SERVICOS DE TERCEIROS PJ - OP.INT.ORC.;339039;OUTROS SERVICOS DE TERCEIROS - PESSOA JURIDICA;33903950;SERV.MEDICO-HOSPITAL.,ODONTOL.E LABORATORIAIS;3;ESTIMATIVO;08;NAO SE APLICA;-8;03/01/2018;JAN/2018;2018;070025000012018NE000022;ASSISTENCIA MEDICA;PGTO NF 58732 E OUTRAS. SERVICOS MEDICOS. RETENCAO 5,85 IMP FED (R$ 3.179,99) E 2,00 ISS (R$ 1.271,79). PA 0338-90.2018;070025;TRIBUNAL REGIONAL ELEITORAL DO D. FEDERAL;;;;;;;;0,00;7.383,81;7.383,81;;;;;;;;;7.383,81;7.383,81
14107;TRIBUNAL REGIONAL ELEITORAL DO DIST. FEDERAL;070025;TRIBUNAL REGIONAL ELEITORAL DO D. FEDERAL;02301057020040053;2004;ASSISTENCIA MEDICA E ODONTOLOGICA AOS SERVIDORES CIVIS, EMPR;0001;ASSISTENCIA MEDICA E ODONTOLOGICA DE CIVIS - COMPLEMENTACAO DA UNIAO;084780;AMO CREMOD;ASSIST MED ODONT- CREDENCIAMENTO;0100;RECURSOS ORDINARIOS;2;ORCAMENTO DE SEGURIDADE SOCIAL;3;DESPESAS CORRENTES;3;OUTRAS DESPESAS CORRENTES;39;OUTROS SERVICOS DE TERCEIROS PJ - OP.INT.ORC.;339039;OUTROS SERVICOS DE TERCEIROS - PESSOA JURIDICA;33903950;SERV.MEDICO-HOSPITAL.,ODONTOL.E LABORATORIAIS;3;ESTIMATIVO;08;NAO SE APLICA;-8;03/01/2018;JAN/2018;2018;070025000012018NE000022;ASSISTENCIA MEDICA;PGTO NF 58732 E OUTRAS. SERVICOS MEDICOS. RETENCAO 5,85 IMP FED (R$ 3.693,34) E 2,00 ISS (R$ 1.262,68). PA 0338-90.2018;070025;TRIBUNAL REGIONAL ELEITORAL DO D. FEDERAL;;;;;;;;0,00;7.383,81;7.383,81;;;;;;;;;7.383,81;7.383,81
14107;TRIBUNAL REGIONAL ELEITORAL DO DIST. FEDERAL;070025;TRIBUNAL REGIONAL ELEITORAL DO D. FEDERAL;02301057020040053;2004;ASSISTENCIA MEDICA E ODONTOLOGICA AOS SERVIDORES CIVIS, EMPR;0001;ASSISTENCIA MEDICA E ODONTOLOGICA DE CIVIS - COMPLEMENTACAO DA UNIAO;084780;AMO CREMOD;ASSIST MED ODONT- CREDENCIAMENTO;0100;RECURSOS ORDINARIOS;2;ORCAMENTO DE SEGURIDADE SOCIAL;3;DESPESAS CORRENTES;3;OUTRAS DESPESAS CORRENTES;39;OUTROS SERVICOS DE TERCEIROS PJ - OP.INT.ORC.;339039;OUTROS SERVICOS DE TERCEIROS - PESSOA JURIDICA;33903950;SERV.MEDICO-HOSPITAL.,ODONTOL.E LABORATORIAIS;3;ESTIMATIVO;08;NAO SE APLICA;-8;03/01/2018;JAN/2018;2018;070025000012018NE000022;ASSISTENCIA MEDICA;PGTO NF 60377 E OUTRAS. SERVICOS MEDICOS. RETENCAO 5,85 IMP FED (R$ 3.554,77) E 2,00 ISS (R$ 1.215,31). PA 0338-90.2018;070025;TRIBUNAL REGIONAL ELEITORAL DO D. FEDERAL;;;;;;;;0,00;51.069,97;51.069,97;;;;;;;;;51.069,97;51.069,97
14107;TRIBUNAL REGIONAL ELEITORAL DO DIST. FEDERAL;070025;TRIBUNAL REGIONAL ELEITORAL DO D. FEDERAL;02301057020040053;2004;ASSISTENCIA MEDICA E ODONTOLOGICA AOS SERVIDORES CIVIS, EMPR;0001;ASSISTENCIA MEDICA E ODONTOLOGICA DE CIVIS - COMPLEMENTACAO DA UNIAO;084780;AMO CREMOD;ASSIST MED ODONT- CREDENCIAMENTO;0100;RECURSOS ORDINARIOS;2;ORCAMENTO DE SEGURIDADE SOCIAL;3;DESPESAS CORRENTES;3;OUTRAS DESPESAS CORRENTES;39;OUTROS SERVICOS DE TERCEIROS PJ - OP.INT.ORC.;339039;OUTROS SERVICOS DE TERCEIROS - PESSOA JURIDICA;33903950;SERV.MEDICO-HOSPITAL.,ODONTOL.E LABORATORIAIS;3;ESTIMATIVO;08;NAO SE APLICA;-8;03/01/2018;JAN/2018;2018;070025000012018NE000022;ASSISTENCIA MEDICA;PGTO NF 67885. SERVICOS MEDICOS. RETENCAO IMP FED 5,85 (R$ 43,13) E ISS 2,00 (R$ 14,74). PA 400-33.2018;070025;TRIBUNAL REGIONAL ELEITORAL DO D. FEDERAL;;;;;;;;0,00;737,20;857,42;;;;;;;;;737,20;857,42
14107;TRIBUNAL REGIONAL ELEITORAL DO DIST. FEDERAL;070025;TRIBUNAL REGIONAL ELEITORAL DO D. FEDERAL;02301057020040053;2004;ASSISTENCIA MEDICA E ODONTOLOGICA AOS SERVIDORES CIVIS, EMPR;0001;ASSISTENCIA MEDICA E ODONTOLOGICA DE CIVIS - COMPLEMENTACAO DA UNIAO;084780;AMO CREMOD;ASSIST MED ODONT- CREDENCIAMENTO;0100;RECURSOS ORDINARIOS;2;ORCAMENTO DE SEGURIDADE SOCIAL;3;DESPESAS CORRENTES;3;OUTRAS DESPESAS CORRENTES;39;OUTROS SERVICOS DE TERCEIROS PJ - OP.INT.ORC.;339039;OUTROS SERVICOS DE TERCEIROS - PESSOA JURIDICA;33903950;SERV.MEDICO-HOSPITAL.,ODONTOL.E LABORATORIAIS;3;ESTIMATIVO;08;NAO SE APLICA;-8;03/01/2018;JAN/2018;2018;070025000012018NE000022;ASSISTENCIA MEDICA;PGTO NF 70398. SERVICOS MEDICOS. RETENCAO IMP FED 5,85 (R$ 358,23) E ISS 2,00 (R$ 122,47). PA 400-33.2018;070025;TRIBUNAL REGIONAL ELEITORAL DO D. FEDERAL;;;;;;;;0,00;6.123,55;480,70;;;;;;;;;6.123,55;480,70
14107;TRIBUNAL REGIONAL ELEITORAL DO DIST. FEDERAL;070025;TRIBUNAL REGIONAL ELEITORAL DO D. FEDERAL;02301057020040053;2004;ASSISTENCIA MEDICA E ODONTOLOGICA AOS SERVIDORES CIVIS, EMPR;0001;ASSISTENCIA MEDICA E ODONTOLOGICA DE CIVIS - COMPLEMENTACAO DA UNIAO;084780;AMO CREMOD;ASSIST MED ODONT- CREDENCIAMENTO;0100;RECURSOS ORDINARIOS;2;ORCAMENTO DE SEGURIDADE SOCIAL;3;DESPESAS CORRENTES;3;OUTRAS DESPESAS CORRENTES;39;OUTROS SERVICOS DE TERCEIROS PJ - OP.INT.ORC.;339039;OUTROS SERVICOS DE TERCEIROS - PESSOA JURIDICA;33903950;SERV.MEDICO-HOSPITAL.,ODONTOL.E LABORATORIAIS;3;ESTIMATIVO;08;NAO SE APLICA;-8;03/01/2018;JAN/2018;2018;070025000012018NE000022;ASSISTENCIA MEDICA;PGTO NF 70398. SERVICOS MEDICOS. RETENCAO IMP FED 5,85 (R$ 358,23) E ISS 2,00 (R$ 122,47). PA 400-33.2018.;070025;TRIBUNAL REGIONAL ELEITORAL DO D. FEDERAL;;;;;;;;0,00;0,00;5.642,85;;;;;;;;;0,00;5.642,85
14107;TRIBUNAL REGIONAL ELEITORAL DO DIST. FEDERAL;070025;TRIBUNAL REGIONAL ELEITORAL DO D. FEDERAL;02301057020040053;2004;ASSISTENCIA MEDICA E ODONTOLOGICA AOS SERVIDORES CIVIS, EMPR;0001;ASSISTENCIA MEDICA E ODONTOLOGICA DE CIVIS - COMPLEMENTACAO DA UNIAO;084780;AMO CREMOD;ASSIST MED ODONT- CREDENCIAMENTO;0100;RECURSOS ORDINARIOS;2;ORCAMENTO DE SEGURIDADE SOCIAL;3;DESPESAS CORRENTES;3;OUTRAS DESPESAS CORRENTES;39;OUTROS SERVICOS DE TERCEIROS PJ - OP.INT.ORC.;339039;OUTROS SERVICOS DE TERCEIROS - PESSOA JURIDICA;33903950;SERV.MEDICO-HOSPITAL.,ODONTOL.E LABORATORIAIS;3;ESTIMATIVO;08;NAO SE APLICA;-8;03/01/2018;JAN/2018;2018;070025000012018NE000022;ASSISTENCIA MEDICA;PGTO NF 8236. SERVICOS MEDICOS-HOSPITALARES. RET.IMP.FED. 5,85 (R$ 52,10) E ISS 2,00 (R$ 17,81). PA 0401-18.2018.6.07.8100.;070025;TRIBUNAL REGIONAL ELEITORAL DO D. FEDERAL;;;;;;;;0,00;230,65;230,65;;;;;;;;;230,65;230,65
14107;TRIBUNAL REGIONAL ELEITORAL DO DIST. FEDERAL;070025;TRIBUNAL REGIONAL ELEITORAL DO D. FEDERAL;02301057020040053;2004;ASSISTENCIA MEDICA E ODONTOLOGICA AOS SERVIDORES CIVIS, EMPR;0001;ASSISTENCIA MEDICA E ODONTOLOGICA DE CIVIS - COMPLEMENTACAO DA UNIAO;084780;AMO CREMOD;ASSIST MED ODONT- CREDENCIAMENTO;0100;RECURSOS ORDINARIOS;2;ORCAMENTO DE SEGURIDADE SOCIAL;3;DESPESAS CORRENTES;3;OUTRAS DESPESAS CORRENTES;39;OUTROS SERVICOS DE TERCEIROS PJ - OP.INT.ORC.;339039;OUTROS SERVICOS DE TERCEIROS - PESSOA JURIDICA;33903950;SERV.MEDICO-HOSPITAL.,ODONTOL.E LABORATORIAIS;3;ESTIMATIVO;08;NAO SE APLICA;-8;03/01/2018;JAN/2018;2018;070025000012018NE000022;ASSISTENCIA MEDICA;PGTO NF 826. SERVICOS MEDICO-HOSPITALARES. RETENCAO IMP. FED. 5,85 (R$ 5,26) ISS 2,00 (R$ 1,80). PA 388-19.2018.;070025;TRIBUNAL REGIONAL ELEITORAL DO D. FEDERAL;;;;;;;;0,00;90,00;90,00;;;;;;;;;90,00;90,00
14107;TRIBUNAL REGIONAL ELEITORAL DO DIST. FEDERAL;070025;TRIBUNAL REGIONAL ELEITORAL DO D. FEDERAL;02301057020040053;2004;ASSISTENCIA MEDICA E ODONTOLOGICA AOS SERVIDORES CIVIS, EMPR;0001;ASSISTENCIA MEDICA E ODONTOLOGICA DE CIVIS - COMPLEMENTACAO DA UNIAO;084780;AMO CREMOD;ASSIST MED ODONT- CREDENCIAMENTO;0100;RECURSOS ORDINARIOS;2;ORCAMENTO DE SEGURIDADE SOCIAL;3;DESPESAS CORRENTES;3;OUTRAS DESPESAS CORRENTES;39;OUTROS SERVICOS DE TERCEIROS PJ - OP.INT.ORC.;339039;OUTROS SERVICOS DE TERCEIROS - PESSOA JURIDICA;33903950;SERV.MEDICO-HOSPITAL.,ODONTOL.E LABORATORIAIS;3;ESTIMATIVO;08;NAO SE APLICA;-8;03/01/2018;JAN/2018;2018;070025000012018NE000022;ASSISTENCIA MEDICA;PGTO NF 826. SERVICOS MEDICO-HOSPITALARES. RETENCAO IMP. FED. 5,85 (R$ 57,92) ISS 2,00 (R$ 19,80). PA 388-19.2018.;070025;TRIBUNAL REGIONAL ELEITORAL DO D. FEDERAL;;;;;;;;0,00;90,00;90,00;;;;;;;;;90,00;90,00
14107;TRIBUNAL REGIONAL ELEITORAL DO DIST. FEDERAL;070025;TRIBUNAL REGIONAL ELEITORAL DO D. FEDERAL;02301057020040053;2004;ASSISTENCIA MEDICA E ODONTOLOGICA AOS SERVIDORES CIVIS, EMPR;0001;ASSISTENCIA MEDICA E ODONTOLOGICA DE CIVIS - COMPLEMENTACAO DA UNIAO;084780;AMO CREMOD;ASSIST MED ODONT- CREDENCIAMENTO;0100;RECURSOS ORDINARIOS;2;ORCAMENTO DE SEGURIDADE SOCIAL;3;DESPESAS CORRENTES;3;OUTRAS DESPESAS CORRENTES;39;OUTROS SERVICOS DE TERCEIROS PJ - OP.INT.ORC.;339039;OUTROS SERVICOS DE TERCEIROS - PESSOA JURIDICA;33903950;SERV.MEDICO-HOSPITAL.,ODONTOL.E LABORATORIAIS;3;ESTIMATIVO;08;NAO SE APLICA;-8;03/01/2018;JAN/2018;2018;070025000012018NE000022;ASSISTENCIA MEDICA;PGTO NF 8414. SERVICOS MEDICOS-HOSPITALARES. RET.IMP.FED. 5,85 (R$ 15,80) E ISS 2,00 (R$ 5,40). PA 0401-18.2018.6.07.8100.;070025;TRIBUNAL REGIONAL ELEITORAL DO D. FEDERAL;;;;;;;;0,00;270,00;270,00;;;;;;;;;270,00;270,00
14107;TRIBUNAL REGIONAL ELEITORAL DO DIST. FEDERAL;070025;TRIBUNAL REGIONAL ELEITORAL DO D. FEDERAL;02301057020040053;2004;ASSISTENCIA MEDICA E ODONTOLOGICA AOS SERVIDORES CIVIS, EMPR;0001;ASSISTENCIA MEDICA E ODONTOLOGICA DE CIVIS - COMPLEMENTACAO DA UNIAO;084780;AMO CREMOD;ASSIST MED ODONT- CREDENCIAMENTO;0100;RECURSOS ORDINARIOS;2;ORCAMENTO DE SEGURIDADE SOCIAL;3;DESPESAS CORRENTES;3;OUTRAS DESPESAS CORRENTES;39;OUTROS SERVICOS DE TERCEIROS PJ - OP.INT.ORC.;339039;OUTROS SERVICOS DE TERCEIROS - PESSOA JURIDICA;33903950;SERV.MEDICO-HOSPITAL.,ODONTOL.E LABORATORIAIS;3;ESTIMATIVO;08;NAO SE APLICA;-8;03/01/2018;JAN/2018;2018;070025000012018NE000022;ASSISTENCIA MEDICA;PGTO NF 9434. SERVICOS MEDICOS. RETENCAO TRIBUTARIA IMP. FED. 5,85 (R$ 148,26) E ISS 2,00 (R$ 50,69). PA 402-03.2018;070025;TRIBUNAL REGIONAL ELEITORAL DO D. FEDERAL;;;;;;;;0,00;1.838,44;1.838,44;;;;;;;;;1.838,44;1.838,44
14107;TRIBUNAL REGIONAL ELEITORAL DO DIST. FEDERAL;070025;TRIBUNAL REGIONAL ELEITORAL DO D. FEDERAL;02301057020040053;2004;ASSISTENCIA MEDICA E ODONTOLOGICA AOS SERVIDORES CIVIS, EMPR;0001;ASSISTENCIA MEDICA E ODONTOLOGICA DE CIVIS - COMPLEMENTACAO DA UNIAO;084780;AMO CREMOD;ASSIST MED ODONT- CREDENCIAMENTO;0100;RECURSOS ORDINARIOS;2;ORCAMENTO DE SEGURIDADE SOCIAL;3;DESPESAS CORRENTES;3;OUTRAS DESPESAS CORRENTES;39;OUTROS SERVICOS DE TERCEIROS PJ - OP.INT.ORC.;339039;OUTROS SERVICOS DE TERCEIROS - PESSOA JURIDICA;33903950;SERV.MEDICO-HOSPITAL.,ODONTOL.E LABORATORIAIS;3;ESTIMATIVO;08;NAO SE APLICA;-8;03/01/2018;JAN/2018;2018;070025000012018NE000022;ASSISTENCIA MEDICA;PGTO NF 9612. SERVICOS MEDICOS. RETENCAO TRIBUTARIA IMP. FED. 5,85 (R$ 98,95) E ISS 2,00 (R$ 33,82). PA 402-03.2018;070025;TRIBUNAL REGIONAL ELEITORAL DO D. FEDERAL;;;;;;;;0,00;1.690,91;1.690,91;;;;;;;;;1.690,91;1.690,91
14107;TRIBUNAL REGIONAL ELEITORAL DO DIST. FEDERAL;070025;TRIBUNAL REGIONAL ELEITORAL DO D. FEDERAL;02301057020040053;2004;ASSISTENCIA MEDICA E ODONTOLOGICA AOS SERVIDORES CIVIS, EMPR;0001;ASSISTENCIA MEDICA E ODONTOLOGICA DE CIVIS - COMPLEMENTACAO DA UNIAO;084780;AMO CREMOD;ASSIST MED ODONT- CREDENCIAMENTO;0100;RECURSOS ORDINARIOS;2;ORCAMENTO DE SEGURIDADE SOCIAL;3;DESPESAS CORRENTES;3;OUTRAS DESPESAS CORRENTES;39;OUTROS SERVICOS DE TERCEIROS PJ - OP.INT.ORC.;339039;OUTROS SERVICOS DE TERCEIROS - PESSOA JURIDICA;33903950;SERV.MEDICO-HOSPITAL.,ODONTOL.E LABORATORIAIS;3;ESTIMATIVO;08;NAO SE APLICA;-8;03/01/2018;JAN/2018;2018;070025000012018NE000022;ASSISTENCIA MEDICA;PGTO NFS 13556 E 13783. SERVICOS MEDICOS. IMP. FED. 5,85 (R$ 230,51) E ISS 2,00 (R$ 78,81). PA. 421-09.2018.;070025;TRIBUNAL REGIONAL ELEITORAL DO D. FEDERAL;;;;;;;;0,00;3.789,68;3.789,68;;;;;;;;;3.789,68;3.789,68
14107;TRIBUNAL REGIONAL ELEITORAL DO DIST. FEDERAL;070025;TRIBUNAL REGIONAL ELEITORAL DO D. FEDERAL;02301057020040053;2004;ASSISTENCIA MEDICA E ODONTOLOGICA AOS SERVIDORES CIVIS, EMPR;0001;ASSISTENCIA MEDICA E ODONTOLOGICA DE CIVIS - COMPLEMENTACAO DA UNIAO;084780;AMO CREMOD;ASSIST MED ODONT- CREDENCIAMENTO;0100;RECURSOS ORDINARIOS;2;ORCAMENTO DE SEGURIDADE SOCIAL;3;DESPESAS CORRENTES;3;OUTRAS DESPESAS CORRENTES;39;OUTROS SERVICOS DE TERCEIROS PJ - OP.INT.ORC.;339039;OUTROS SERVICOS DE TERCEIROS - PESSOA JURIDICA;33903950;SERV.MEDICO-HOSPITAL.,ODONTOL.E LABORATORIAIS;3;ESTIMATIVO;08;NAO SE APLICA;-8;03/01/2018;JAN/2018;2018;070025000012018NE000022;ASSISTENCIA MEDICA;PGTO NFS 14.019. SERVICOS MEDICOS. IMP. FED. 5,85 (R$ 198,56) E ISS 2,00 (R$ 67,88). PA. 421-09.2018.;070025;TRIBUNAL REGIONAL ELEITORAL DO D. FEDERAL;;;;;;;;0,00;6.562,18;6.562,18;;;;;;;;;6.562,18;6.562,18
14107;TRIBUNAL REGIONAL ELEITORAL DO DIST. FEDERAL;070025;TRIBUNAL REGIONAL ELEITORAL DO D. FEDERAL;02301057020040053;2004;ASSISTENCIA MEDICA E ODONTOLOGICA AOS SERVIDORES CIVIS, EMPR;0001;ASSISTENCIA MEDICA E ODONTOLOGICA DE CIVIS - COMPLEMENTACAO DA UNIAO;084780;AMO CREMOD;ASSIST MED ODONT- CREDENCIAMENTO;0100;RECURSOS ORDINARIOS;2;ORCAMENTO DE SEGURIDADE SOCIAL;3;DESPESAS CORRENTES;3;OUTRAS DESPESAS CORRENTES;39;OUTROS SERVICOS DE TERCEIROS PJ - OP.INT.ORC.;339039;OUTROS SERVICOS DE TERCEIROS - PESSOA JURIDICA;33903950;SERV.MEDICO-HOSPITAL.,ODONTOL.E LABORATORIAIS;3;ESTIMATIVO;08;NAO SE APLICA;-8;03/01/2018;JAN/2018;2018;070025000012018NE000022;ASSISTENCIA MEDICA;PGTO NFS 195280, 195282 E 195284. SERVICOS MEDICOS. RETENCAO 5,85 IMP FED (R$ 546,29) E 2,00 ISS (R$ 186,77) PA 0312-92.2018;070025;TRIBUNAL REGIONAL ELEITORAL DO D. FEDERAL;;;;;;;;0,00;5.217,05;5.217,05;;;;;;;;;5.217,05;5.217,05
14107;TRIBUNAL REGIONAL ELEITORAL DO DIST. FEDERAL;070025;TRIBUNAL REGIONAL ELEITORAL DO D. FEDERAL;02301057020040053;2004;ASSISTENCIA MEDICA E ODONTOLOGICA AOS SERVIDORES CIVIS, EMPR;0001;ASSISTENCIA MEDICA E ODONTOLOGICA DE CIVIS - COMPLEMENTACAO DA UNIAO;084780;AMO CREMOD;ASSIST MED ODONT- CREDENCIAMENTO;0100;RECURSOS ORDINARIOS;2;ORCAMENTO DE SEGURIDADE SOCIAL;3;DESPESAS CORRENTES;3;OUTRAS DESPESAS CORRENTES;39;OUTROS SERVICOS DE TERCEIROS PJ - OP.INT.ORC.;339039;OUTROS SERVICOS DE TERCEIROS - PESSOA JURIDICA;33903950;SERV.MEDICO-HOSPITAL.,ODONTOL.E LABORATORIAIS;3;ESTIMATIVO;08;NAO SE APLICA;-8;03/01/2018;JAN/2018;2018;070025000012018NE000022;ASSISTENCIA MEDICA;PGTO NFS 196331, 196333, 196332, 196334. SERVICOS MEDICOS. RETENCAO 5,85 IMP FED (R$ 113,39) E 2,00 ISS (R$ 38,77) PA 0312-92.2018;070025;TRIBUNAL REGIONAL ELEITORAL DO D. FEDERAL;;;;;;;;0,00;1.299,97;15.153,48;;;;;;;;;1.299,97;15.153,48
14107;TRIBUNAL REGIONAL ELEITORAL DO DIST. FEDERAL;070025;TRIBUNAL REGIONAL ELEITORAL DO D. FEDERAL;02301057020040053;2004;ASSISTENCIA MEDICA E ODONTOLOGICA AOS SERVIDORES CIVIS, EMPR;0001;ASSISTENCIA MEDICA E ODONTOLOGICA DE CIVIS - COMPLEMENTACAO DA UNIAO;084780;AMO CREMOD;ASSIST MED ODONT- CREDENCIAMENTO;0100;RECURSOS ORDINARIOS;2;ORCAMENTO DE SEGURIDADE SOCIAL;3;DESPESAS CORRENTES;3;OUTRAS DESPESAS CORRENTES;39;OUTROS SERVICOS DE TERCEIROS PJ - OP.INT.ORC.;339039;OUTROS SERVICOS DE TERCEIROS - PESSOA JURIDICA;33903950;SERV.MEDICO-HOSPITAL.,ODONTOL.E LABORATORIAIS;3;ESTIMATIVO;08;NAO SE APLICA;-8;03/01/2018;JAN/2018;2018;070025000012018NE000022;ASSISTENCIA MEDICA;PGTO NFS 197.230,197.302,197.303. SERVICOS MEDICOS. RETENCAO 5,85 IMP FED (R$ 879,47) E 2,00 ISS (R$ 300,67) PA 0312-92.2018;070025;TRIBUNAL REGIONAL ELEITORAL DO D. FEDERAL;;;;;;;;0,00;15.033,65;1.180,14;;;;;;;;;15.033,65;1.180,14
14107;TRIBUNAL REGIONAL ELEITORAL DO DIST. FEDERAL;070025;TRIBUNAL REGIONAL ELEITORAL DO D. FEDERAL;02301057020040053;2004;ASSISTENCIA MEDICA E ODONTOLOGICA AOS SERVIDORES CIVIS, EMPR;0001;ASSISTENCIA MEDICA E ODONTOLOGICA DE CIVIS - COMPLEMENTACAO DA UNIAO;084780;AMO CREMOD;ASSIST MED ODONT- CREDENCIAMENTO;0100;RECURSOS ORDINARIOS;2;ORCAMENTO DE SEGURIDADE SOCIAL;3;DESPESAS CORRENTES;3;OUTRAS DESPESAS CORRENTES;39;OUTROS SERVICOS DE TERCEIROS PJ - OP.INT.ORC.;339039;OUTROS SERVICOS DE TERCEIROS - PESSOA JURIDICA;33903950;SERV.MEDICO-HOSPITAL.,ODONTOL.E LABORATORIAIS;3;ESTIMATIVO;08;NAO SE APLICA;-8;03/01/2018;JAN/2018;2018;070025000012018NE000022;ASSISTENCIA MEDICA;PGTO NFS 3422, 3423, 3490. SERVICOS MEDICOS. RETENCAO IMP FED 5,85 (R$ 89,59) E ISS 2,00 (R$ 30,63). PA 1312.98.2016.;070025;TRIBUNAL REGIONAL ELEITORAL DO D. FEDERAL;;;;;;;;0,00;0,00;1.385,37;;;;;;;;;0,00;1.385,37
14107;TRIBUNAL REGIONAL ELEITORAL DO DIST. FEDERAL;070025;TRIBUNAL REGIONAL ELEITORAL DO D. FEDERAL;02301057020040053;2004;ASSISTENCIA MEDICA E ODONTOLOGICA AOS SERVIDORES CIVIS, EMPR;0001;ASSISTENCIA MEDICA E ODONTOLOGICA DE CIVIS - COMPLEMENTACAO DA UNIAO;084780;AMO CREMOD;ASSIST MED ODONT- CREDENCIAMENTO;0100;RECURSOS ORDINARIOS;2;ORCAMENTO DE SEGURIDADE SOCIAL;3;DESPESAS CORRENTES;3;OUTRAS DESPESAS CORRENTES;39;OUTROS SERVICOS DE TERCEIROS PJ - OP.INT.ORC.;339039;OUTROS SERVICOS DE TERCEIROS - PESSOA JURIDICA;33903950;SERV.MEDICO-HOSPITAL.,ODONTOL.E LABORATORIAIS;3;ESTIMATIVO;08;NAO SE APLICA;-8;03/01/2018;JAN/2018;2018;070025000012018NE000022;ASSISTENCIA MEDICA;PGTO NFS 48.974. SERVICO MEDICO-HOSPITALAR. RETENCAO IMP. FED. 5,85 (R$ 21,09) E ISS 2,00 (R$ 7,20). PA 4277-49.2016.;070025;TRIBUNAL REGIONAL ELEITORAL DO D. FEDERAL;;;;;;;;0,00;360,00;360,00;;;;;;;;;360,00;360,00
14107;TRIBUNAL REGIONAL ELEITORAL DO DIST. FEDERAL;070025;TRIBUNAL REGIONAL ELEITORAL DO D. FEDERAL;02301057020040053;2004;ASSISTENCIA MEDICA E ODONTOLOGICA AOS SERVIDORES CIVIS, EMPR;0001;ASSISTENCIA MEDICA E ODONTOLOGICA DE CIVIS - COMPLEMENTACAO DA UNIAO;084780;AMO CREMOD;ASSIST MED ODONT- CREDENCIAMENTO;0100;RECURSOS ORDINARIOS;2;ORCAMENTO DE SEGURIDADE SOCIAL;3;DESPESAS CORRENTES;3;OUTRAS DESPESAS CORRENTES;39;OUTROS SERVICOS DE TERCEIROS PJ - OP.INT.ORC.;339039;OUTROS SERVICOS DE TERCEIROS - PESSOA JURIDICA;33903950;SERV.MEDICO-HOSPITAL.,ODONTOL.E LABORATORIAIS;3;ESTIMATIVO;08;NAO SE APLICA;-8;03/01/2018;JAN/2018;2018;070025000012018NE000022;ASSISTENCIA MEDICA;PGTO NFS 48239. SERVICO MEDICO-HOSPITALAR. RETENCAO IMP. FED. 5,85 (R$ 55,79) E ISS 2,00 (R$ 19,07). PA 4277-49.2016.;070025;TRIBUNAL REGIONAL ELEITORAL DO D. FEDERAL;;;;;;;;0,00;121,46;121,46;;;;;;;;;121,46;121,46
14107;TRIBUNAL REGIONAL ELEITORAL DO DIST. FEDERAL;070025;TRIBUNAL REGIONAL ELEITORAL DO D. FEDERAL;02301057020040053;2004;ASSISTENCIA MEDICA E ODONTOLOGICA AOS SERVIDORES CIVIS, EMPR;0001;ASSISTENCIA MEDICA E ODONTOLOGICA DE CIVIS - COMPLEMENTACAO DA UNIAO;084780;AMO CREMOD;ASSIST MED ODONT- CREDENCIAMENTO;0100;RECURSOS ORDINARIOS;2;ORCAMENTO DE SEGURIDADE SOCIAL;3;DESPESAS CORRENTES;3;OUTRAS DESPESAS CORRENTES;39;OUTROS SERVICOS DE TERCEIROS PJ - OP.INT.ORC.;339039;OUTROS SERVICOS DE TERCEIROS - PESSOA JURIDICA;33903950;SERV.MEDICO-HOSPITAL.,ODONTOL.E LABORATORIAIS;3;ESTIMATIVO;08;NAO SE APLICA;-8;03/01/2018;JAN/2018;2018;070025000012018NE000022;ASSISTENCIA MEDICA;PGTO NFS 4873 E 4874. SERVICOS MEDICOS. RETENCAO IMP FED. 5,85 (R$ 162,18). SOCIEDADE UNIPROFISSIONIAL. PA 836-26.2017.;070025;TRIBUNAL REGIONAL ELEITORAL DO D. FEDERAL;;;;;;;;0,00;1.357,57;1.357,57;;;;;;;;;1.357,57;1.357,57
14107;TRIBUNAL REGIONAL ELEITORAL DO DIST. FEDERAL;070025;TRIBUNAL REGIONAL ELEITORAL DO D. FEDERAL;02301057020040053;2004;ASSISTENCIA MEDICA E ODONTOLOGICA AOS SERVIDORES CIVIS, EMPR;0001;ASSISTENCIA MEDICA E ODONTOLOGICA DE CIVIS - COMPLEMENTACAO DA UNIAO;084780;AMO CREMOD;ASSIST MED ODONT- CREDENCIAMENTO;0100;RECURSOS ORDINARIOS;2;ORCAMENTO DE SEGURIDADE SOCIAL;3;DESPESAS CORRENTES;3;OUTRAS DESPESAS CORRENTES;39;OUTROS SERVICOS DE TERCEIROS PJ - OP.INT.ORC.;339039;OUTROS SERVICOS DE TERCEIROS - PESSOA JURIDICA;33903950;SERV.MEDICO-HOSPITAL.,ODONTOL.E LABORATORIAIS;3;ESTIMATIVO;08;NAO SE APLICA;-8;03/01/2018;JAN/2018;2018;070025000012018NE000022;ASSISTENCIA MEDICA;PGTO NFS 4905 E 4907. SERVICOS MEDICOS. RETENCAO IMP FED. 5,85 (R$ 55,26). SOCIEDADE UNIPROFISSIONIAL. PA 836-26.2017.;070025;TRIBUNAL REGIONAL ELEITORAL DO D. FEDERAL;;;;;;;;0,00;944,67;944,67;;;;;;;;;944,67;944,67
14107;TRIBUNAL REGIONAL ELEITORAL DO DIST. FEDERAL;070025;TRIBUNAL REGIONAL ELEITORAL DO D. FEDERAL;02301057020040053;2004;ASSISTENCIA MEDICA E ODONTOLOGICA AOS SERVIDORES CIVIS, EMPR;0001;ASSISTENCIA MEDICA E ODONTOLOGICA DE CIVIS - COMPLEMENTACAO DA UNIAO;084780;AMO CREMOD;ASSIST MED ODONT- CREDENCIAMENTO;0100;RECURSOS ORDINARIOS;2;ORCAMENTO DE SEGURIDADE SOCIAL;3;DESPESAS CORRENTES;3;OUTRAS DESPESAS CORRENTES;39;OUTROS SERVICOS DE TERCEIROS PJ - OP.INT.ORC.;339039;OUTROS SERVICOS DE TERCEIROS - PESSOA JURIDICA;33903950;SERV.MEDICO-HOSPITAL.,ODONTOL.E LABORATORIAIS;3;ESTIMATIVO;08;NAO SE APLICA;-8;03/01/2018;JAN/2018;2018;070025000012018NE000022;ASSISTENCIA MEDICA;PGTO NFS 60919 E OUTRAS. SERVICOS MEDICOS. RETENCAO 5,85 IMP FED (R$ 4.940,95) E 2,00 ISS (R$ 1.689,21). PA 0338-90.2018.;070025;TRIBUNAL REGIONAL ELEITORAL DO D. FEDERAL;;;;;;;;0,00;76.844,47;76.844,47;;;;;;;;;76.844,47;76.844,47
14107;TRIBUNAL REGIONAL ELEITORAL DO DIST. FEDERAL;070025;TRIBUNAL REGIONAL ELEITORAL DO D. FEDERAL;02301057020040053;2004;ASSISTENCIA MEDICA E ODONTOLOGICA AOS SERVIDORES CIVIS, EMPR;0001;ASSISTENCIA MEDICA E ODONTOLOGICA DE CIVIS - COMPLEMENTACAO DA UNIAO;084780;AMO CREMOD;ASSIST MED ODONT- CREDENCIAMENTO;0100;RECURSOS ORDINARIOS;2;ORCAMENTO DE SEGURIDADE SOCIAL;3;DESPESAS CORRENTES;3;OUTRAS DESPESAS CORRENTES;39;OUTROS SERVICOS DE TERCEIROS PJ - OP.INT.ORC.;339039;OUTROS SERVICOS DE TERCEIROS - PESSOA JURIDICA;33903950;SERV.MEDICO-HOSPITAL.,ODONTOL.E LABORATORIAIS;3;ESTIMATIVO;08;NAO SE APLICA;-8;03/01/2018;JAN/2018;2018;070025000012018NE000022;ASSISTENCIA MEDICA;TERMO DE COOPERACAO CELEBRADO ENTRE ESTE TRE-DF E O TRE-TO.  ŽPA SEI 0000676-35.2016.6.07.8100. ŽCANCELAMENTO DOS DOCUMENTOS SIAFI: NP 138/2018 E NS 249/2018, PARA AJUSTE DA DESPESAS DE EXERCICIO ANTERIORES, QUE DEVE SER UTILIZADO O SALDO DA NE 59/2017.;070025;TRIBUNAL REGIONAL ELEITORAL DO D. FEDERAL;;;;;;;;0,00;7.759,90;7.759,90;;;;;;;;;7.759,90;7.759,90
14107;TRIBUNAL REGIONAL ELEITORAL DO DIST. FEDERAL;070025;TRIBUNAL REGIONAL ELEITORAL DO D. FEDERAL;02301057020040053;2004;ASSISTENCIA MEDICA E ODONTOLOGICA AOS SERVIDORES CIVIS, EMPR;0001;ASSISTENCIA MEDICA E ODONTOLOGICA DE CIVIS - COMPLEMENTACAO DA UNIAO;084780;AMO CREMOD;ASSIST MED ODONT- CREDENCIAMENTO;0100;RECURSOS ORDINARIOS;2;ORCAMENTO DE SEGURIDADE SOCIAL;3;DESPESAS CORRENTES;3;OUTRAS DESPESAS CORRENTES;39;OUTROS SERVICOS DE TERCEIROS PJ - OP.INT.ORC.;339039;OUTROS SERVICOS DE TERCEIROS - PESSOA JURIDICA;33903950;SERV.MEDICO-HOSPITAL.,ODONTOL.E LABORATORIAIS;3;ESTIMATIVO;08;NAO SE APLICA;-8;03/01/2018;JAN/2018;2018;070025000012018NE000022;ASSISTENCIA MEDICA;TERMO DE COOPERACAO CELEBRADO ENTRE ESTE TRE-DF E O TRE-TO. ŽESTORNO DA DESPESA REF. AOS SERVIDORES DO TRE DO TOCANTINS, RELATIVA AOS MESES DE FEVEREIRO E MARCO DE 2018. TRANSFERENCIA DA NE 22/2018 PARA A NE 66/2018,  ŽCONFORME PA SEI 0000676-35.2016.6.07.8100.;070025;TRIBUNAL REGIONAL ELEITORAL DO D. FEDERAL;;;;;;;;0,00;(60.744,95);(60.744,95);;;;;;;;;(60.744,95);(60.744,95)
14107;TRIBUNAL REGIONAL ELEITORAL DO DIST. FEDERAL;070025;TRIBUNAL REGIONAL ELEITORAL DO D. FEDERAL;02301057020040053;2004;ASSISTENCIA MEDICA E ODONTOLOGICA AOS SERVIDORES CIVIS, EMPR;0001;ASSISTENCIA MEDICA E ODONTOLOGICA DE CIVIS - COMPLEMENTACAO DA UNIAO;084780;AMO CREMOD;ASSIST MED ODONT- CREDENCIAMENTO;0100;RECURSOS ORDINARIOS;2;ORCAMENTO DE SEGURIDADE SOCIAL;3;DESPESAS CORRENTES;3;OUTRAS DESPESAS CORRENTES;39;OUTROS SERVICOS DE TERCEIROS PJ - OP.INT.ORC.;339039;OUTROS SERVICOS DE TERCEIROS - PESSOA JURIDICA;33903950;SERV.MEDICO-HOSPITAL.,ODONTOL.E LABORATORIAIS;3;ESTIMATIVO;08;NAO SE APLICA;-8;03/01/2018;JAN/2018;2018;070025000012018NE000022;ASSISTENCIA MEDICA;TERMO DE COOPERACAO CELEBRADO ENTRE ESTE TRE-DF E O TRE-TO.ŽTRANSFERENCIA DO SALDO DA NE 66/2018(TRE-TO) PARA A NE 22/2018(TRE-DF), PARA POSTERIOR PAGAMENTO DAS DESPESASŽREMANESCENTES DO MES DE JANEIRO/2018 DOS SERVIDORES TRE DO TOCANTINS.ŽCONFORME PA SEI 0000676-35.2016.6.07.8100.;070025;TRIBUNAL REGIONAL ELEITORAL DO D. FEDERAL;;;;;;;;0,00;(7.759,90);(7.759,90);;;;;;;;;(7.759,90);(7.759,90)
14107;TRIBUNAL REGIONAL ELEITORAL DO DIST. FEDERAL;070025;TRIBUNAL REGIONAL ELEITORAL DO D. FEDERAL;02301057020040053;2004;ASSISTENCIA MEDICA E ODONTOLOGICA AOS SERVIDORES CIVIS, EMPR;0001;ASSISTENCIA MEDICA E ODONTOLOGICA DE CIVIS - COMPLEMENTACAO DA UNIAO;084780;AMO CREMOD;ASSIST MED ODONT- CREDENCIAMENTO;0100;RECURSOS ORDINARIOS;2;ORCAMENTO DE SEGURIDADE SOCIAL;3;DESPESAS CORRENTES;3;OUTRAS DESPESAS CORRENTES;47;OBRIGACOES TRIBUTARIAS E CONTRIBUTIVAS;339147;OBRIG.TRIBUT.E CONTRIB-OP.INTRA-ORCAMENTARIAS;339147-9;NAO SE APLICA;-9;NAO SE APLICA;-9;NAO SE APLICA;-9;NAO SE APLICA;NAO SE APLICA;-9;-9;-9;DETALAHMENTO ORCAMENTARIO - RESERVA EMPENHO PAGAMENTO SERVICO SAUDE NOS TERMOSDO CONVENIO TRE-T0/TRE-DF.;-9;NAO SE APLICA;360,00;360,00;;360,00;;;;;;;;;;;;;;;;
14107;TRIBUNAL REGIONAL ELEITORAL DO DIST. FEDERAL;070025;TRIBUNAL REGIONAL ELEITORAL DO D. FEDERAL;02301057020040053;2004;ASSISTENCIA MEDICA E ODONTOLOGICA AOS SERVIDORES CIVIS, EMPR;0001;ASSISTENCIA MEDICA E ODONTOLOGICA DE CIVIS - COMPLEMENTACAO DA UNIAO;084780;AMO CREMOD;ASSIST MED ODONT- CREDENCIAMENTO;0100;RECURSOS ORDINARIOS;2;ORCAMENTO DE SEGURIDADE SOCIAL;3;DESPESAS CORRENTES;3;OUTRAS DESPESAS CORRENTES;92;DESPESAS DE EXERCICIOS ANTERIORES;339092;DESPESAS DE EXERCICIOS ANTERIORES;339092-9;NAO SE APLICA;-9;NAO SE APLICA;-9;NAO SE APLICA;-9;NAO SE APLICA;NAO SE APLICA;-9;-9;-9;2018NECT - ASSISTENCIA MEDICO-HOSPITALAR E ODONTOLOGICA - EXERCICIOS ANTERIO  RES;-9;NAO SE APLICA;;;;;(1.500.000,00);;;;;;;;;;;;;;;
14107;TRIBUNAL REGIONAL ELEITORAL DO DIST. FEDERAL;070025;TRIBUNAL REGIONAL ELEITORAL DO D. FEDERAL;02301057020040053;2004;ASSISTENCIA MEDICA E ODONTOLOGICA AOS SERVIDORES CIVIS, EMPR;0001;ASSISTENCIA MEDICA E ODONTOLOGICA DE CIVIS - COMPLEMENTACAO DA UNIAO;084780;AMO CREMOD;ASSIST MED ODONT- CREDENCIAMENTO;0100;RECURSOS ORDINARIOS;2;ORCAMENTO DE SEGURIDADE SOCIAL;3;DESPESAS CORRENTES;3;OUTRAS DESPESAS CORRENTES;92;DESPESAS DE EXERCICIOS ANTERIORES;339092;DESPESAS DE EXERCICIOS ANTERIORES;339092-9;NAO SE APLICA;-9;NAO SE APLICA;-9;NAO SE APLICA;-9;NAO SE APLICA;NAO SE APLICA;-9;-9;-9;2018NECT - ASSISTENCIA MEDICO-HOSPITALAR E ODONTOLOGICA - EXERCICIOS ANTERIO  RES. ANULACAO PARCIAL.;-9;NAO SE APLICA;;;;;180.840,79;;;;;;;;;;;;;;;
14107;TRIBUNAL REGIONAL ELEITORAL DO DIST. FEDERAL;070025;TRIBUNAL REGIONAL ELEITORAL DO D. FEDERAL;02301057020040053;2004;ASSISTENCIA MEDICA E ODONTOLOGICA AOS SERVIDORES CIVIS, EMPR;0001;ASSISTENCIA MEDICA E ODONTOLOGICA DE CIVIS - COMPLEMENTACAO DA UNIAO;084780;AMO CREMOD;ASSIST MED ODONT- CREDENCIAMENTO;0100;RECURSOS ORDINARIOS;2;ORCAMENTO DE SEGURIDADE SOCIAL;3;DESPESAS CORRENTES;3;OUTRAS DESPESAS CORRENTES;92;DESPESAS DE EXERCICIOS ANTERIORES;339092;DESPESAS DE EXERCICIOS ANTERIORES;339092-9;NAO SE APLICA;-9;NAO SE APLICA;-9;NAO SE APLICA;-9;NAO SE APLICA;NAO SE APLICA;-9;-9;-9;ALTERACAO PARA EMISSAO DE NE. ASSISTENCIA MEDICA (CONVENIOS, EXERCICIOS ANTERIORES: REEMBOLSO LIVRE-ESCOLHA).;-9;NAO SE APLICA;1.500.000,00;1.500.000,00;;;1.500.000,00;;;;;;;;;;;;;;;
14107;TRIBUNAL REGIONAL ELEITORAL DO DIST. FEDERAL;070025;TRIBUNAL REGIONAL ELEITORAL DO D. FEDERAL;02301057020040053;2004;ASSISTENCIA MEDICA E ODONTOLOGICA AOS SERVIDORES CIVIS, EMPR;0001;ASSISTENCIA MEDICA E ODONTOLOGICA DE CIVIS - COMPLEMENTACAO DA UNIAO;084780;AMO CREMOD;ASSIST MED ODONT- CREDENCIAMENTO;0100;RECURSOS ORDINARIOS;2;ORCAMENTO DE SEGURIDADE SOCIAL;3;DESPESAS CORRENTES;3;OUTRAS DESPESAS CORRENTES;92;DESPESAS DE EXERCICIOS ANTERIORES;339092;DESPESAS DE EXERCICIOS ANTERIORES;339092-9;NAO SE APLICA;-9;NAO SE APLICA;-9;NAO SE APLICA;-9;NAO SE APLICA;NAO SE APLICA;-9;-9;-9;ALTERACAO PARA REFORCO DE NE. ASSISTENCIA MEDICA (CONVENIOS, EXERCICIOS ANTERIORES).;-9;NAO SE APLICA;(180.840,79);(180.840,79);;;(180.840,79);;;;;;;;;;;;;;;
14107;TRIBUNAL REGIONAL ELEITORAL DO DIST. FEDERAL;070025;TRIBUNAL REGIONAL ELEITORAL DO D. FEDERAL;02301057020040053;2004;ASSISTENCIA MEDICA E ODONTOLOGICA AOS SERVIDORES CIVIS, EMPR;0001;ASSISTENCIA MEDICA E ODONTOLOGICA DE CIVIS - COMPLEMENTACAO DA UNIAO;084780;AMO CREMOD;ASSIST MED ODONT- CREDENCIAMENTO;0100;RECURSOS ORDINARIOS;2;ORCAMENTO DE SEGURIDADE SOCIAL;3;DESPESAS CORRENTES;3;OUTRAS DESPESAS CORRENTES;92;DESPESAS DE EXERCICIOS ANTERIORES;339092;DESPESAS DE EXERCICIOS ANTERIORES;33909239;OUTROS SERVICOS DE TERCEIROS - PJ;3;ESTIMATIVO;08;NAO SE APLICA;-8;03/01/2018;JAN/2018;2018;070025000012018NE000021;ASSISTENCIA MEDICA;09 - CANCELAMENTO DA 2018OB800456 NAO SACADA HA MAIS DE 7 DIAS POR AUSENCIA DE RELACAO;070025;TRIBUNAL REGIONAL ELEITORAL DO D. FEDERAL;;;;;;;;0,00;0,00;(632,03);;;;;;;;;0,00;(632,03)
14107;TRIBUNAL REGIONAL ELEITORAL DO DIST. FEDERAL;070025;TRIBUNAL REGIONAL ELEITORAL DO D. FEDERAL;02301057020040053;2004;ASSISTENCIA MEDICA E ODONTOLOGICA AOS SERVIDORES CIVIS, EMPR;0001;ASSISTENCIA MEDICA E ODONTOLOGICA DE CIVIS - COMPLEMENTACAO DA UNIAO;084780;AMO CREMOD;ASSIST MED ODONT- CREDENCIAMENTO;0100;RECURSOS ORDINARIOS;2;ORCAMENTO DE SEGURIDADE SOCIAL;3;DESPESAS CORRENTES;3;OUTRAS DESPESAS CORRENTES;92;DESPESAS DE EXERCICIOS ANTERIORES;339092;DESPESAS DE EXERCICIOS ANTERIORES;33909239;OUTROS SERVICOS DE TERCEIROS - PJ;3;ESTIMATIVO;08;NAO SE APLICA;-8;03/01/2018;JAN/2018;2018;070025000012018NE000021;ASSISTENCIA MEDICA;10 - CANCELAMENTO DA 2018OB800628 PELO GESTOR APOS REMESSA AO BANCO;070025;TRIBUNAL REGIONAL ELEITORAL DO D. FEDERAL;;;;;;;;0,00;0,00;(459,37);;;;;;;;;0,00;(459,37)
14107;TRIBUNAL REGIONAL ELEITORAL DO DIST. FEDERAL;070025;TRIBUNAL REGIONAL ELEITORAL DO D. FEDERAL;02301057020040053;2004;ASSISTENCIA MEDICA E ODONTOLOGICA AOS SERVIDORES CIVIS, EMPR;0001;ASSISTENCIA MEDICA E ODONTOLOGICA DE CIVIS - COMPLEMENTACAO DA UNIAO;084780;AMO CREMOD;ASSIST MED ODONT- CREDENCIAMENTO;0100;RECURSOS ORDINARIOS;2;ORCAMENTO DE SEGURIDADE SOCIAL;3;DESPESAS CORRENTES;3;OUTRAS DESPESAS CORRENTES;92;DESPESAS DE EXERCICIOS ANTERIORES;339092;DESPESAS DE EXERCICIOS ANTERIORES;33909239;OUTROS SERVICOS DE TERCEIROS - PJ;3;ESTIMATIVO;08;NAO SE APLICA;-8;03/01/2018;JAN/2018;2018;070025000012018NE000021;ASSISTENCIA MEDICA;12 - CANCELAMENTO DA 2018OB800275 - POR DOMICILIO BANCARIO INEXISTENTE;070025;TRIBUNAL REGIONAL ELEITORAL DO D. FEDERAL;;;;;;;;0,00;0,00;(360,33);;;;;;;;;0,00;(360,33)
14107;TRIBUNAL REGIONAL ELEITORAL DO DIST. FEDERAL;070025;TRIBUNAL REGIONAL ELEITORAL DO D. FEDERAL;02301057020040053;2004;ASSISTENCIA MEDICA E ODONTOLOGICA AOS SERVIDORES CIVIS, EMPR;0001;ASSISTENCIA MEDICA E ODONTOLOGICA DE CIVIS - COMPLEMENTACAO DA UNIAO;084780;AMO CREMOD;ASSIST MED ODONT- CREDENCIAMENTO;0100;RECURSOS ORDINARIOS;2;ORCAMENTO DE SEGURIDADE SOCIAL;3;DESPESAS CORRENTES;3;OUTRAS DESPESAS CORRENTES;92;DESPESAS DE EXERCICIOS ANTERIORES;339092;DESPESAS DE EXERCICIOS ANTERIORES;33909239;OUTROS SERVICOS DE TERCEIROS - PJ;3;ESTIMATIVO;08;NAO SE APLICA;-8;03/01/2018;JAN/2018;2018;070025000012018NE000021;ASSISTENCIA MEDICA;2018NECT - ASSISTENCIA MEDICO-HOSPITALAR E ODONTOLOGICA - EXERCICIOS ANTERIO  RES;070025;TRIBUNAL REGIONAL ELEITORAL DO D. FEDERAL;;;;;;;;1.500.000,00;;;;;;;;;;;;
14107;TRIBUNAL REGIONAL ELEITORAL DO DIST. FEDERAL;070025;TRIBUNAL REGIONAL ELEITORAL DO D. FEDERAL;02301057020040053;2004;ASSISTENCIA MEDICA E ODONTOLOGICA AOS SERVIDORES CIVIS, EMPR;0001;ASSISTENCIA MEDICA E ODONTOLOGICA DE CIVIS - COMPLEMENTACAO DA UNIAO;084780;AMO CREMOD;ASSIST MED ODONT- CREDENCIAMENTO;0100;RECURSOS ORDINARIOS;2;ORCAMENTO DE SEGURIDADE SOCIAL;3;DESPESAS CORRENTES;3;OUTRAS DESPESAS CORRENTES;92;DESPESAS DE EXERCICIOS ANTERIORES;339092;DESPESAS DE EXERCICIOS ANTERIORES;33909239;OUTROS SERVICOS DE TERCEIROS - PJ;3;ESTIMATIVO;08;NAO SE APLICA;-8;03/01/2018;JAN/2018;2018;070025000012018NE000021;ASSISTENCIA MEDICA;2018NECT - ASSISTENCIA MEDICO-HOSPITALAR E ODONTOLOGICA - EXERCICIOS ANTERIO  RES. ANULACAO PARCIAL.;070025;TRIBUNAL REGIONAL ELEITORAL DO D. FEDERAL;;;;;;;;(180.840,79);;;;;;;;;;;;
14107;TRIBUNAL REGIONAL ELEITORAL DO DIST. FEDERAL;070025;TRIBUNAL REGIONAL ELEITORAL DO D. FEDERAL;02301057020040053;2004;ASSISTENCIA MEDICA E ODONTOLOGICA AOS SERVIDORES CIVIS, EMPR;0001;ASSISTENCIA MEDICA E ODONTOLOGICA DE CIVIS - COMPLEMENTACAO DA UNIAO;084780;AMO CREMOD;ASSIST MED ODONT- CREDENCIAMENTO;0100;RECURSOS ORDINARIOS;2;ORCAMENTO DE SEGURIDADE SOCIAL;3;DESPESAS CORRENTES;3;OUTRAS DESPESAS CORRENTES;92;DESPESAS DE EXERCICIOS ANTERIORES;339092;DESPESAS DE EXERCICIOS ANTERIORES;33909239;OUTROS SERVICOS DE TERCEIROS - PJ;3;ESTIMATIVO;08;NAO SE APLICA;-8;03/01/2018;JAN/2018;2018;070025000012018NE000021;ASSISTENCIA MEDICA;AJUSTE;070025;TRIBUNAL REGIONAL ELEITORAL DO D. FEDERAL;;;;;;;;0,00;3.084,21;3.084,21;;;;;;;;;3.084,21;3.084,21
14107;TRIBUNAL REGIONAL ELEITORAL DO DIST. FEDERAL;070025;TRIBUNAL REGIONAL ELEITORAL DO D. FEDERAL;02301057020040053;2004;ASSISTENCIA MEDICA E ODONTOLOGICA AOS SERVIDORES CIVIS, EMPR;0001;ASSISTENCIA MEDICA E ODONTOLOGICA DE CIVIS - COMPLEMENTACAO DA UNIAO;084780;AMO CREMOD;ASSIST MED ODONT- CREDENCIAMENTO;0100;RECURSOS ORDINARIOS;2;ORCAMENTO DE SEGURIDADE SOCIAL;3;DESPESAS CORRENTES;3;OUTRAS DESPESAS CORRENTES;92;DESPESAS DE EXERCICIOS ANTERIORES;339092;DESPESAS DE EXERCICIOS ANTERIORES;33909239;OUTROS SERVICOS DE TERCEIROS - PJ;3;ESTIMATIVO;08;NAO SE APLICA;-8;03/01/2018;JAN/2018;2018;070025000012018NE000021;ASSISTENCIA MEDICA;AJUSTE EMPENHOS PGTO NF 2472. SERVICOS ODONTOLOGICOS. RET. ISS (R$ 4,87). EMPRESA OPTANTE SIMPLES NACIONAL. PA 043-53.2018.;070025;TRIBUNAL REGIONAL ELEITORAL DO D. FEDERAL;;;;;;;;0,00;(97,37);(97,37);;;;;;;;;(97,37);(97,37)
14107;TRIBUNAL REGIONAL ELEITORAL DO DIST. FEDERAL;070025;TRIBUNAL REGIONAL ELEITORAL DO D. FEDERAL;02301057020040053;2004;ASSISTENCIA MEDICA E ODONTOLOGICA AOS SERVIDORES CIVIS, EMPR;0001;ASSISTENCIA MEDICA E ODONTOLOGICA DE CIVIS - COMPLEMENTACAO DA UNIAO;084780;AMO CREMOD;ASSIST MED ODONT- CREDENCIAMENTO;0100;RECURSOS ORDINARIOS;2;ORCAMENTO DE SEGURIDADE SOCIAL;3;DESPESAS CORRENTES;3;OUTRAS DESPESAS CORRENTES;92;DESPESAS DE EXERCICIOS ANTERIORES;339092;DESPESAS DE EXERCICIOS ANTERIORES;33909239;OUTROS SERVICOS DE TERCEIROS - PJ;3;ESTIMATIVO;08;NAO SE APLICA;-8;03/01/2018;JAN/2018;2018;070025000012018NE000021;ASSISTENCIA MEDICA;AJUSTE EMPENHOS. PAGTO NF 181. SERVICOS ODONTOLOGICOS. RETENCAO IMP FED 5,85 (R$ 11,95) E ISS 2,00 (R$ 4,08). PA 1834-28.2016.;070025;TRIBUNAL REGIONAL ELEITORAL DO D. FEDERAL;;;;;;;;0,00;204,19;204,19;;;;;;;;;204,19;204,19
14107;TRIBUNAL REGIONAL ELEITORAL DO DIST. FEDERAL;070025;TRIBUNAL REGIONAL ELEITORAL DO D. FEDERAL;02301057020040053;2004;ASSISTENCIA MEDICA E ODONTOLOGICA AOS SERVIDORES CIVIS, EMPR;0001;ASSISTENCIA MEDICA E ODONTOLOGICA DE CIVIS - COMPLEMENTACAO DA UNIAO;084780;AMO CREMOD;ASSIST MED ODONT- CREDENCIAMENTO;0100;RECURSOS ORDINARIOS;2;ORCAMENTO DE SEGURIDADE SOCIAL;3;DESPESAS CORRENTES;3;OUTRAS DESPESAS CORRENTES;92;DESPESAS DE EXERCICIOS ANTERIORES;339092;DESPESAS DE EXERCICIOS ANTERIORES;33909239;OUTROS SERVICOS DE TERCEIROS - PJ;3;ESTIMATIVO;08;NAO SE APLICA;-8;03/01/2018;JAN/2018;2018;070025000012018NE000021;ASSISTENCIA MEDICA;CANCELA;070025;TRIBUNAL REGIONAL ELEITORAL DO D. FEDERAL;;;;;;;;0,00;0,00;(60.894,19);;;;;;;;;0,00;(60.894,19)
14107;TRIBUNAL REGIONAL ELEITORAL DO DIST. FEDERAL;070025;TRIBUNAL REGIONAL ELEITORAL DO D. FEDERAL;02301057020040053;2004;ASSISTENCIA MEDICA E ODONTOLOGICA AOS SERVIDORES CIVIS, EMPR;0001;ASSISTENCIA MEDICA E ODONTOLOGICA DE CIVIS - COMPLEMENTACAO DA UNIAO;084780;AMO CREMOD;ASSIST MED ODONT- CREDENCIAMENTO;0100;RECURSOS ORDINARIOS;2;ORCAMENTO DE SEGURIDADE SOCIAL;3;DESPESAS CORRENTES;3;OUTRAS DESPESAS CORRENTES;92;DESPESAS DE EXERCICIOS ANTERIORES;339092;DESPESAS DE EXERCICIOS ANTERIORES;33909239;OUTROS SERVICOS DE TERCEIROS - PJ;3;ESTIMATIVO;08;NAO SE APLICA;-8;03/01/2018;JAN/2018;2018;070025000012018NE000021;ASSISTENCIA MEDICA;CANCELA AJUSTE EMPENHO PGTO NF 2472. SERVICOS ODONTOLOGICOS. RET. ISS (R$ 4,87). EMPRESA OPTANTE SIMPLES NACIONAL. PA 043-53.2018.;070025;TRIBUNAL REGIONAL ELEITORAL DO D. FEDERAL;;;;;;;;0,00;97,37;97,37;;;;;;;;;97,37;97,37
14107;TRIBUNAL REGIONAL ELEITORAL DO DIST. FEDERAL;070025;TRIBUNAL REGIONAL ELEITORAL DO D. FEDERAL;02301057020040053;2004;ASSISTENCIA MEDICA E ODONTOLOGICA AOS SERVIDORES CIVIS, EMPR;0001;ASSISTENCIA MEDICA E ODONTOLOGICA DE CIVIS - COMPLEMENTACAO DA UNIAO;084780;AMO CREMOD;ASSIST MED ODONT- CREDENCIAMENTO;0100;RECURSOS ORDINARIOS;2;ORCAMENTO DE SEGURIDADE SOCIAL;3;DESPESAS CORRENTES;3;OUTRAS DESPESAS CORRENTES;92;DESPESAS DE EXERCICIOS ANTERIORES;339092;DESPESAS DE EXERCICIOS ANTERIORES;33909239;OUTROS SERVICOS DE TERCEIROS - PJ;3;ESTIMATIVO;08;NAO SE APLICA;-8;03/01/2018;JAN/2018;2018;070025000012018NE000021;ASSISTENCIA MEDICA;CANCELA APARA AJUSTE DE INFORMACOES;070025;TRIBUNAL REGIONAL ELEITORAL DO D. FEDERAL;;;;;;;;0,00;(311,75);;;;;;;;;;(311,75);
14107;TRIBUNAL REGIONAL ELEITORAL DO DIST. FEDERAL;070025;TRIBUNAL REGIONAL ELEITORAL DO D. FEDERAL;02301057020040053;2004;ASSISTENCIA MEDICA E ODONTOLOGICA AOS SERVIDORES CIVIS, EMPR;0001;ASSISTENCIA MEDICA E ODONTOLOGICA DE CIVIS - COMPLEMENTACAO DA UNIAO;084780;AMO CREMOD;ASSIST MED ODONT- CREDENCIAMENTO;0100;RECURSOS ORDINARIOS;2;ORCAMENTO DE SEGURIDADE SOCIAL;3;DESPESAS CORRENTES;3;OUTRAS DESPESAS CORRENTES;92;DESPESAS DE EXERCICIOS ANTERIORES;339092;DESPESAS DE EXERCICIOS ANTERIORES;33909239;OUTROS SERVICOS DE TERCEIROS - PJ;3;ESTIMATIVO;08;NAO SE APLICA;-8;03/01/2018;JAN/2018;2018;070025000012018NE000021;ASSISTENCIA MEDICA;CANCELA PARA AJUSTE;070025;TRIBUNAL REGIONAL ELEITORAL DO D. FEDERAL;;;;;;;;0,00;0,00;(459,37);;;;;;;;;0,00;(459,37)
14107;TRIBUNAL REGIONAL ELEITORAL DO DIST. FEDERAL;070025;TRIBUNAL REGIONAL ELEITORAL DO D. FEDERAL;02301057020040053;2004;ASSISTENCIA MEDICA E ODONTOLOGICA AOS SERVIDORES CIVIS, EMPR;0001;ASSISTENCIA MEDICA E ODONTOLOGICA DE CIVIS - COMPLEMENTACAO DA UNIAO;084780;AMO CREMOD;ASSIST MED ODONT- CREDENCIAMENTO;0100;RECURSOS ORDINARIOS;2;ORCAMENTO DE SEGURIDADE SOCIAL;3;DESPESAS CORRENTES;3;OUTRAS DESPESAS CORRENTES;92;DESPESAS DE EXERCICIOS ANTERIORES;339092;DESPESAS DE EXERCICIOS ANTERIORES;33909239;OUTROS SERVICOS DE TERCEIROS - PJ;3;ESTIMATIVO;08;NAO SE APLICA;-8;03/01/2018;JAN/2018;2018;070025000012018NE000021;ASSISTENCIA MEDICA;CANCELAMENTO PARA AJUSTE.;070025;TRIBUNAL REGIONAL ELEITORAL DO D. FEDERAL;;;;;;;;0,00;(77,27);;;;;;;;;;(77,27);
14107;TRIBUNAL REGIONAL ELEITORAL DO DIST. FEDERAL;070025;TRIBUNAL REGIONAL ELEITORAL DO D. FEDERAL;02301057020040053;2004;ASSISTENCIA MEDICA E ODONTOLOGICA AOS SERVIDORES CIVIS, EMPR;0001;ASSISTENCIA MEDICA E ODONTOLOGICA DE CIVIS - COMPLEMENTACAO DA UNIAO;084780;AMO CREMOD;ASSIST MED ODONT- CREDENCIAMENTO;0100;RECURSOS ORDINARIOS;2;ORCAMENTO DE SEGURIDADE SOCIAL;3;DESPESAS CORRENTES;3;OUTRAS DESPESAS CORRENTES;92;DESPESAS DE EXERCICIOS ANTERIORES;339092;DESPESAS DE EXERCICIOS ANTERIORES;33909239;OUTROS SERVICOS DE TERCEIROS - PJ;3;ESTIMATIVO;08;NAO SE APLICA;-8;03/01/2018;JAN/2018;2018;070025000012018NE000021;ASSISTENCIA MEDICA;CANCELAMENTO PGTO NF 58732 E OUTRAS. SERVICOS MEDICOS. RETENCAO 5,85 IMP FED (R$ 3.693,34) E 2,00 ISS (R$ 1.262,68). PA 0338-90.2018;070025;TRIBUNAL REGIONAL ELEITORAL DO D. FEDERAL;;;;;;;;0,00;(53.477,91);;;;;;;;;;(53.477,91);
14107;TRIBUNAL REGIONAL ELEITORAL DO DIST. FEDERAL;070025;TRIBUNAL REGIONAL ELEITORAL DO D. FEDERAL;02301057020040053;2004;ASSISTENCIA MEDICA E ODONTOLOGICA AOS SERVIDORES CIVIS, EMPR;0001;ASSISTENCIA MEDICA E ODONTOLOGICA DE CIVIS - COMPLEMENTACAO DA UNIAO;084780;AMO CREMOD;ASSIST MED ODONT- CREDENCIAMENTO;0100;RECURSOS ORDINARIOS;2;ORCAMENTO DE SEGURIDADE SOCIAL;3;DESPESAS CORRENTES;3;OUTRAS DESPESAS CORRENTES;92;DESPESAS DE EXERCICIOS ANTERIORES;339092;DESPESAS DE EXERCICIOS ANTERIORES;33909239;OUTROS SERVICOS DE TERCEIROS - PJ;3;ESTIMATIVO;08;NAO SE APLICA;-8;03/01/2018;JAN/2018;2018;070025000012018NE000021;ASSISTENCIA MEDICA;CANCELAMENTO.;070025;TRIBUNAL REGIONAL ELEITORAL DO D. FEDERAL;;;;;;;;0,00;0,00;(900,00);;;;;;;;;0,00;(900,00)
14107;TRIBUNAL REGIONAL ELEITORAL DO DIST. FEDERAL;070025;TRIBUNAL REGIONAL ELEITORAL DO D. FEDERAL;02301057020040053;2004;ASSISTENCIA MEDICA E ODONTOLOGICA AOS SERVIDORES CIVIS, EMPR;0001;ASSISTENCIA MEDICA E ODONTOLOGICA DE CIVIS - COMPLEMENTACAO DA UNIAO;084780;AMO CREMOD;ASSIST MED ODONT- CREDENCIAMENTO;0100;RECURSOS ORDINARIOS;2;ORCAMENTO DE SEGURIDADE SOCIAL;3;DESPESAS CORRENTES;3;OUTRAS DESPESAS CORRENTES;92;DESPESAS DE EXERCICIOS ANTERIORES;339092;DESPESAS DE EXERCICIOS ANTERIORES;33909239;OUTROS SERVICOS DE TERCEIROS - PJ;3;ESTIMATIVO;08;NAO SE APLICA;-8;03/01/2018;JAN/2018;2018;070025000012018NE000021;ASSISTENCIA MEDICA;CENCELA;070025;TRIBUNAL REGIONAL ELEITORAL DO D. FEDERAL;;;;;;;;0,00;0,00;(6.992,67);;;;;;;;;0,00;(6.992,67)
14107;TRIBUNAL REGIONAL ELEITORAL DO DIST. FEDERAL;070025;TRIBUNAL REGIONAL ELEITORAL DO D. FEDERAL;02301057020040053;2004;ASSISTENCIA MEDICA E ODONTOLOGICA AOS SERVIDORES CIVIS, EMPR;0001;ASSISTENCIA MEDICA E ODONTOLOGICA DE CIVIS - COMPLEMENTACAO DA UNIAO;084780;AMO CREMOD;ASSIST MED ODONT- CREDENCIAMENTO;0100;RECURSOS ORDINARIOS;2;ORCAMENTO DE SEGURIDADE SOCIAL;3;DESPESAS CORRENTES;3;OUTRAS DESPESAS CORRENTES;92;DESPESAS DE EXERCICIOS ANTERIORES;339092;DESPESAS DE EXERCICIOS ANTERIORES;33909239;OUTROS SERVICOS DE TERCEIROS - PJ;3;ESTIMATIVO;08;NAO SE APLICA;-8;03/01/2018;JAN/2018;2018;070025000012018NE000021;ASSISTENCIA MEDICA;CENCELA APARA AJUSTES;070025;TRIBUNAL REGIONAL ELEITORAL DO D. FEDERAL;;;;;;;;0,00;0,00;(287,27);;;;;;;;;0,00;(287,27)
14107;TRIBUNAL REGIONAL ELEITORAL DO DIST. FEDERAL;070025;TRIBUNAL REGIONAL ELEITORAL DO D. FEDERAL;02301057020040053;2004;ASSISTENCIA MEDICA E ODONTOLOGICA AOS SERVIDORES CIVIS, EMPR;0001;ASSISTENCIA MEDICA E ODONTOLOGICA DE CIVIS - COMPLEMENTACAO DA UNIAO;084780;AMO CREMOD;ASSIST MED ODONT- CREDENCIAMENTO;0100;RECURSOS ORDINARIOS;2;ORCAMENTO DE SEGURIDADE SOCIAL;3;DESPESAS CORRENTES;3;OUTRAS DESPESAS CORRENTES;92;DESPESAS DE EXERCICIOS ANTERIORES;339092;DESPESAS DE EXERCICIOS ANTERIORES;33909239;OUTROS SERVICOS DE TERCEIROS - PJ;3;ESTIMATIVO;08;NAO SE APLICA;-8;03/01/2018;JAN/2018;2018;070025000012018NE000021;ASSISTENCIA MEDICA;DADOS ERRADOS;070025;TRIBUNAL REGIONAL ELEITORAL DO D. FEDERAL;;;;;;;;0,00;(1.723,61);;;;;;;;;;(1.723,61);
14107;TRIBUNAL REGIONAL ELEITORAL DO DIST. FEDERAL;070025;TRIBUNAL REGIONAL ELEITORAL DO D. FEDERAL;02301057020040053;2004;ASSISTENCIA MEDICA E ODONTOLOGICA AOS SERVIDORES CIVIS, EMPR;0001;ASSISTENCIA MEDICA E ODONTOLOGICA DE CIVIS - COMPLEMENTACAO DA UNIAO;084780;AMO CREMOD;ASSIST MED ODONT- CREDENCIAMENTO;0100;RECURSOS ORDINARIOS;2;ORCAMENTO DE SEGURIDADE SOCIAL;3;DESPESAS CORRENTES;3;OUTRAS DESPESAS CORRENTES;92;DESPESAS DE EXERCICIOS ANTERIORES;339092;DESPESAS DE EXERCICIOS ANTERIORES;33909239;OUTROS SERVICOS DE TERCEIROS - PJ;3;ESTIMATIVO;08;NAO SE APLICA;-8;03/01/2018;JAN/2018;2018;070025000012018NE000021;ASSISTENCIA MEDICA;ERRO DE VALOR;070025;TRIBUNAL REGIONAL ELEITORAL DO D. FEDERAL;;;;;;;;0,00;(8.278,50);(1.889,30);;;;;;;;;(8.278,50);(1.889,30)
14107;TRIBUNAL REGIONAL ELEITORAL DO DIST. FEDERAL;070025;TRIBUNAL REGIONAL ELEITORAL DO D. FEDERAL;02301057020040053;2004;ASSISTENCIA MEDICA E ODONTOLOGICA AOS SERVIDORES CIVIS, EMPR;0001;ASSISTENCIA MEDICA E ODONTOLOGICA DE CIVIS - COMPLEMENTACAO DA UNIAO;084780;AMO CREMOD;ASSIST MED ODONT- CREDENCIAMENTO;0100;RECURSOS ORDINARIOS;2;ORCAMENTO DE SEGURIDADE SOCIAL;3;DESPESAS CORRENTES;3;OUTRAS DESPESAS CORRENTES;92;DESPESAS DE EXERCICIOS ANTERIORES;339092;DESPESAS DE EXERCICIOS ANTERIORES;33909239;OUTROS SERVICOS DE TERCEIROS - PJ;3;ESTIMATIVO;08;NAO SE APLICA;-8;03/01/2018;JAN/2018;2018;070025000012018NE000021;ASSISTENCIA MEDICA;INCLUSAO DE VALOR COM GLOSA;070025;TRIBUNAL REGIONAL ELEITORAL DO D. FEDERAL;;;;;;;;0,00;(16,02);;;;;;;;;;(16,02);
14107;TRIBUNAL REGIONAL ELEITORAL DO DIST. FEDERAL;070025;TRIBUNAL REGIONAL ELEITORAL DO D. FEDERAL;02301057020040053;2004;ASSISTENCIA MEDICA E ODONTOLOGICA AOS SERVIDORES CIVIS, EMPR;0001;ASSISTENCIA MEDICA E ODONTOLOGICA DE CIVIS - COMPLEMENTACAO DA UNIAO;084780;AMO CREMOD;ASSIST MED ODONT- CREDENCIAMENTO;0100;RECURSOS ORDINARIOS;2;ORCAMENTO DE SEGURIDADE SOCIAL;3;DESPESAS CORRENTES;3;OUTRAS DESPESAS CORRENTES;92;DESPESAS DE EXERCICIOS ANTERIORES;339092;DESPESAS DE EXERCICIOS ANTERIORES;33909239;OUTROS SERVICOS DE TERCEIROS - PJ;3;ESTIMATIVO;08;NAO SE APLICA;-8;03/01/2018;JAN/2018;2018;070025000012018NE000021;ASSISTENCIA MEDICA;MUDANCA DE EMPENHO;070025;TRIBUNAL REGIONAL ELEITORAL DO D. FEDERAL;;;;;;;;0,00;(1.505,59);;;;;;;;;;(1.505,59);
14107;TRIBUNAL REGIONAL ELEITORAL DO DIST. FEDERAL;070025;TRIBUNAL REGIONAL ELEITORAL DO D. FEDERAL;02301057020040053;2004;ASSISTENCIA MEDICA E ODONTOLOGICA AOS SERVIDORES CIVIS, EMPR;0001;ASSISTENCIA MEDICA E ODONTOLOGICA DE CIVIS - COMPLEMENTACAO DA UNIAO;084780;AMO CREMOD;ASSIST MED ODONT- CREDENCIAMENTO;0100;RECURSOS ORDINARIOS;2;ORCAMENTO DE SEGURIDADE SOCIAL;3;DESPESAS CORRENTES;3;OUTRAS DESPESAS CORRENTES;92;DESPESAS DE EXERCICIOS ANTERIORES;339092;DESPESAS DE EXERCICIOS ANTERIORES;33909239;OUTROS SERVICOS DE TERCEIROS - PJ;3;ESTIMATIVO;08;NAO SE APLICA;-8;03/01/2018;JAN/2018;2018;070025000012018NE000021;ASSISTENCIA MEDICA;NF 49302. SERVICOS MEDICOS. RETENCAO IMP. FED. 5,85 (R$ 2,61) E ISS 2,00 (R$ 0,89). PA 2052-52.2016.;070025;TRIBUNAL REGIONAL ELEITORAL DO D. FEDERAL;;;;;;;;0,00;44,61;44,61;;;;;;;;;44,61;44,61
14107;TRIBUNAL REGIONAL ELEITORAL DO DIST. FEDERAL;070025;TRIBUNAL REGIONAL ELEITORAL DO D. FEDERAL;02301057020040053;2004;ASSISTENCIA MEDICA E ODONTOLOGICA AOS SERVIDORES CIVIS, EMPR;0001;ASSISTENCIA MEDICA E ODONTOLOGICA DE CIVIS - COMPLEMENTACAO DA UNIAO;084780;AMO CREMOD;ASSIST MED ODONT- CREDENCIAMENTO;0100;RECURSOS ORDINARIOS;2;ORCAMENTO DE SEGURIDADE SOCIAL;3;DESPESAS CORRENTES;3;OUTRAS DESPESAS CORRENTES;92;DESPESAS DE EXERCICIOS ANTERIORES;339092;DESPESAS DE EXERCICIOS ANTERIORES;33909239;OUTROS SERVICOS DE TERCEIROS - PJ;3;ESTIMATIVO;08;NAO SE APLICA;-8;03/01/2018;JAN/2018;2018;070025000012018NE000021;ASSISTENCIA MEDICA;PAGTO 23818,23882,23902,24039,24108. SERVICOS MEDICOS. PGTO LIQUIDO, RETENCAO JA REALIZADA. PA 2650-10.2016.;070025;TRIBUNAL REGIONAL ELEITORAL DO D. FEDERAL;;;;;;;;0,00;32.052,04;32.052,04;;;;;;;;;32.052,04;32.052,04
14107;TRIBUNAL REGIONAL ELEITORAL DO DIST. FEDERAL;070025;TRIBUNAL REGIONAL ELEITORAL DO D. FEDERAL;02301057020040053;2004;ASSISTENCIA MEDICA E ODONTOLOGICA AOS SERVIDORES CIVIS, EMPR;0001;ASSISTENCIA MEDICA E ODONTOLOGICA DE CIVIS - COMPLEMENTACAO DA UNIAO;084780;AMO CREMOD;ASSIST MED ODONT- CREDENCIAMENTO;0100;RECURSOS ORDINARIOS;2;ORCAMENTO DE SEGURIDADE SOCIAL;3;DESPESAS CORRENTES;3;OUTRAS DESPESAS CORRENTES;92;DESPESAS DE EXERCICIOS ANTERIORES;339092;DESPESAS DE EXERCICIOS ANTERIORES;33909239;OUTROS SERVICOS DE TERCEIROS - PJ;3;ESTIMATIVO;08;NAO SE APLICA;-8;03/01/2018;JAN/2018;2018;070025000012018NE000021;ASSISTENCIA MEDICA;PAGTO 3467. SERVICOS MEDICOS. ISS 2,00 (R$ 11,41) ENTIDADE SEM FINS LUCRATIVOS. PA 1781-47.2016.;070025;TRIBUNAL REGIONAL ELEITORAL DO D. FEDERAL;;;;;;;;0,00;570,60;570,60;;;;;;;;;570,60;570,60
14107;TRIBUNAL REGIONAL ELEITORAL DO DIST. FEDERAL;070025;TRIBUNAL REGIONAL ELEITORAL DO D. FEDERAL;02301057020040053;2004;ASSISTENCIA MEDICA E ODONTOLOGICA AOS SERVIDORES CIVIS, EMPR;0001;ASSISTENCIA MEDICA E ODONTOLOGICA DE CIVIS - COMPLEMENTACAO DA UNIAO;084780;AMO CREMOD;ASSIST MED ODONT- CREDENCIAMENTO;0100;RECURSOS ORDINARIOS;2;ORCAMENTO DE SEGURIDADE SOCIAL;3;DESPESAS CORRENTES;3;OUTRAS DESPESAS CORRENTES;92;DESPESAS DE EXERCICIOS ANTERIORES;339092;DESPESAS DE EXERCICIOS ANTERIORES;33909239;OUTROS SERVICOS DE TERCEIROS - PJ;3;ESTIMATIVO;08;NAO SE APLICA;-8;03/01/2018;JAN/2018;2018;070025000012018NE000021;ASSISTENCIA MEDICA;PAGTO 4012 E 4111. SERVICOS MEDICOS.ISS 2,00 (R$ 54,89) ENTIDADE SEM FINS LUCRATIVOS. PA 1781-47.2016.;070025;TRIBUNAL REGIONAL ELEITORAL DO D. FEDERAL;;;;;;;;0,00;2.744,46;2.744,46;;;;;;;;;2.744,46;2.744,46
14107;TRIBUNAL REGIONAL ELEITORAL DO DIST. FEDERAL;070025;TRIBUNAL REGIONAL ELEITORAL DO D. FEDERAL;02301057020040053;2004;ASSISTENCIA MEDICA E ODONTOLOGICA AOS SERVIDORES CIVIS, EMPR;0001;ASSISTENCIA MEDICA E ODONTOLOGICA DE CIVIS - COMPLEMENTACAO DA UNIAO;084780;AMO CREMOD;ASSIST MED ODONT- CREDENCIAMENTO;0100;RECURSOS ORDINARIOS;2;ORCAMENTO DE SEGURIDADE SOCIAL;3;DESPESAS CORRENTES;3;OUTRAS DESPESAS CORRENTES;92;DESPESAS DE EXERCICIOS ANTERIORES;339092;DESPESAS DE EXERCICIOS ANTERIORES;33909239;OUTROS SERVICOS DE TERCEIROS - PJ;3;ESTIMATIVO;08;NAO SE APLICA;-8;03/01/2018;JAN/2018;2018;070025000012018NE000021;ASSISTENCIA MEDICA;PAGTO 4181 E 4243. SERVICOS MEDICOS.ISS 2,00 (R$ 62,31) ENTIDADE SEM FINS LUCRATIVOS. PA 1781-47.2016.;070025;TRIBUNAL REGIONAL ELEITORAL DO D. FEDERAL;;;;;;;;0,00;3.115,61;3.115,61;;;;;;;;;3.115,61;3.115,61
14107;TRIBUNAL REGIONAL ELEITORAL DO DIST. FEDERAL;070025;TRIBUNAL REGIONAL ELEITORAL DO D. FEDERAL;02301057020040053;2004;ASSISTENCIA MEDICA E ODONTOLOGICA AOS SERVIDORES CIVIS, EMPR;0001;ASSISTENCIA MEDICA E ODONTOLOGICA DE CIVIS - COMPLEMENTACAO DA UNIAO;084780;AMO CREMOD;ASSIST MED ODONT- CREDENCIAMENTO;0100;RECURSOS ORDINARIOS;2;ORCAMENTO DE SEGURIDADE SOCIAL;3;DESPESAS CORRENTES;3;OUTRAS DESPESAS CORRENTES;92;DESPESAS DE EXERCICIOS ANTERIORES;339092;DESPESAS DE EXERCICIOS ANTERIORES;33909239;OUTROS SERVICOS DE TERCEIROS - PJ;3;ESTIMATIVO;08;NAO SE APLICA;-8;03/01/2018;JAN/2018;2018;070025000012018NE000021;ASSISTENCIA MEDICA;PAGTO NE 6839. SERVICOS ODONTOLOGICOS. RET. ISS 2,79 (R$ 8,53). EMPRESA OPTANTE PELO SIMPLES NACIONAL. PA 766-72.2018.;070025;TRIBUNAL REGIONAL ELEITORAL DO D. FEDERAL;;;;;;;;0,00;151,20;151,20;;;;;;;;;151,20;151,20
14107;TRIBUNAL REGIONAL ELEITORAL DO DIST. FEDERAL;070025;TRIBUNAL REGIONAL ELEITORAL DO D. FEDERAL;02301057020040053;2004;ASSISTENCIA MEDICA E ODONTOLOGICA AOS SERVIDORES CIVIS, EMPR;0001;ASSISTENCIA MEDICA E ODONTOLOGICA DE CIVIS - COMPLEMENTACAO DA UNIAO;084780;AMO CREMOD;ASSIST MED ODONT- CREDENCIAMENTO;0100;RECURSOS ORDINARIOS;2;ORCAMENTO DE SEGURIDADE SOCIAL;3;DESPESAS CORRENTES;3;OUTRAS DESPESAS CORRENTES;92;DESPESAS DE EXERCICIOS ANTERIORES;339092;DESPESAS DE EXERCICIOS ANTERIORES;33909239;OUTROS SERVICOS DE TERCEIROS - PJ;3;ESTIMATIVO;08;NAO SE APLICA;-8;03/01/2018;JAN/2018;2018;070025000012018NE000021;ASSISTENCIA MEDICA;PAGTO NF 104. SERVICOS ODONTOLOGICOS. RETENCAO 5,85 IMP FED (R$ 119,82) E 2,00 ISS (R$ 40,97). PA 528-53.2018.6.07.8100;070025;TRIBUNAL REGIONAL ELEITORAL DO D. FEDERAL;;;;;;;;0,00;1.218,04;1.218,04;;;;;;;;;1.218,04;1.218,04
14107;TRIBUNAL REGIONAL ELEITORAL DO DIST. FEDERAL;070025;TRIBUNAL REGIONAL ELEITORAL DO D. FEDERAL;02301057020040053;2004;ASSISTENCIA MEDICA E ODONTOLOGICA AOS SERVIDORES CIVIS, EMPR;0001;ASSISTENCIA MEDICA E ODONTOLOGICA DE CIVIS - COMPLEMENTACAO DA UNIAO;084780;AMO CREMOD;ASSIST MED ODONT- CREDENCIAMENTO;0100;RECURSOS ORDINARIOS;2;ORCAMENTO DE SEGURIDADE SOCIAL;3;DESPESAS CORRENTES;3;OUTRAS DESPESAS CORRENTES;92;DESPESAS DE EXERCICIOS ANTERIORES;339092;DESPESAS DE EXERCICIOS ANTERIORES;33909239;OUTROS SERVICOS DE TERCEIROS - PJ;3;ESTIMATIVO;08;NAO SE APLICA;-8;03/01/2018;JAN/2018;2018;070025000012018NE000021;ASSISTENCIA MEDICA;PAGTO NF 10487. SERVICOS MEDICOS. ENTIDADE SEM FINS LUCRATIVOS. PA 381-27.2018.;070025;TRIBUNAL REGIONAL ELEITORAL DO D. FEDERAL;;;;;;;;0,00;96,12;96,12;;;;;;;;;96,12;96,12
14107;TRIBUNAL REGIONAL ELEITORAL DO DIST. FEDERAL;070025;TRIBUNAL REGIONAL ELEITORAL DO D. FEDERAL;02301057020040053;2004;ASSISTENCIA MEDICA E ODONTOLOGICA AOS SERVIDORES CIVIS, EMPR;0001;ASSISTENCIA MEDICA E ODONTOLOGICA DE CIVIS - COMPLEMENTACAO DA UNIAO;084780;AMO CREMOD;ASSIST MED ODONT- CREDENCIAMENTO;0100;RECURSOS ORDINARIOS;2;ORCAMENTO DE SEGURIDADE SOCIAL;3;DESPESAS CORRENTES;3;OUTRAS DESPESAS CORRENTES;92;DESPESAS DE EXERCICIOS ANTERIORES;339092;DESPESAS DE EXERCICIOS ANTERIORES;33909239;OUTROS SERVICOS DE TERCEIROS - PJ;3;ESTIMATIVO;08;NAO SE APLICA;-8;03/01/2018;JAN/2018;2018;070025000012018NE000021;ASSISTENCIA MEDICA;PAGTO NF 10871 E 10966. SERVICOS MEDICOS. ENTIDADE SEM FINS LUCRATIVOS. PA 381-27.2018.;070025;TRIBUNAL REGIONAL ELEITORAL DO D. FEDERAL;;;;;;;;0,00;11.298,88;11.298,88;;;;;;;;;11.298,88;11.298,88
14107;TRIBUNAL REGIONAL ELEITORAL DO DIST. FEDERAL;070025;TRIBUNAL REGIONAL ELEITORAL DO D. FEDERAL;02301057020040053;2004;ASSISTENCIA MEDICA E ODONTOLOGICA AOS SERVIDORES CIVIS, EMPR;0001;ASSISTENCIA MEDICA E ODONTOLOGICA DE CIVIS - COMPLEMENTACAO DA UNIAO;084780;AMO CREMOD;ASSIST MED ODONT- CREDENCIAMENTO;0100;RECURSOS ORDINARIOS;2;ORCAMENTO DE SEGURIDADE SOCIAL;3;DESPESAS CORRENTES;3;OUTRAS DESPESAS CORRENTES;92;DESPESAS DE EXERCICIOS ANTERIORES;339092;DESPESAS DE EXERCICIOS ANTERIORES;33909239;OUTROS SERVICOS DE TERCEIROS - PJ;3;ESTIMATIVO;08;NAO SE APLICA;-8;03/01/2018;JAN/2018;2018;070025000012018NE000021;ASSISTENCIA MEDICA;PAGTO NF 10878. SERVICOS MEDICOS ODONTOLOGICOS. RETENCAO IMP FED 5,85 (R$ 5,09) E ISS 2,00 (R$ 1,74). PA 2632-86.2016.;070025;TRIBUNAL REGIONAL ELEITORAL DO D. FEDERAL;;;;;;;;0,00;86,99;86,99;;;;;;;;;86,99;86,99
14107;TRIBUNAL REGIONAL ELEITORAL DO DIST. FEDERAL;070025;TRIBUNAL REGIONAL ELEITORAL DO D. FEDERAL;02301057020040053;2004;ASSISTENCIA MEDICA E ODONTOLOGICA AOS SERVIDORES CIVIS, EMPR;0001;ASSISTENCIA MEDICA E ODONTOLOGICA DE CIVIS - COMPLEMENTACAO DA UNIAO;084780;AMO CREMOD;ASSIST MED ODONT- CREDENCIAMENTO;0100;RECURSOS ORDINARIOS;2;ORCAMENTO DE SEGURIDADE SOCIAL;3;DESPESAS CORRENTES;3;OUTRAS DESPESAS CORRENTES;92;DESPESAS DE EXERCICIOS ANTERIORES;339092;DESPESAS DE EXERCICIOS ANTERIORES;33909239;OUTROS SERVICOS DE TERCEIROS - PJ;3;ESTIMATIVO;08;NAO SE APLICA;-8;03/01/2018;JAN/2018;2018;070025000012018NE000021;ASSISTENCIA MEDICA;PAGTO NF 11047. SERVICOS MEDICOS. RETENCAO IMP FED 4,65(R$ 12,56) E 1,50 (R$ 4,05). PA 2815-57.2016.;070025;TRIBUNAL REGIONAL ELEITORAL DO D. FEDERAL;;;;;;;;0,00;270,00;270,00;;;;;;;;;270,00;270,00
14107;TRIBUNAL REGIONAL ELEITORAL DO DIST. FEDERAL;070025;TRIBUNAL REGIONAL ELEITORAL DO D. FEDERAL;02301057020040053;2004;ASSISTENCIA MEDICA E ODONTOLOGICA AOS SERVIDORES CIVIS, EMPR;0001;ASSISTENCIA MEDICA E ODONTOLOGICA DE CIVIS - COMPLEMENTACAO DA UNIAO;084780;AMO CREMOD;ASSIST MED ODONT- CREDENCIAMENTO;0100;RECURSOS ORDINARIOS;2;ORCAMENTO DE SEGURIDADE SOCIAL;3;DESPESAS CORRENTES;3;OUTRAS DESPESAS CORRENTES;92;DESPESAS DE EXERCICIOS ANTERIORES;339092;DESPESAS DE EXERCICIOS ANTERIORES;33909239;OUTROS SERVICOS DE TERCEIROS - PJ;3;ESTIMATIVO;08;NAO SE APLICA;-8;03/01/2018;JAN/2018;2018;070025000012018NE000021;ASSISTENCIA MEDICA;PAGTO NF 12700, 12701 E 12937. SERVICOS MEDICOS. RETENCAO IMP FED 5,85 (R$ 3.741,70) E ISS 2,00 (R$ 1.279,21). PA 1779-77.2016.;070025;TRIBUNAL REGIONAL ELEITORAL DO D. FEDERAL;;;;;;;;0,00;52.075,52;52.075,52;;;;;;;;;52.075,52;52.075,52
14107;TRIBUNAL REGIONAL ELEITORAL DO DIST. FEDERAL;070025;TRIBUNAL REGIONAL ELEITORAL DO D. FEDERAL;02301057020040053;2004;ASSISTENCIA MEDICA E ODONTOLOGICA AOS SERVIDORES CIVIS, EMPR;0001;ASSISTENCIA MEDICA E ODONTOLOGICA DE CIVIS - COMPLEMENTACAO DA UNIAO;084780;AMO CREMOD;ASSIST MED ODONT- CREDENCIAMENTO;0100;RECURSOS ORDINARIOS;2;ORCAMENTO DE SEGURIDADE SOCIAL;3;DESPESAS CORRENTES;3;OUTRAS DESPESAS CORRENTES;92;DESPESAS DE EXERCICIOS ANTERIORES;339092;DESPESAS DE EXERCICIOS ANTERIORES;33909239;OUTROS SERVICOS DE TERCEIROS - PJ;3;ESTIMATIVO;08;NAO SE APLICA;-8;03/01/2018;JAN/2018;2018;070025000012018NE000021;ASSISTENCIA MEDICA;PAGTO NF 13.140, 13.189, 13,190, 13.191. SERVICOS MEDICOS. RETENCAO IMP FED 5,85 (R$ 2.369,42) E ISS 2,00 (R$ 810,06). PA 1779-77.2016.;070025;TRIBUNAL REGIONAL ELEITORAL DO D. FEDERAL;;;;;;;;0,00;32.104,16;32.104,16;;;;;;;;;32.104,16;32.104,16
14107;TRIBUNAL REGIONAL ELEITORAL DO DIST. FEDERAL;070025;TRIBUNAL REGIONAL ELEITORAL DO D. FEDERAL;02301057020040053;2004;ASSISTENCIA MEDICA E ODONTOLOGICA AOS SERVIDORES CIVIS, EMPR;0001;ASSISTENCIA MEDICA E ODONTOLOGICA DE CIVIS - COMPLEMENTACAO DA UNIAO;084780;AMO CREMOD;ASSIST MED ODONT- CREDENCIAMENTO;0100;RECURSOS ORDINARIOS;2;ORCAMENTO DE SEGURIDADE SOCIAL;3;DESPESAS CORRENTES;3;OUTRAS DESPESAS CORRENTES;92;DESPESAS DE EXERCICIOS ANTERIORES;339092;DESPESAS DE EXERCICIOS ANTERIORES;33909239;OUTROS SERVICOS DE TERCEIROS - PJ;3;ESTIMATIVO;08;NAO SE APLICA;-8;03/01/2018;JAN/2018;2018;070025000012018NE000021;ASSISTENCIA MEDICA;PAGTO NF 1349. SERVICOS MEDICOS. RETENCAO IMP FED 5,85 (R$ 19,30) E ISS 2,00 (R$ 6,60). PA 6048-62.2018;070025;TRIBUNAL REGIONAL ELEITORAL DO D. FEDERAL;;;;;;;;0,00;330,00;330,00;;;;;;;;;330,00;330,00
14107;TRIBUNAL REGIONAL ELEITORAL DO DIST. FEDERAL;070025;TRIBUNAL REGIONAL ELEITORAL DO D. FEDERAL;02301057020040053;2004;ASSISTENCIA MEDICA E ODONTOLOGICA AOS SERVIDORES CIVIS, EMPR;0001;ASSISTENCIA MEDICA E ODONTOLOGICA DE CIVIS - COMPLEMENTACAO DA UNIAO;084780;AMO CREMOD;ASSIST MED ODONT- CREDENCIAMENTO;0100;RECURSOS ORDINARIOS;2;ORCAMENTO DE SEGURIDADE SOCIAL;3;DESPESAS CORRENTES;3;OUTRAS DESPESAS CORRENTES;92;DESPESAS DE EXERCICIOS ANTERIORES;339092;DESPESAS DE EXERCICIOS ANTERIORES;33909239;OUTROS SERVICOS DE TERCEIROS - PJ;3;ESTIMATIVO;08;NAO SE APLICA;-8;03/01/2018;JAN/2018;2018;070025000012018NE000021;ASSISTENCIA MEDICA;PAGTO NF 169. SERVICOS ODONTOLOGICOS. RETENCAO IMP FED 585 (R$ 30,36) E ISS 2,00 (R$ 10,38). PA 765-87.2018.;070025;TRIBUNAL REGIONAL ELEITORAL DO D. FEDERAL;;;;;;;;0,00;519,04;519,04;;;;;;;;;519,04;519,04
14107;TRIBUNAL REGIONAL ELEITORAL DO DIST. FEDERAL;070025;TRIBUNAL REGIONAL ELEITORAL DO D. FEDERAL;02301057020040053;2004;ASSISTENCIA MEDICA E ODONTOLOGICA AOS SERVIDORES CIVIS, EMPR;0001;ASSISTENCIA MEDICA E ODONTOLOGICA DE CIVIS - COMPLEMENTACAO DA UNIAO;084780;AMO CREMOD;ASSIST MED ODONT- CREDENCIAMENTO;0100;RECURSOS ORDINARIOS;2;ORCAMENTO DE SEGURIDADE SOCIAL;3;DESPESAS CORRENTES;3;OUTRAS DESPESAS CORRENTES;92;DESPESAS DE EXERCICIOS ANTERIORES;339092;DESPESAS DE EXERCICIOS ANTERIORES;33909239;OUTROS SERVICOS DE TERCEIROS - PJ;3;ESTIMATIVO;08;NAO SE APLICA;-8;03/01/2018;JAN/2018;2018;070025000012018NE000021;ASSISTENCIA MEDICA;PAGTO NF 175. SERVICOS ODONTOLOGICOS. RETENCAO IMP FED 5,85 (R$ 40,12) E ISS 2,00 (R$ 13,72). PA 1834-28.2016.;070025;TRIBUNAL REGIONAL ELEITORAL DO D. FEDERAL;;;;;;;;0,00;685,87;1.317,90;;;;;;;;;685,87;1.317,90
14107;TRIBUNAL REGIONAL ELEITORAL DO DIST. FEDERAL;070025;TRIBUNAL REGIONAL ELEITORAL DO D. FEDERAL;02301057020040053;2004;ASSISTENCIA MEDICA E ODONTOLOGICA AOS SERVIDORES CIVIS, EMPR;0001;ASSISTENCIA MEDICA E ODONTOLOGICA DE CIVIS - COMPLEMENTACAO DA UNIAO;084780;AMO CREMOD;ASSIST MED ODONT- CREDENCIAMENTO;0100;RECURSOS ORDINARIOS;2;ORCAMENTO DE SEGURIDADE SOCIAL;3;DESPESAS CORRENTES;3;OUTRAS DESPESAS CORRENTES;92;DESPESAS DE EXERCICIOS ANTERIORES;339092;DESPESAS DE EXERCICIOS ANTERIORES;33909239;OUTROS SERVICOS DE TERCEIROS - PJ;3;ESTIMATIVO;08;NAO SE APLICA;-8;03/01/2018;JAN/2018;2018;070025000012018NE000021;ASSISTENCIA MEDICA;PAGTO NF 19318. SERVICOS MEDICOS. RETENCAO IMP FED 5,85 (R$ 52,33) E ISS 2,00 (R$ 17,89). PA 1815-22.2016.;070025;TRIBUNAL REGIONAL ELEITORAL DO D. FEDERAL;;;;;;;;0,00;894,57;894,57;;;;;;;;;894,57;894,57
14107;TRIBUNAL REGIONAL ELEITORAL DO DIST. FEDERAL;070025;TRIBUNAL REGIONAL ELEITORAL DO D. FEDERAL;02301057020040053;2004;ASSISTENCIA MEDICA E ODONTOLOGICA AOS SERVIDORES CIVIS, EMPR;0001;ASSISTENCIA MEDICA E ODONTOLOGICA DE CIVIS - COMPLEMENTACAO DA UNIAO;084780;AMO CREMOD;ASSIST MED ODONT- CREDENCIAMENTO;0100;RECURSOS ORDINARIOS;2;ORCAMENTO DE SEGURIDADE SOCIAL;3;DESPESAS CORRENTES;3;OUTRAS DESPESAS CORRENTES;92;DESPESAS DE EXERCICIOS ANTERIORES;339092;DESPESAS DE EXERCICIOS ANTERIORES;33909239;OUTROS SERVICOS DE TERCEIROS - PJ;3;ESTIMATIVO;08;NAO SE APLICA;-8;03/01/2018;JAN/2018;2018;070025000012018NE000021;ASSISTENCIA MEDICA;PAGTO NF 1988. SERVICOS ODONTOLOGICOS. RETENCAO IMP FED 5,85 (R$ 100,83) E ISS 2,00 (R$ 34,47).PA 1833-43.2016.;070025;TRIBUNAL REGIONAL ELEITORAL DO D. FEDERAL;;;;;;;;0,00;1.723,61;;;;;;;;;;1.723,61;
14107;TRIBUNAL REGIONAL ELEITORAL DO DIST. FEDERAL;070025;TRIBUNAL REGIONAL ELEITORAL DO D. FEDERAL;02301057020040053;2004;ASSISTENCIA MEDICA E ODONTOLOGICA AOS SERVIDORES CIVIS, EMPR;0001;ASSISTENCIA MEDICA E ODONTOLOGICA DE CIVIS - COMPLEMENTACAO DA UNIAO;084780;AMO CREMOD;ASSIST MED ODONT- CREDENCIAMENTO;0100;RECURSOS ORDINARIOS;2;ORCAMENTO DE SEGURIDADE SOCIAL;3;DESPESAS CORRENTES;3;OUTRAS DESPESAS CORRENTES;92;DESPESAS DE EXERCICIOS ANTERIORES;339092;DESPESAS DE EXERCICIOS ANTERIORES;33909239;OUTROS SERVICOS DE TERCEIROS - PJ;3;ESTIMATIVO;08;NAO SE APLICA;-8;03/01/2018;JAN/2018;2018;070025000012018NE000021;ASSISTENCIA MEDICA;PAGTO NF 1988. SERVICOS ODONTOLOGICOS. RETENCAO IMP FED 5,85 (R$ 100,83) E ISS 2,00 (R$ 34,47).PA 6419-89.2017;070025;TRIBUNAL REGIONAL ELEITORAL DO D. FEDERAL;;;;;;;;0,00;1.723,61;1.723,61;;;;;;;;;1.723,61;1.723,61
14107;TRIBUNAL REGIONAL ELEITORAL DO DIST. FEDERAL;070025;TRIBUNAL REGIONAL ELEITORAL DO D. FEDERAL;02301057020040053;2004;ASSISTENCIA MEDICA E ODONTOLOGICA AOS SERVIDORES CIVIS, EMPR;0001;ASSISTENCIA MEDICA E ODONTOLOGICA DE CIVIS - COMPLEMENTACAO DA UNIAO;084780;AMO CREMOD;ASSIST MED ODONT- CREDENCIAMENTO;0100;RECURSOS ORDINARIOS;2;ORCAMENTO DE SEGURIDADE SOCIAL;3;DESPESAS CORRENTES;3;OUTRAS DESPESAS CORRENTES;92;DESPESAS DE EXERCICIOS ANTERIORES;339092;DESPESAS DE EXERCICIOS ANTERIORES;33909239;OUTROS SERVICOS DE TERCEIROS - PJ;3;ESTIMATIVO;08;NAO SE APLICA;-8;03/01/2018;JAN/2018;2018;070025000012018NE000021;ASSISTENCIA MEDICA;PAGTO NF 2010. SERVICOS ODONTOLOGICOS. RETENCAO IMP FED 5,85 (R$ 171,43) E ISS 2,00 (R$ 58,61).PA 6419-89.2017.;070025;TRIBUNAL REGIONAL ELEITORAL DO D. FEDERAL;;;;;;;;0,00;2.930,38;2.930,38;;;;;;;;;2.930,38;2.930,38
14107;TRIBUNAL REGIONAL ELEITORAL DO DIST. FEDERAL;070025;TRIBUNAL REGIONAL ELEITORAL DO D. FEDERAL;02301057020040053;2004;ASSISTENCIA MEDICA E ODONTOLOGICA AOS SERVIDORES CIVIS, EMPR;0001;ASSISTENCIA MEDICA E ODONTOLOGICA DE CIVIS - COMPLEMENTACAO DA UNIAO;084780;AMO CREMOD;ASSIST MED ODONT- CREDENCIAMENTO;0100;RECURSOS ORDINARIOS;2;ORCAMENTO DE SEGURIDADE SOCIAL;3;DESPESAS CORRENTES;3;OUTRAS DESPESAS CORRENTES;92;DESPESAS DE EXERCICIOS ANTERIORES;339092;DESPESAS DE EXERCICIOS ANTERIORES;33909239;OUTROS SERVICOS DE TERCEIROS - PJ;3;ESTIMATIVO;08;NAO SE APLICA;-8;03/01/2018;JAN/2018;2018;070025000012018NE000021;ASSISTENCIA MEDICA;PAGTO NF 2025. REF. SERVICOS MEDICOS. RETENCAO IMP. FED. 5,85 (R$ 5,27) E ISS 2,OO (R$ 1,80). PA 8093-39.2016.;070025;TRIBUNAL REGIONAL ELEITORAL DO D. FEDERAL;;;;;;;;0,00;90,00;90,00;;;;;;;;;90,00;90,00
14107;TRIBUNAL REGIONAL ELEITORAL DO DIST. FEDERAL;070025;TRIBUNAL REGIONAL ELEITORAL DO D. FEDERAL;02301057020040053;2004;ASSISTENCIA MEDICA E ODONTOLOGICA AOS SERVIDORES CIVIS, EMPR;0001;ASSISTENCIA MEDICA E ODONTOLOGICA DE CIVIS - COMPLEMENTACAO DA UNIAO;084780;AMO CREMOD;ASSIST MED ODONT- CREDENCIAMENTO;0100;RECURSOS ORDINARIOS;2;ORCAMENTO DE SEGURIDADE SOCIAL;3;DESPESAS CORRENTES;3;OUTRAS DESPESAS CORRENTES;92;DESPESAS DE EXERCICIOS ANTERIORES;339092;DESPESAS DE EXERCICIOS ANTERIORES;33909239;OUTROS SERVICOS DE TERCEIROS - PJ;3;ESTIMATIVO;08;NAO SE APLICA;-8;03/01/2018;JAN/2018;2018;070025000012018NE000021;ASSISTENCIA MEDICA;PAGTO NF 203. SERVICOS MEDICOS. RETENCAO 5,85 IMP FED (R$ 13,28) E 2,00 ISS (R$ 4,54). PA 1660-19.2016;070025;TRIBUNAL REGIONAL ELEITORAL DO D. FEDERAL;;;;;;;;0,00;227,04;227,04;;;;;;;;;227,04;227,04
14107;TRIBUNAL REGIONAL ELEITORAL DO DIST. FEDERAL;070025;TRIBUNAL REGIONAL ELEITORAL DO D. FEDERAL;02301057020040053;2004;ASSISTENCIA MEDICA E ODONTOLOGICA AOS SERVIDORES CIVIS, EMPR;0001;ASSISTENCIA MEDICA E ODONTOLOGICA DE CIVIS - COMPLEMENTACAO DA UNIAO;084780;AMO CREMOD;ASSIST MED ODONT- CREDENCIAMENTO;0100;RECURSOS ORDINARIOS;2;ORCAMENTO DE SEGURIDADE SOCIAL;3;DESPESAS CORRENTES;3;OUTRAS DESPESAS CORRENTES;92;DESPESAS DE EXERCICIOS ANTERIORES;339092;DESPESAS DE EXERCICIOS ANTERIORES;33909239;OUTROS SERVICOS DE TERCEIROS - PJ;3;ESTIMATIVO;08;NAO SE APLICA;-8;03/01/2018;JAN/2018;2018;070025000012018NE000021;ASSISTENCIA MEDICA;PAGTO NF 21117, 21222, 21394. SERVICOS MEDICOS. RETENCAO IMP FED 5,85 (R$ 435,92) E ISS 2,00 (R$ 149,03). PA 1823-96.2016.;070025;TRIBUNAL REGIONAL ELEITORAL DO D. FEDERAL;;;;;;;;0,00;7.451,64;7.451,64;;;;;;;;;7.451,64;7.451,64
14107;TRIBUNAL REGIONAL ELEITORAL DO DIST. FEDERAL;070025;TRIBUNAL REGIONAL ELEITORAL DO D. FEDERAL;02301057020040053;2004;ASSISTENCIA MEDICA E ODONTOLOGICA AOS SERVIDORES CIVIS, EMPR;0001;ASSISTENCIA MEDICA E ODONTOLOGICA DE CIVIS - COMPLEMENTACAO DA UNIAO;084780;AMO CREMOD;ASSIST MED ODONT- CREDENCIAMENTO;0100;RECURSOS ORDINARIOS;2;ORCAMENTO DE SEGURIDADE SOCIAL;3;DESPESAS CORRENTES;3;OUTRAS DESPESAS CORRENTES;92;DESPESAS DE EXERCICIOS ANTERIORES;339092;DESPESAS DE EXERCICIOS ANTERIORES;33909239;OUTROS SERVICOS DE TERCEIROS - PJ;3;ESTIMATIVO;08;NAO SE APLICA;-8;03/01/2018;JAN/2018;2018;070025000012018NE000021;ASSISTENCIA MEDICA;PAGTO NF 21256. SERVICOS MEDICOS. RETENCAO 5,85 IMP FED (R$ 25,61) E 2,00 ISS (R$ 8,76). PA 1777-10.2016.;070025;TRIBUNAL REGIONAL ELEITORAL DO D. FEDERAL;;;;;;;;0,00;347,76;347,76;;;;;;;;;347,76;347,76
14107;TRIBUNAL REGIONAL ELEITORAL DO DIST. FEDERAL;070025;TRIBUNAL REGIONAL ELEITORAL DO D. FEDERAL;02301057020040053;2004;ASSISTENCIA MEDICA E ODONTOLOGICA AOS SERVIDORES CIVIS, EMPR;0001;ASSISTENCIA MEDICA E ODONTOLOGICA DE CIVIS - COMPLEMENTACAO DA UNIAO;084780;AMO CREMOD;ASSIST MED ODONT- CREDENCIAMENTO;0100;RECURSOS ORDINARIOS;2;ORCAMENTO DE SEGURIDADE SOCIAL;3;DESPESAS CORRENTES;3;OUTRAS DESPESAS CORRENTES;92;DESPESAS DE EXERCICIOS ANTERIORES;339092;DESPESAS DE EXERCICIOS ANTERIORES;33909239;OUTROS SERVICOS DE TERCEIROS - PJ;3;ESTIMATIVO;08;NAO SE APLICA;-8;03/01/2018;JAN/2018;2018;070025000012018NE000021;ASSISTENCIA MEDICA;PAGTO NF 2134. SERVICOS ODONTOLOGICOS. RETENCAO IMP FED 5,85 (R$ 133,43) E ISS 2,00 (R$ 45,62). PA 6419-89.2017.;070025;TRIBUNAL REGIONAL ELEITORAL DO D. FEDERAL;;;;;;;;0,00;2.280,79;2.280,79;;;;;;;;;2.280,79;2.280,79
14107;TRIBUNAL REGIONAL ELEITORAL DO DIST. FEDERAL;070025;TRIBUNAL REGIONAL ELEITORAL DO D. FEDERAL;02301057020040053;2004;ASSISTENCIA MEDICA E ODONTOLOGICA AOS SERVIDORES CIVIS, EMPR;0001;ASSISTENCIA MEDICA E ODONTOLOGICA DE CIVIS - COMPLEMENTACAO DA UNIAO;084780;AMO CREMOD;ASSIST MED ODONT- CREDENCIAMENTO;0100;RECURSOS ORDINARIOS;2;ORCAMENTO DE SEGURIDADE SOCIAL;3;DESPESAS CORRENTES;3;OUTRAS DESPESAS CORRENTES;92;DESPESAS DE EXERCICIOS ANTERIORES;339092;DESPESAS DE EXERCICIOS ANTERIORES;33909239;OUTROS SERVICOS DE TERCEIROS - PJ;3;ESTIMATIVO;08;NAO SE APLICA;-8;03/01/2018;JAN/2018;2018;070025000012018NE000021;ASSISTENCIA MEDICA;PAGTO NF 2191. SERVICO MEDICO. RETENCAO IMP FED 5,85 (R$ 105,38) E ISS 2,00 (R$ 36,03). PA 2031-80.2016.;070025;TRIBUNAL REGIONAL ELEITORAL DO D. FEDERAL;;;;;;;;0,00;1.801,33;1.801,33;;;;;;;;;1.801,33;1.801,33
14107;TRIBUNAL REGIONAL ELEITORAL DO DIST. FEDERAL;070025;TRIBUNAL REGIONAL ELEITORAL DO D. FEDERAL;02301057020040053;2004;ASSISTENCIA MEDICA E ODONTOLOGICA AOS SERVIDORES CIVIS, EMPR;0001;ASSISTENCIA MEDICA E ODONTOLOGICA DE CIVIS - COMPLEMENTACAO DA UNIAO;084780;AMO CREMOD;ASSIST MED ODONT- CREDENCIAMENTO;0100;RECURSOS ORDINARIOS;2;ORCAMENTO DE SEGURIDADE SOCIAL;3;DESPESAS CORRENTES;3;OUTRAS DESPESAS CORRENTES;92;DESPESAS DE EXERCICIOS ANTERIORES;339092;DESPESAS DE EXERCICIOS ANTERIORES;33909239;OUTROS SERVICOS DE TERCEIROS - PJ;3;ESTIMATIVO;08;NAO SE APLICA;-8;03/01/2018;JAN/2018;2018;070025000012018NE000021;ASSISTENCIA MEDICA;PAGTO NF 237. SERVICOS ODONTOLOGICOS.PGTO LIQUIDO RETENCAO JA REALIZADA. OPTANTE PELO SIMPLES NACIONAL. PA 2996-58.2016.6.07.8100;070025;TRIBUNAL REGIONAL ELEITORAL DO D. FEDERAL;;;;;;;;0,00;1.301,68;1.301,68;;;;;;;;;1.301,68;1.301,68
14107;TRIBUNAL REGIONAL ELEITORAL DO DIST. FEDERAL;070025;TRIBUNAL REGIONAL ELEITORAL DO D. FEDERAL;02301057020040053;2004;ASSISTENCIA MEDICA E ODONTOLOGICA AOS SERVIDORES CIVIS, EMPR;0001;ASSISTENCIA MEDICA E ODONTOLOGICA DE CIVIS - COMPLEMENTACAO DA UNIAO;084780;AMO CREMOD;ASSIST MED ODONT- CREDENCIAMENTO;0100;RECURSOS ORDINARIOS;2;ORCAMENTO DE SEGURIDADE SOCIAL;3;DESPESAS CORRENTES;3;OUTRAS DESPESAS CORRENTES;92;DESPESAS DE EXERCICIOS ANTERIORES;339092;DESPESAS DE EXERCICIOS ANTERIORES;33909239;OUTROS SERVICOS DE TERCEIROS - PJ;3;ESTIMATIVO;08;NAO SE APLICA;-8;03/01/2018;JAN/2018;2018;070025000012018NE000021;ASSISTENCIA MEDICA;PAGTO NF 2375. REF. SERVICOS MEDICOS. RETENCAO IMP. FED. 5,85 (R$ 45,53) E ISS 2,00 (R$ 15,57). PA 2598-14.2016.;070025;TRIBUNAL REGIONAL ELEITORAL DO D. FEDERAL;;;;;;;;0,00;778,32;778,32;;;;;;;;;778,32;778,32
14107;TRIBUNAL REGIONAL ELEITORAL DO DIST. FEDERAL;070025;TRIBUNAL REGIONAL ELEITORAL DO D. FEDERAL;02301057020040053;2004;ASSISTENCIA MEDICA E ODONTOLOGICA AOS SERVIDORES CIVIS, EMPR;0001;ASSISTENCIA MEDICA E ODONTOLOGICA DE CIVIS - COMPLEMENTACAO DA UNIAO;084780;AMO CREMOD;ASSIST MED ODONT- CREDENCIAMENTO;0100;RECURSOS ORDINARIOS;2;ORCAMENTO DE SEGURIDADE SOCIAL;3;DESPESAS CORRENTES;3;OUTRAS DESPESAS CORRENTES;92;DESPESAS DE EXERCICIOS ANTERIORES;339092;DESPESAS DE EXERCICIOS ANTERIORES;33909239;OUTROS SERVICOS DE TERCEIROS - PJ;3;ESTIMATIVO;08;NAO SE APLICA;-8;03/01/2018;JAN/2018;2018;070025000012018NE000021;ASSISTENCIA MEDICA;PAGTO NF 24211. SERVICOS MEDICOS. RETENCAO IMP FED 5,85 (R$ 541,26) E ISS 2,00 (R$ 185,05). PA 2650-10.2016.;070025;TRIBUNAL REGIONAL ELEITORAL DO D. FEDERAL;;;;;;;;0,00;9.252,28;9.252,28;;;;;;;;;9.252,28;9.252,28
14107;TRIBUNAL REGIONAL ELEITORAL DO DIST. FEDERAL;070025;TRIBUNAL REGIONAL ELEITORAL DO D. FEDERAL;02301057020040053;2004;ASSISTENCIA MEDICA E ODONTOLOGICA AOS SERVIDORES CIVIS, EMPR;0001;ASSISTENCIA MEDICA E ODONTOLOGICA DE CIVIS - COMPLEMENTACAO DA UNIAO;084780;AMO CREMOD;ASSIST MED ODONT- CREDENCIAMENTO;0100;RECURSOS ORDINARIOS;2;ORCAMENTO DE SEGURIDADE SOCIAL;3;DESPESAS CORRENTES;3;OUTRAS DESPESAS CORRENTES;92;DESPESAS DE EXERCICIOS ANTERIORES;339092;DESPESAS DE EXERCICIOS ANTERIORES;33909239;OUTROS SERVICOS DE TERCEIROS - PJ;3;ESTIMATIVO;08;NAO SE APLICA;-8;03/01/2018;JAN/2018;2018;070025000012018NE000021;ASSISTENCIA MEDICA;PAGTO NF 252. SERVICOS ODONTOLOGICOS. RETENCAO 2,00 ISS (R$ 20,63). OPTANTE PELO SIMPLES NACIONAL. PA 2996-58.2016.6.07.8100;070025;TRIBUNAL REGIONAL ELEITORAL DO D. FEDERAL;;;;;;;;0,00;1.031,59;1.031,59;;;;;;;;;1.031,59;1.031,59
14107;TRIBUNAL REGIONAL ELEITORAL DO DIST. FEDERAL;070025;TRIBUNAL REGIONAL ELEITORAL DO D. FEDERAL;02301057020040053;2004;ASSISTENCIA MEDICA E ODONTOLOGICA AOS SERVIDORES CIVIS, EMPR;0001;ASSISTENCIA MEDICA E ODONTOLOGICA DE CIVIS - COMPLEMENTACAO DA UNIAO;084780;AMO CREMOD;ASSIST MED ODONT- CREDENCIAMENTO;0100;RECURSOS ORDINARIOS;2;ORCAMENTO DE SEGURIDADE SOCIAL;3;DESPESAS CORRENTES;3;OUTRAS DESPESAS CORRENTES;92;DESPESAS DE EXERCICIOS ANTERIORES;339092;DESPESAS DE EXERCICIOS ANTERIORES;33909239;OUTROS SERVICOS DE TERCEIROS - PJ;3;ESTIMATIVO;08;NAO SE APLICA;-8;03/01/2018;JAN/2018;2018;070025000012018NE000021;ASSISTENCIA MEDICA;PAGTO NF 2525. SERVICO MEDICO. RET. IMP. FED. 5,85 (R$ 177,49) E ISS 2,00 (R$ 60,68). PA 4873-96.2017.6.07.8100.;070025;TRIBUNAL REGIONAL ELEITORAL DO D. FEDERAL;;;;;;;;0,00;3.034,05;3.034,05;;;;;;;;;3.034,05;3.034,05
14107;TRIBUNAL REGIONAL ELEITORAL DO DIST. FEDERAL;070025;TRIBUNAL REGIONAL ELEITORAL DO D. FEDERAL;02301057020040053;2004;ASSISTENCIA MEDICA E ODONTOLOGICA AOS SERVIDORES CIVIS, EMPR;0001;ASSISTENCIA MEDICA E ODONTOLOGICA DE CIVIS - COMPLEMENTACAO DA UNIAO;084780;AMO CREMOD;ASSIST MED ODONT- CREDENCIAMENTO;0100;RECURSOS ORDINARIOS;2;ORCAMENTO DE SEGURIDADE SOCIAL;3;DESPESAS CORRENTES;3;OUTRAS DESPESAS CORRENTES;92;DESPESAS DE EXERCICIOS ANTERIORES;339092;DESPESAS DE EXERCICIOS ANTERIORES;33909239;OUTROS SERVICOS DE TERCEIROS - PJ;3;ESTIMATIVO;08;NAO SE APLICA;-8;03/01/2018;JAN/2018;2018;070025000012018NE000021;ASSISTENCIA MEDICA;PAGTO NF 2534,2584. SERVICOS MEDICOS. RETENCAO 5,85 IMP FED (R$ 134,45) E 2,00 ISS (R$ 45,97). PA 2467-39.2016.;070025;TRIBUNAL REGIONAL ELEITORAL DO D. FEDERAL;;;;;;;;0,00;2.298,28;2.298,28;;;;;;;;;2.298,28;2.298,28
14107;TRIBUNAL REGIONAL ELEITORAL DO DIST. FEDERAL;070025;TRIBUNAL REGIONAL ELEITORAL DO D. FEDERAL;02301057020040053;2004;ASSISTENCIA MEDICA E ODONTOLOGICA AOS SERVIDORES CIVIS, EMPR;0001;ASSISTENCIA MEDICA E ODONTOLOGICA DE CIVIS - COMPLEMENTACAO DA UNIAO;084780;AMO CREMOD;ASSIST MED ODONT- CREDENCIAMENTO;0100;RECURSOS ORDINARIOS;2;ORCAMENTO DE SEGURIDADE SOCIAL;3;DESPESAS CORRENTES;3;OUTRAS DESPESAS CORRENTES;92;DESPESAS DE EXERCICIOS ANTERIORES;339092;DESPESAS DE EXERCICIOS ANTERIORES;33909239;OUTROS SERVICOS DE TERCEIROS - PJ;3;ESTIMATIVO;08;NAO SE APLICA;-8;03/01/2018;JAN/2018;2018;070025000012018NE000021;ASSISTENCIA MEDICA;PAGTO NF 257. ASSISTENCIA MEDICO-HOSPITALAR. RET. IMP.FED. 5,85 (R$ 15,80) E ISS 2,00 (R$ 5,40). PA 2171-17.2016.;070025;TRIBUNAL REGIONAL ELEITORAL DO D. FEDERAL;;;;;;;;0,00;270,00;270,00;;;;;;;;;270,00;270,00
14107;TRIBUNAL REGIONAL ELEITORAL DO DIST. FEDERAL;070025;TRIBUNAL REGIONAL ELEITORAL DO D. FEDERAL;02301057020040053;2004;ASSISTENCIA MEDICA E ODONTOLOGICA AOS SERVIDORES CIVIS, EMPR;0001;ASSISTENCIA MEDICA E ODONTOLOGICA DE CIVIS - COMPLEMENTACAO DA UNIAO;084780;AMO CREMOD;ASSIST MED ODONT- CREDENCIAMENTO;0100;RECURSOS ORDINARIOS;2;ORCAMENTO DE SEGURIDADE SOCIAL;3;DESPESAS CORRENTES;3;OUTRAS DESPESAS CORRENTES;92;DESPESAS DE EXERCICIOS ANTERIORES;339092;DESPESAS DE EXERCICIOS ANTERIORES;33909239;OUTROS SERVICOS DE TERCEIROS - PJ;3;ESTIMATIVO;08;NAO SE APLICA;-8;03/01/2018;JAN/2018;2018;070025000012018NE000021;ASSISTENCIA MEDICA;PAGTO NF 26.908. SERVICOS MEDICOS. RETENCAO IMP FED 5,85 (R$ 319,41 ) E ISS 2,00 (R$ 109,20). PA 2493-37.2016.6.07.8100.;070025;TRIBUNAL REGIONAL ELEITORAL DO D. FEDERAL;;;;;;;;0,00;5.460,00;5.460,00;;;;;;;;;5.460,00;5.460,00
14107;TRIBUNAL REGIONAL ELEITORAL DO DIST. FEDERAL;070025;TRIBUNAL REGIONAL ELEITORAL DO D. FEDERAL;02301057020040053;2004;ASSISTENCIA MEDICA E ODONTOLOGICA AOS SERVIDORES CIVIS, EMPR;0001;ASSISTENCIA MEDICA E ODONTOLOGICA DE CIVIS - COMPLEMENTACAO DA UNIAO;084780;AMO CREMOD;ASSIST MED ODONT- CREDENCIAMENTO;0100;RECURSOS ORDINARIOS;2;ORCAMENTO DE SEGURIDADE SOCIAL;3;DESPESAS CORRENTES;3;OUTRAS DESPESAS CORRENTES;92;DESPESAS DE EXERCICIOS ANTERIORES;339092;DESPESAS DE EXERCICIOS ANTERIORES;33909239;OUTROS SERVICOS DE TERCEIROS - PJ;3;ESTIMATIVO;08;NAO SE APLICA;-8;03/01/2018;JAN/2018;2018;070025000012018NE000021;ASSISTENCIA MEDICA;PAGTO NF 2667. SERVICOS MEDICOS. RETENCAO 5,85 IMP FED (R$ 56,50) E 2,00 ISS (R$ 19,32). PA 2467-39.2016.;070025;TRIBUNAL REGIONAL ELEITORAL DO D. FEDERAL;;;;;;;;0,00;965,80;965,80;;;;;;;;;965,80;965,80
14107;TRIBUNAL REGIONAL ELEITORAL DO DIST. FEDERAL;070025;TRIBUNAL REGIONAL ELEITORAL DO D. FEDERAL;02301057020040053;2004;ASSISTENCIA MEDICA E ODONTOLOGICA AOS SERVIDORES CIVIS, EMPR;0001;ASSISTENCIA MEDICA E ODONTOLOGICA DE CIVIS - COMPLEMENTACAO DA UNIAO;084780;AMO CREMOD;ASSIST MED ODONT- CREDENCIAMENTO;0100;RECURSOS ORDINARIOS;2;ORCAMENTO DE SEGURIDADE SOCIAL;3;DESPESAS CORRENTES;3;OUTRAS DESPESAS CORRENTES;92;DESPESAS DE EXERCICIOS ANTERIORES;339092;DESPESAS DE EXERCICIOS ANTERIORES;33909239;OUTROS SERVICOS DE TERCEIROS - PJ;3;ESTIMATIVO;08;NAO SE APLICA;-8;03/01/2018;JAN/2018;2018;070025000012018NE000021;ASSISTENCIA MEDICA;PAGTO NF 2737. SERVICOS MEDICOS. RET. IMP. FED. 5,85 (R$ 20,42) E ISS (R$ 6,98). PA 5336-38.2017.;070025;TRIBUNAL REGIONAL ELEITORAL DO D. FEDERAL;;;;;;;;0,00;349,12;349,12;;;;;;;;;349,12;349,12
14107;TRIBUNAL REGIONAL ELEITORAL DO DIST. FEDERAL;070025;TRIBUNAL REGIONAL ELEITORAL DO D. FEDERAL;02301057020040053;2004;ASSISTENCIA MEDICA E ODONTOLOGICA AOS SERVIDORES CIVIS, EMPR;0001;ASSISTENCIA MEDICA E ODONTOLOGICA DE CIVIS - COMPLEMENTACAO DA UNIAO;084780;AMO CREMOD;ASSIST MED ODONT- CREDENCIAMENTO;0100;RECURSOS ORDINARIOS;2;ORCAMENTO DE SEGURIDADE SOCIAL;3;DESPESAS CORRENTES;3;OUTRAS DESPESAS CORRENTES;92;DESPESAS DE EXERCICIOS ANTERIORES;339092;DESPESAS DE EXERCICIOS ANTERIORES;33909239;OUTROS SERVICOS DE TERCEIROS - PJ;3;ESTIMATIVO;08;NAO SE APLICA;-8;03/01/2018;JAN/2018;2018;070025000012018NE000021;ASSISTENCIA MEDICA;PAGTO NF 28115. SERVICOS MEDICOS. RETENCAO IMP FED 5,85 (R$ 46,81 ) E ISS 2,00 (R$ 16,00). PA 2493-37.2016.6.07.8100.;070025;TRIBUNAL REGIONAL ELEITORAL DO D. FEDERAL;;;;;;;;0,00;121,46;121,46;;;;;;;;;121,46;121,46
14107;TRIBUNAL REGIONAL ELEITORAL DO DIST. FEDERAL;070025;TRIBUNAL REGIONAL ELEITORAL DO D. FEDERAL;02301057020040053;2004;ASSISTENCIA MEDICA E ODONTOLOGICA AOS SERVIDORES CIVIS, EMPR;0001;ASSISTENCIA MEDICA E ODONTOLOGICA DE CIVIS - COMPLEMENTACAO DA UNIAO;084780;AMO CREMOD;ASSIST MED ODONT- CREDENCIAMENTO;0100;RECURSOS ORDINARIOS;2;ORCAMENTO DE SEGURIDADE SOCIAL;3;DESPESAS CORRENTES;3;OUTRAS DESPESAS CORRENTES;92;DESPESAS DE EXERCICIOS ANTERIORES;339092;DESPESAS DE EXERCICIOS ANTERIORES;33909239;OUTROS SERVICOS DE TERCEIROS - PJ;3;ESTIMATIVO;08;NAO SE APLICA;-8;03/01/2018;JAN/2018;2018;070025000012018NE000021;ASSISTENCIA MEDICA;PAGTO NF 2823. SERVICO MEDICO. RET. IMP. FED. 5,85 (R$ 6,69) E ISS 2,00 (R$ 2,29). PA 4873-96.2017.6.07.8100.;070025;TRIBUNAL REGIONAL ELEITORAL DO D. FEDERAL;;;;;;;;0,00;114,40;114,40;;;;;;;;;114,40;114,40
14107;TRIBUNAL REGIONAL ELEITORAL DO DIST. FEDERAL;070025;TRIBUNAL REGIONAL ELEITORAL DO D. FEDERAL;02301057020040053;2004;ASSISTENCIA MEDICA E ODONTOLOGICA AOS SERVIDORES CIVIS, EMPR;0001;ASSISTENCIA MEDICA E ODONTOLOGICA DE CIVIS - COMPLEMENTACAO DA UNIAO;084780;AMO CREMOD;ASSIST MED ODONT- CREDENCIAMENTO;0100;RECURSOS ORDINARIOS;2;ORCAMENTO DE SEGURIDADE SOCIAL;3;DESPESAS CORRENTES;3;OUTRAS DESPESAS CORRENTES;92;DESPESAS DE EXERCICIOS ANTERIORES;339092;DESPESAS DE EXERCICIOS ANTERIORES;33909239;OUTROS SERVICOS DE TERCEIROS - PJ;3;ESTIMATIVO;08;NAO SE APLICA;-8;03/01/2018;JAN/2018;2018;070025000012018NE000021;ASSISTENCIA MEDICA;PAGTO NF 2846. REF. SERVICOS MEDICOS. RETENCAO IMP. FED. 5,85 (R$ 4,52) E ISS 2,00 (R$ 1,55). PA 8158-34.2016.;070025;TRIBUNAL REGIONAL ELEITORAL DO D. FEDERAL;;;;;;;;0,00;77,27;6,07;;;;;;;;;77,27;6,07
14107;TRIBUNAL REGIONAL ELEITORAL DO DIST. FEDERAL;070025;TRIBUNAL REGIONAL ELEITORAL DO D. FEDERAL;02301057020040053;2004;ASSISTENCIA MEDICA E ODONTOLOGICA AOS SERVIDORES CIVIS, EMPR;0001;ASSISTENCIA MEDICA E ODONTOLOGICA DE CIVIS - COMPLEMENTACAO DA UNIAO;084780;AMO CREMOD;ASSIST MED ODONT- CREDENCIAMENTO;0100;RECURSOS ORDINARIOS;2;ORCAMENTO DE SEGURIDADE SOCIAL;3;DESPESAS CORRENTES;3;OUTRAS DESPESAS CORRENTES;92;DESPESAS DE EXERCICIOS ANTERIORES;339092;DESPESAS DE EXERCICIOS ANTERIORES;33909239;OUTROS SERVICOS DE TERCEIROS - PJ;3;ESTIMATIVO;08;NAO SE APLICA;-8;03/01/2018;JAN/2018;2018;070025000012018NE000021;ASSISTENCIA MEDICA;PAGTO NF 2846. REF. SERVICOS MEDICOS. RETENCAO IMP. FED. 5,85 (R$ 4,52) E ISS 2,OO (R$ 1,55). PA 8158-34.2016.;070025;TRIBUNAL REGIONAL ELEITORAL DO D. FEDERAL;;;;;;;;0,00;77,27;;;;;;;;;;77,27;
14107;TRIBUNAL REGIONAL ELEITORAL DO DIST. FEDERAL;070025;TRIBUNAL REGIONAL ELEITORAL DO D. FEDERAL;02301057020040053;2004;ASSISTENCIA MEDICA E ODONTOLOGICA AOS SERVIDORES CIVIS, EMPR;0001;ASSISTENCIA MEDICA E ODONTOLOGICA DE CIVIS - COMPLEMENTACAO DA UNIAO;084780;AMO CREMOD;ASSIST MED ODONT- CREDENCIAMENTO;0100;RECURSOS ORDINARIOS;2;ORCAMENTO DE SEGURIDADE SOCIAL;3;DESPESAS CORRENTES;3;OUTRAS DESPESAS CORRENTES;92;DESPESAS DE EXERCICIOS ANTERIORES;339092;DESPESAS DE EXERCICIOS ANTERIORES;33909239;OUTROS SERVICOS DE TERCEIROS - PJ;3;ESTIMATIVO;08;NAO SE APLICA;-8;03/01/2018;JAN/2018;2018;070025000012018NE000021;ASSISTENCIA MEDICA;PAGTO NF 2846. REF. SERVICOS MEDICOS. RETENCAO IMP. FED. 5,85 (R$ 58,20) E ISS 2,00 (R$ 19.90). PA 8158-34.2016.;070025;TRIBUNAL REGIONAL ELEITORAL DO D. FEDERAL;;;;;;;;0,00;0,00;71,20;;;;;;;;;0,00;71,20
14107;TRIBUNAL REGIONAL ELEITORAL DO DIST. FEDERAL;070025;TRIBUNAL REGIONAL ELEITORAL DO D. FEDERAL;02301057020040053;2004;ASSISTENCIA MEDICA E ODONTOLOGICA AOS SERVIDORES CIVIS, EMPR;0001;ASSISTENCIA MEDICA E ODONTOLOGICA DE CIVIS - COMPLEMENTACAO DA UNIAO;084780;AMO CREMOD;ASSIST MED ODONT- CREDENCIAMENTO;0100;RECURSOS ORDINARIOS;2;ORCAMENTO DE SEGURIDADE SOCIAL;3;DESPESAS CORRENTES;3;OUTRAS DESPESAS CORRENTES;92;DESPESAS DE EXERCICIOS ANTERIORES;339092;DESPESAS DE EXERCICIOS ANTERIORES;33909239;OUTROS SERVICOS DE TERCEIROS - PJ;3;ESTIMATIVO;08;NAO SE APLICA;-8;03/01/2018;JAN/2018;2018;070025000012018NE000021;ASSISTENCIA MEDICA;PAGTO NF 3031. SERVICO MEDICO. RET. IMP. FED. 5,85 (R$ 17,93) E ISS 2,00 (R$ 6,13). PA 4873-96.2017.6.07.8100.;070025;TRIBUNAL REGIONAL ELEITORAL DO D. FEDERAL;;;;;;;;0,00;306,42;306,42;;;;;;;;;306,42;306,42
14107;TRIBUNAL REGIONAL ELEITORAL DO DIST. FEDERAL;070025;TRIBUNAL REGIONAL ELEITORAL DO D. FEDERAL;02301057020040053;2004;ASSISTENCIA MEDICA E ODONTOLOGICA AOS SERVIDORES CIVIS, EMPR;0001;ASSISTENCIA MEDICA E ODONTOLOGICA DE CIVIS - COMPLEMENTACAO DA UNIAO;084780;AMO CREMOD;ASSIST MED ODONT- CREDENCIAMENTO;0100;RECURSOS ORDINARIOS;2;ORCAMENTO DE SEGURIDADE SOCIAL;3;DESPESAS CORRENTES;3;OUTRAS DESPESAS CORRENTES;92;DESPESAS DE EXERCICIOS ANTERIORES;339092;DESPESAS DE EXERCICIOS ANTERIORES;33909239;OUTROS SERVICOS DE TERCEIROS - PJ;3;ESTIMATIVO;08;NAO SE APLICA;-8;03/01/2018;JAN/2018;2018;070025000012018NE000021;ASSISTENCIA MEDICA;PAGTO NF 3138. SERVICOS ODONTOLOGICOS. RETENCAO 5,85 IMP FED (R$ 27,35). EMPRESA UNIPROFISSIONAL. PA 2341-86.2016.;070025;TRIBUNAL REGIONAL ELEITORAL DO D. FEDERAL;;;;;;;;0,00;467,53;467,53;;;;;;;;;467,53;467,53
14107;TRIBUNAL REGIONAL ELEITORAL DO DIST. FEDERAL;070025;TRIBUNAL REGIONAL ELEITORAL DO D. FEDERAL;02301057020040053;2004;ASSISTENCIA MEDICA E ODONTOLOGICA AOS SERVIDORES CIVIS, EMPR;0001;ASSISTENCIA MEDICA E ODONTOLOGICA DE CIVIS - COMPLEMENTACAO DA UNIAO;084780;AMO CREMOD;ASSIST MED ODONT- CREDENCIAMENTO;0100;RECURSOS ORDINARIOS;2;ORCAMENTO DE SEGURIDADE SOCIAL;3;DESPESAS CORRENTES;3;OUTRAS DESPESAS CORRENTES;92;DESPESAS DE EXERCICIOS ANTERIORES;339092;DESPESAS DE EXERCICIOS ANTERIORES;33909239;OUTROS SERVICOS DE TERCEIROS - PJ;3;ESTIMATIVO;08;NAO SE APLICA;-8;03/01/2018;JAN/2018;2018;070025000012018NE000021;ASSISTENCIA MEDICA;PAGTO NF 3260. SERVICOS ODONTOLOGICOS. RETENCAO 5,85 IMP FED (R$ 28,87). SOCIEDADE UNIPROFISSIONAL. PA 2341-86.2016.;070025;TRIBUNAL REGIONAL ELEITORAL DO D. FEDERAL;;;;;;;;0,00;493,57;493,57;;;;;;;;;493,57;493,57
14107;TRIBUNAL REGIONAL ELEITORAL DO DIST. FEDERAL;070025;TRIBUNAL REGIONAL ELEITORAL DO D. FEDERAL;02301057020040053;2004;ASSISTENCIA MEDICA E ODONTOLOGICA AOS SERVIDORES CIVIS, EMPR;0001;ASSISTENCIA MEDICA E ODONTOLOGICA DE CIVIS - COMPLEMENTACAO DA UNIAO;084780;AMO CREMOD;ASSIST MED ODONT- CREDENCIAMENTO;0100;RECURSOS ORDINARIOS;2;ORCAMENTO DE SEGURIDADE SOCIAL;3;DESPESAS CORRENTES;3;OUTRAS DESPESAS CORRENTES;92;DESPESAS DE EXERCICIOS ANTERIORES;339092;DESPESAS DE EXERCICIOS ANTERIORES;33909239;OUTROS SERVICOS DE TERCEIROS - PJ;3;ESTIMATIVO;08;NAO SE APLICA;-8;03/01/2018;JAN/2018;2018;070025000012018NE000021;ASSISTENCIA MEDICA;PAGTO NF 34545. SERVICOS MEDICOS ODONTOLOGICOS. RETENCAO IMP FED 5,85 (R$ 8,43) E ISS 2,00 (R$ 2,88). PA 1604-83.2016.;070025;TRIBUNAL REGIONAL ELEITORAL DO D. FEDERAL;;;;;;;;0,00;144,15;144,15;;;;;;;;;144,15;144,15
14107;TRIBUNAL REGIONAL ELEITORAL DO DIST. FEDERAL;070025;TRIBUNAL REGIONAL ELEITORAL DO D. FEDERAL;02301057020040053;2004;ASSISTENCIA MEDICA E ODONTOLOGICA AOS SERVIDORES CIVIS, EMPR;0001;ASSISTENCIA MEDICA E ODONTOLOGICA DE CIVIS - COMPLEMENTACAO DA UNIAO;084780;AMO CREMOD;ASSIST MED ODONT- CREDENCIAMENTO;0100;RECURSOS ORDINARIOS;2;ORCAMENTO DE SEGURIDADE SOCIAL;3;DESPESAS CORRENTES;3;OUTRAS DESPESAS CORRENTES;92;DESPESAS DE EXERCICIOS ANTERIORES;339092;DESPESAS DE EXERCICIOS ANTERIORES;33909239;OUTROS SERVICOS DE TERCEIROS - PJ;3;ESTIMATIVO;08;NAO SE APLICA;-8;03/01/2018;JAN/2018;2018;070025000012018NE000021;ASSISTENCIA MEDICA;PAGTO NF 3487. SERVICOS MEDICOS. ISENTA RETENCAO IMP FED (ENTIDADE SEM FINS LUCRATIVOS). IMUNE RETENCAO ISS. PA 144-90.2018.;070025;TRIBUNAL REGIONAL ELEITORAL DO D. FEDERAL;;;;;;;;0,00;819,54;819,54;;;;;;;;;819,54;819,54
14107;TRIBUNAL REGIONAL ELEITORAL DO DIST. FEDERAL;070025;TRIBUNAL REGIONAL ELEITORAL DO D. FEDERAL;02301057020040053;2004;ASSISTENCIA MEDICA E ODONTOLOGICA AOS SERVIDORES CIVIS, EMPR;0001;ASSISTENCIA MEDICA E ODONTOLOGICA DE CIVIS - COMPLEMENTACAO DA UNIAO;084780;AMO CREMOD;ASSIST MED ODONT- CREDENCIAMENTO;0100;RECURSOS ORDINARIOS;2;ORCAMENTO DE SEGURIDADE SOCIAL;3;DESPESAS CORRENTES;3;OUTRAS DESPESAS CORRENTES;92;DESPESAS DE EXERCICIOS ANTERIORES;339092;DESPESAS DE EXERCICIOS ANTERIORES;33909239;OUTROS SERVICOS DE TERCEIROS - PJ;3;ESTIMATIVO;08;NAO SE APLICA;-8;03/01/2018;JAN/2018;2018;070025000012018NE000021;ASSISTENCIA MEDICA;PAGTO NF 36917. SERVICOS MEDICOS. RETENCAO IMP. FE. 5,85 (R$ 24,27) E ISS 2,00 (R$ 8,30). PA 2081-09.2016.;070025;TRIBUNAL REGIONAL ELEITORAL DO D. FEDERAL;;;;;;;;0,00;414,87;414,87;;;;;;;;;414,87;414,87
14107;TRIBUNAL REGIONAL ELEITORAL DO DIST. FEDERAL;070025;TRIBUNAL REGIONAL ELEITORAL DO D. FEDERAL;02301057020040053;2004;ASSISTENCIA MEDICA E ODONTOLOGICA AOS SERVIDORES CIVIS, EMPR;0001;ASSISTENCIA MEDICA E ODONTOLOGICA DE CIVIS - COMPLEMENTACAO DA UNIAO;084780;AMO CREMOD;ASSIST MED ODONT- CREDENCIAMENTO;0100;RECURSOS ORDINARIOS;2;ORCAMENTO DE SEGURIDADE SOCIAL;3;DESPESAS CORRENTES;3;OUTRAS DESPESAS CORRENTES;92;DESPESAS DE EXERCICIOS ANTERIORES;339092;DESPESAS DE EXERCICIOS ANTERIORES;33909239;OUTROS SERVICOS DE TERCEIROS - PJ;3;ESTIMATIVO;08;NAO SE APLICA;-8;03/01/2018;JAN/2018;2018;070025000012018NE000021;ASSISTENCIA MEDICA;PAGTO NF 37340. SERVICOS MEDICOS. IMP.FED. 5,85 (R$ 586,17) E ISS 2,00 (R$ 200,40). PA 2267-32.2016.;070025;TRIBUNAL REGIONAL ELEITORAL DO D. FEDERAL;;;;;;;;0,00;7.455,34;7.455,34;;;;;;;;;7.455,34;7.455,34
14107;TRIBUNAL REGIONAL ELEITORAL DO DIST. FEDERAL;070025;TRIBUNAL REGIONAL ELEITORAL DO D. FEDERAL;02301057020040053;2004;ASSISTENCIA MEDICA E ODONTOLOGICA AOS SERVIDORES CIVIS, EMPR;0001;ASSISTENCIA MEDICA E ODONTOLOGICA DE CIVIS - COMPLEMENTACAO DA UNIAO;084780;AMO CREMOD;ASSIST MED ODONT- CREDENCIAMENTO;0100;RECURSOS ORDINARIOS;2;ORCAMENTO DE SEGURIDADE SOCIAL;3;DESPESAS CORRENTES;3;OUTRAS DESPESAS CORRENTES;92;DESPESAS DE EXERCICIOS ANTERIORES;339092;DESPESAS DE EXERCICIOS ANTERIORES;33909239;OUTROS SERVICOS DE TERCEIROS - PJ;3;ESTIMATIVO;08;NAO SE APLICA;-8;03/01/2018;JAN/2018;2018;070025000012018NE000021;ASSISTENCIA MEDICA;PAGTO NF 3766. SERVICOS MEDICOS. RETENCAO IMP FED 5,85 (R$ 152,03) E ISS 2,00 (R$ 51,98). PA 1815-22.2016.;070025;TRIBUNAL REGIONAL ELEITORAL DO D. FEDERAL;;;;;;;;0,00;2.598,76;2.598,76;;;;;;;;;2.598,76;2.598,76
14107;TRIBUNAL REGIONAL ELEITORAL DO DIST. FEDERAL;070025;TRIBUNAL REGIONAL ELEITORAL DO D. FEDERAL;02301057020040053;2004;ASSISTENCIA MEDICA E ODONTOLOGICA AOS SERVIDORES CIVIS, EMPR;0001;ASSISTENCIA MEDICA E ODONTOLOGICA DE CIVIS - COMPLEMENTACAO DA UNIAO;084780;AMO CREMOD;ASSIST MED ODONT- CREDENCIAMENTO;0100;RECURSOS ORDINARIOS;2;ORCAMENTO DE SEGURIDADE SOCIAL;3;DESPESAS CORRENTES;3;OUTRAS DESPESAS CORRENTES;92;DESPESAS DE EXERCICIOS ANTERIORES;339092;DESPESAS DE EXERCICIOS ANTERIORES;33909239;OUTROS SERVICOS DE TERCEIROS - PJ;3;ESTIMATIVO;08;NAO SE APLICA;-8;03/01/2018;JAN/2018;2018;070025000012018NE000021;ASSISTENCIA MEDICA;PAGTO NF 38409. SERVICOS MEDICOS. RETENCAO IMP. FE. 5,85 (R$ 478,97) E ISS 2,00 (R$ 163,75). PA 2081-09.2016.;070025;TRIBUNAL REGIONAL ELEITORAL DO D. FEDERAL;;;;;;;;0,00;8.187,48;8.187,48;;;;;;;;;8.187,48;8.187,48
14107;TRIBUNAL REGIONAL ELEITORAL DO DIST. FEDERAL;070025;TRIBUNAL REGIONAL ELEITORAL DO D. FEDERAL;02301057020040053;2004;ASSISTENCIA MEDICA E ODONTOLOGICA AOS SERVIDORES CIVIS, EMPR;0001;ASSISTENCIA MEDICA E ODONTOLOGICA DE CIVIS - COMPLEMENTACAO DA UNIAO;084780;AMO CREMOD;ASSIST MED ODONT- CREDENCIAMENTO;0100;RECURSOS ORDINARIOS;2;ORCAMENTO DE SEGURIDADE SOCIAL;3;DESPESAS CORRENTES;3;OUTRAS DESPESAS CORRENTES;92;DESPESAS DE EXERCICIOS ANTERIORES;339092;DESPESAS DE EXERCICIOS ANTERIORES;33909239;OUTROS SERVICOS DE TERCEIROS - PJ;3;ESTIMATIVO;08;NAO SE APLICA;-8;03/01/2018;JAN/2018;2018;070025000012018NE000021;ASSISTENCIA MEDICA;PAGTO NF 38409. SERVICOS MEDICOS. RETENCAO IMP. FE. 5,85 (R$ 484,29) E ISS 2,00 (R$ 165,57). PA 2081-09.2016.;070025;TRIBUNAL REGIONAL ELEITORAL DO D. FEDERAL;;;;;;;;0,00;8.278,50;8.278,50;;;;;;;;;8.278,50;8.278,50
14107;TRIBUNAL REGIONAL ELEITORAL DO DIST. FEDERAL;070025;TRIBUNAL REGIONAL ELEITORAL DO D. FEDERAL;02301057020040053;2004;ASSISTENCIA MEDICA E ODONTOLOGICA AOS SERVIDORES CIVIS, EMPR;0001;ASSISTENCIA MEDICA E ODONTOLOGICA DE CIVIS - COMPLEMENTACAO DA UNIAO;084780;AMO CREMOD;ASSIST MED ODONT- CREDENCIAMENTO;0100;RECURSOS ORDINARIOS;2;ORCAMENTO DE SEGURIDADE SOCIAL;3;DESPESAS CORRENTES;3;OUTRAS DESPESAS CORRENTES;92;DESPESAS DE EXERCICIOS ANTERIORES;339092;DESPESAS DE EXERCICIOS ANTERIORES;33909239;OUTROS SERVICOS DE TERCEIROS - PJ;3;ESTIMATIVO;08;NAO SE APLICA;-8;03/01/2018;JAN/2018;2018;070025000012018NE000021;ASSISTENCIA MEDICA;PAGTO NF 3862. SERVICOS MEDICOS. RETENCAO IMP FED 5,85 (R$ 134,65) E ISS 2,00 (R$ 46,04). PA 1817-89.2016;070025;TRIBUNAL REGIONAL ELEITORAL DO D. FEDERAL;;;;;;;;0,00;2.301,77;2.301,77;;;;;;;;;2.301,77;2.301,77
14107;TRIBUNAL REGIONAL ELEITORAL DO DIST. FEDERAL;070025;TRIBUNAL REGIONAL ELEITORAL DO D. FEDERAL;02301057020040053;2004;ASSISTENCIA MEDICA E ODONTOLOGICA AOS SERVIDORES CIVIS, EMPR;0001;ASSISTENCIA MEDICA E ODONTOLOGICA DE CIVIS - COMPLEMENTACAO DA UNIAO;084780;AMO CREMOD;ASSIST MED ODONT- CREDENCIAMENTO;0100;RECURSOS ORDINARIOS;2;ORCAMENTO DE SEGURIDADE SOCIAL;3;DESPESAS CORRENTES;3;OUTRAS DESPESAS CORRENTES;92;DESPESAS DE EXERCICIOS ANTERIORES;339092;DESPESAS DE EXERCICIOS ANTERIORES;33909239;OUTROS SERVICOS DE TERCEIROS - PJ;3;ESTIMATIVO;08;NAO SE APLICA;-8;03/01/2018;JAN/2018;2018;070025000012018NE000021;ASSISTENCIA MEDICA;PAGTO NF 38982. SERVICOS ODONTOLOGICOS. RET. IMP FED. 5,85 (R$ 6,55) E ISS 2,00 (R$ 2,24). PA 1605-68.2016.;070025;TRIBUNAL REGIONAL ELEITORAL DO D. FEDERAL;;;;;;;;0,00;111,99;111,99;;;;;;;;;111,99;111,99
14107;TRIBUNAL REGIONAL ELEITORAL DO DIST. FEDERAL;070025;TRIBUNAL REGIONAL ELEITORAL DO D. FEDERAL;02301057020040053;2004;ASSISTENCIA MEDICA E ODONTOLOGICA AOS SERVIDORES CIVIS, EMPR;0001;ASSISTENCIA MEDICA E ODONTOLOGICA DE CIVIS - COMPLEMENTACAO DA UNIAO;084780;AMO CREMOD;ASSIST MED ODONT- CREDENCIAMENTO;0100;RECURSOS ORDINARIOS;2;ORCAMENTO DE SEGURIDADE SOCIAL;3;DESPESAS CORRENTES;3;OUTRAS DESPESAS CORRENTES;92;DESPESAS DE EXERCICIOS ANTERIORES;339092;DESPESAS DE EXERCICIOS ANTERIORES;33909239;OUTROS SERVICOS DE TERCEIROS - PJ;3;ESTIMATIVO;08;NAO SE APLICA;-8;03/01/2018;JAN/2018;2018;070025000012018NE000021;ASSISTENCIA MEDICA;PAGTO NF 3985. SERVICOS MEDICOS. RETENCAO IMP. FED. 5,85 (R$ 9,59) E ISS 2,00 (R$ 3,28). PA 2365-17.2016.;070025;TRIBUNAL REGIONAL ELEITORAL DO D. FEDERAL;;;;;;;;0,00;164,00;164,00;;;;;;;;;164,00;164,00
14107;TRIBUNAL REGIONAL ELEITORAL DO DIST. FEDERAL;070025;TRIBUNAL REGIONAL ELEITORAL DO D. FEDERAL;02301057020040053;2004;ASSISTENCIA MEDICA E ODONTOLOGICA AOS SERVIDORES CIVIS, EMPR;0001;ASSISTENCIA MEDICA E ODONTOLOGICA DE CIVIS - COMPLEMENTACAO DA UNIAO;084780;AMO CREMOD;ASSIST MED ODONT- CREDENCIAMENTO;0100;RECURSOS ORDINARIOS;2;ORCAMENTO DE SEGURIDADE SOCIAL;3;DESPESAS CORRENTES;3;OUTRAS DESPESAS CORRENTES;92;DESPESAS DE EXERCICIOS ANTERIORES;339092;DESPESAS DE EXERCICIOS ANTERIORES;33909239;OUTROS SERVICOS DE TERCEIROS - PJ;3;ESTIMATIVO;08;NAO SE APLICA;-8;03/01/2018;JAN/2018;2018;070025000012018NE000021;ASSISTENCIA MEDICA;PAGTO NF 4040. SERVICOS MEDICOS. RETENCAO IMP FED 5,85 (R$ 17,46) E ISS 2,00(R$ 5,97) PA 3349-98.2016.;070025;TRIBUNAL REGIONAL ELEITORAL DO D. FEDERAL;;;;;;;;0,00;298,45;298,45;;;;;;;;;298,45;298,45
14107;TRIBUNAL REGIONAL ELEITORAL DO DIST. FEDERAL;070025;TRIBUNAL REGIONAL ELEITORAL DO D. FEDERAL;02301057020040053;2004;ASSISTENCIA MEDICA E ODONTOLOGICA AOS SERVIDORES CIVIS, EMPR;0001;ASSISTENCIA MEDICA E ODONTOLOGICA DE CIVIS - COMPLEMENTACAO DA UNIAO;084780;AMO CREMOD;ASSIST MED ODONT- CREDENCIAMENTO;0100;RECURSOS ORDINARIOS;2;ORCAMENTO DE SEGURIDADE SOCIAL;3;DESPESAS CORRENTES;3;OUTRAS DESPESAS CORRENTES;92;DESPESAS DE EXERCICIOS ANTERIORES;339092;DESPESAS DE EXERCICIOS ANTERIORES;33909239;OUTROS SERVICOS DE TERCEIROS - PJ;3;ESTIMATIVO;08;NAO SE APLICA;-8;03/01/2018;JAN/2018;2018;070025000012018NE000021;ASSISTENCIA MEDICA;PAGTO NF 427. SERVICOS MEDICOS. RETENCAO IMP FED 5,85 (R$ 38,29) E ISS 2,00 (R$ 13,09). PA 4718-30.2016.;070025;TRIBUNAL REGIONAL ELEITORAL DO D. FEDERAL;;;;;;;;0,00;654,49;654,49;;;;;;;;;654,49;654,49
14107;TRIBUNAL REGIONAL ELEITORAL DO DIST. FEDERAL;070025;TRIBUNAL REGIONAL ELEITORAL DO D. FEDERAL;02301057020040053;2004;ASSISTENCIA MEDICA E ODONTOLOGICA AOS SERVIDORES CIVIS, EMPR;0001;ASSISTENCIA MEDICA E ODONTOLOGICA DE CIVIS - COMPLEMENTACAO DA UNIAO;084780;AMO CREMOD;ASSIST MED ODONT- CREDENCIAMENTO;0100;RECURSOS ORDINARIOS;2;ORCAMENTO DE SEGURIDADE SOCIAL;3;DESPESAS CORRENTES;3;OUTRAS DESPESAS CORRENTES;92;DESPESAS DE EXERCICIOS ANTERIORES;339092;DESPESAS DE EXERCICIOS ANTERIORES;33909239;OUTROS SERVICOS DE TERCEIROS - PJ;3;ESTIMATIVO;08;NAO SE APLICA;-8;03/01/2018;JAN/2018;2018;070025000012018NE000021;ASSISTENCIA MEDICA;PAGTO NF 44940. SERVICOS MEDICOS. RETENCAO 5,85 IM FED (R$ 41,36) E 2,00 ISS (R$ 14,14). PA 4289-63.2016.;070025;TRIBUNAL REGIONAL ELEITORAL DO D. FEDERAL;;;;;;;;0,00;665,02;665,02;;;;;;;;;665,02;665,02
14107;TRIBUNAL REGIONAL ELEITORAL DO DIST. FEDERAL;070025;TRIBUNAL REGIONAL ELEITORAL DO D. FEDERAL;02301057020040053;2004;ASSISTENCIA MEDICA E ODONTOLOGICA AOS SERVIDORES CIVIS, EMPR;0001;ASSISTENCIA MEDICA E ODONTOLOGICA DE CIVIS - COMPLEMENTACAO DA UNIAO;084780;AMO CREMOD;ASSIST MED ODONT- CREDENCIAMENTO;0100;RECURSOS ORDINARIOS;2;ORCAMENTO DE SEGURIDADE SOCIAL;3;DESPESAS CORRENTES;3;OUTRAS DESPESAS CORRENTES;92;DESPESAS DE EXERCICIOS ANTERIORES;339092;DESPESAS DE EXERCICIOS ANTERIORES;33909239;OUTROS SERVICOS DE TERCEIROS - PJ;3;ESTIMATIVO;08;NAO SE APLICA;-8;03/01/2018;JAN/2018;2018;070025000012018NE000021;ASSISTENCIA MEDICA;PAGTO NF 46626. SERVICOS MEDICOS. RETENCAO 5,85 IMP FED (R$ 630,96) E 2,00 ISS (R$ 215,71). PA 0382-12.2018;070025;TRIBUNAL REGIONAL ELEITORAL DO D. FEDERAL;;;;;;;;0,00;4.094,56;4.094,56;;;;;;;;;4.094,56;4.094,56
14107;TRIBUNAL REGIONAL ELEITORAL DO DIST. FEDERAL;070025;TRIBUNAL REGIONAL ELEITORAL DO D. FEDERAL;02301057020040053;2004;ASSISTENCIA MEDICA E ODONTOLOGICA AOS SERVIDORES CIVIS, EMPR;0001;ASSISTENCIA MEDICA E ODONTOLOGICA DE CIVIS - COMPLEMENTACAO DA UNIAO;084780;AMO CREMOD;ASSIST MED ODONT- CREDENCIAMENTO;0100;RECURSOS ORDINARIOS;2;ORCAMENTO DE SEGURIDADE SOCIAL;3;DESPESAS CORRENTES;3;OUTRAS DESPESAS CORRENTES;92;DESPESAS DE EXERCICIOS ANTERIORES;339092;DESPESAS DE EXERCICIOS ANTERIORES;33909239;OUTROS SERVICOS DE TERCEIROS - PJ;3;ESTIMATIVO;08;NAO SE APLICA;-8;03/01/2018;JAN/2018;2018;070025000012018NE000021;ASSISTENCIA MEDICA;PAGTO NF 54210. SERVICOS ODONTOLOGICOS. RETENCAO IMP FED 5,85 (R$ 8,79) E ISS 2,00 (R$ 3,01).PA 6422-44.2017;070025;TRIBUNAL REGIONAL ELEITORAL DO D. FEDERAL;;;;;;;;0,00;150,34;288,88;;;;;;;;;150,34;288,88
14107;TRIBUNAL REGIONAL ELEITORAL DO DIST. FEDERAL;070025;TRIBUNAL REGIONAL ELEITORAL DO D. FEDERAL;02301057020040053;2004;ASSISTENCIA MEDICA E ODONTOLOGICA AOS SERVIDORES CIVIS, EMPR;0001;ASSISTENCIA MEDICA E ODONTOLOGICA DE CIVIS - COMPLEMENTACAO DA UNIAO;084780;AMO CREMOD;ASSIST MED ODONT- CREDENCIAMENTO;0100;RECURSOS ORDINARIOS;2;ORCAMENTO DE SEGURIDADE SOCIAL;3;DESPESAS CORRENTES;3;OUTRAS DESPESAS CORRENTES;92;DESPESAS DE EXERCICIOS ANTERIORES;339092;DESPESAS DE EXERCICIOS ANTERIORES;33909239;OUTROS SERVICOS DE TERCEIROS - PJ;3;ESTIMATIVO;08;NAO SE APLICA;-8;03/01/2018;JAN/2018;2018;070025000012018NE000021;ASSISTENCIA MEDICA;PAGTO NF 54420 E 55188. ASSISTENCIA ODONTOLOGICA. RETENCAO IMP FED 5,85 (R$ 216,47) E ISS 2,00 (R$ 74,01). PA 1706-08.2016.;070025;TRIBUNAL REGIONAL ELEITORAL DO D. FEDERAL;;;;;;;;0,00;3.700,40;3.700,40;;;;;;;;;3.700,40;3.700,40
14107;TRIBUNAL REGIONAL ELEITORAL DO DIST. FEDERAL;070025;TRIBUNAL REGIONAL ELEITORAL DO D. FEDERAL;02301057020040053;2004;ASSISTENCIA MEDICA E ODONTOLOGICA AOS SERVIDORES CIVIS, EMPR;0001;ASSISTENCIA MEDICA E ODONTOLOGICA DE CIVIS - COMPLEMENTACAO DA UNIAO;084780;AMO CREMOD;ASSIST MED ODONT- CREDENCIAMENTO;0100;RECURSOS ORDINARIOS;2;ORCAMENTO DE SEGURIDADE SOCIAL;3;DESPESAS CORRENTES;3;OUTRAS DESPESAS CORRENTES;92;DESPESAS DE EXERCICIOS ANTERIORES;339092;DESPESAS DE EXERCICIOS ANTERIORES;33909239;OUTROS SERVICOS DE TERCEIROS - PJ;3;ESTIMATIVO;08;NAO SE APLICA;-8;03/01/2018;JAN/2018;2018;070025000012018NE000021;ASSISTENCIA MEDICA;PAGTO NF 54630. SERVICOS ODONTOLOGICOS. RETENCAO IMP FED 5,85 (R$ 13,47) E ISS 2,00 (R$ 4,61).PA 6422-44.2017.;070025;TRIBUNAL REGIONAL ELEITORAL DO D. FEDERAL;;;;;;;;0,00;230,31;230,31;;;;;;;;;230,31;230,31
14107;TRIBUNAL REGIONAL ELEITORAL DO DIST. FEDERAL;070025;TRIBUNAL REGIONAL ELEITORAL DO D. FEDERAL;02301057020040053;2004;ASSISTENCIA MEDICA E ODONTOLOGICA AOS SERVIDORES CIVIS, EMPR;0001;ASSISTENCIA MEDICA E ODONTOLOGICA DE CIVIS - COMPLEMENTACAO DA UNIAO;084780;AMO CREMOD;ASSIST MED ODONT- CREDENCIAMENTO;0100;RECURSOS ORDINARIOS;2;ORCAMENTO DE SEGURIDADE SOCIAL;3;DESPESAS CORRENTES;3;OUTRAS DESPESAS CORRENTES;92;DESPESAS DE EXERCICIOS ANTERIORES;339092;DESPESAS DE EXERCICIOS ANTERIORES;33909239;OUTROS SERVICOS DE TERCEIROS - PJ;3;ESTIMATIVO;08;NAO SE APLICA;-8;03/01/2018;JAN/2018;2018;070025000012018NE000021;ASSISTENCIA MEDICA;PAGTO NF 55199. SERVICOS ODONTOLOGICOS. RETENCAO IMP FED 5,85 (R$ 18,43) E ISS 2,00 (R$ 6,30).PA 6422-44.2017.;070025;TRIBUNAL REGIONAL ELEITORAL DO D. FEDERAL;;;;;;;;0,00;81,60;81,60;;;;;;;;;81,60;81,60
14107;TRIBUNAL REGIONAL ELEITORAL DO DIST. FEDERAL;070025;TRIBUNAL REGIONAL ELEITORAL DO D. FEDERAL;02301057020040053;2004;ASSISTENCIA MEDICA E ODONTOLOGICA AOS SERVIDORES CIVIS, EMPR;0001;ASSISTENCIA MEDICA E ODONTOLOGICA DE CIVIS - COMPLEMENTACAO DA UNIAO;084780;AMO CREMOD;ASSIST MED ODONT- CREDENCIAMENTO;0100;RECURSOS ORDINARIOS;2;ORCAMENTO DE SEGURIDADE SOCIAL;3;DESPESAS CORRENTES;3;OUTRAS DESPESAS CORRENTES;92;DESPESAS DE EXERCICIOS ANTERIORES;339092;DESPESAS DE EXERCICIOS ANTERIORES;33909239;OUTROS SERVICOS DE TERCEIROS - PJ;3;ESTIMATIVO;08;NAO SE APLICA;-8;03/01/2018;JAN/2018;2018;070025000012018NE000021;ASSISTENCIA MEDICA;PAGTO NF 55885,56945. ASSISTENCIA ODONTOLOGICA. RETENCAO IMP FED 5,85 (R$ 119,94) E ISS 2,00 (R$ 41,00). PA 1706-08.2016.;070025;TRIBUNAL REGIONAL ELEITORAL DO D. FEDERAL;;;;;;;;0,00;2.050,24;3.923,52;;;;;;;;;2.050,24;3.923,52
14107;TRIBUNAL REGIONAL ELEITORAL DO DIST. FEDERAL;070025;TRIBUNAL REGIONAL ELEITORAL DO D. FEDERAL;02301057020040053;2004;ASSISTENCIA MEDICA E ODONTOLOGICA AOS SERVIDORES CIVIS, EMPR;0001;ASSISTENCIA MEDICA E ODONTOLOGICA DE CIVIS - COMPLEMENTACAO DA UNIAO;084780;AMO CREMOD;ASSIST MED ODONT- CREDENCIAMENTO;0100;RECURSOS ORDINARIOS;2;ORCAMENTO DE SEGURIDADE SOCIAL;3;DESPESAS CORRENTES;3;OUTRAS DESPESAS CORRENTES;92;DESPESAS DE EXERCICIOS ANTERIORES;339092;DESPESAS DE EXERCICIOS ANTERIORES;33909239;OUTROS SERVICOS DE TERCEIROS - PJ;3;ESTIMATIVO;08;NAO SE APLICA;-8;03/01/2018;JAN/2018;2018;070025000012018NE000021;ASSISTENCIA MEDICA;PAGTO NF 57296. ASSISTENCIA ODONTOLOGICA. RETENCAO IMP FED 5,85 (R$ 46,31) E ISS 2,00 (R$ 15,83). PA 6421-59.2017.;070025;TRIBUNAL REGIONAL ELEITORAL DO D. FEDERAL;;;;;;;;0,00;120,00;120,00;;;;;;;;;120,00;120,00
14107;TRIBUNAL REGIONAL ELEITORAL DO DIST. FEDERAL;070025;TRIBUNAL REGIONAL ELEITORAL DO D. FEDERAL;02301057020040053;2004;ASSISTENCIA MEDICA E ODONTOLOGICA AOS SERVIDORES CIVIS, EMPR;0001;ASSISTENCIA MEDICA E ODONTOLOGICA DE CIVIS - COMPLEMENTACAO DA UNIAO;084780;AMO CREMOD;ASSIST MED ODONT- CREDENCIAMENTO;0100;RECURSOS ORDINARIOS;2;ORCAMENTO DE SEGURIDADE SOCIAL;3;DESPESAS CORRENTES;3;OUTRAS DESPESAS CORRENTES;92;DESPESAS DE EXERCICIOS ANTERIORES;339092;DESPESAS DE EXERCICIOS ANTERIORES;33909239;OUTROS SERVICOS DE TERCEIROS - PJ;3;ESTIMATIVO;08;NAO SE APLICA;-8;03/01/2018;JAN/2018;2018;070025000012018NE000021;ASSISTENCIA MEDICA;PAGTO NF 575. SERVICO MEDICO. RETENCAO IMP FED 5,85 (R$ 22,87) E ISS 2,00 (R$ 7,82). PA 139-68.2018.;070025;TRIBUNAL REGIONAL ELEITORAL DO D. FEDERAL;;;;;;;;0,00;391,02;751,35;;;;;;;;;391,02;751,35
14107;TRIBUNAL REGIONAL ELEITORAL DO DIST. FEDERAL;070025;TRIBUNAL REGIONAL ELEITORAL DO D. FEDERAL;02301057020040053;2004;ASSISTENCIA MEDICA E ODONTOLOGICA AOS SERVIDORES CIVIS, EMPR;0001;ASSISTENCIA MEDICA E ODONTOLOGICA DE CIVIS - COMPLEMENTACAO DA UNIAO;084780;AMO CREMOD;ASSIST MED ODONT- CREDENCIAMENTO;0100;RECURSOS ORDINARIOS;2;ORCAMENTO DE SEGURIDADE SOCIAL;3;DESPESAS CORRENTES;3;OUTRAS DESPESAS CORRENTES;92;DESPESAS DE EXERCICIOS ANTERIORES;339092;DESPESAS DE EXERCICIOS ANTERIORES;33909239;OUTROS SERVICOS DE TERCEIROS - PJ;3;ESTIMATIVO;08;NAO SE APLICA;-8;03/01/2018;JAN/2018;2018;070025000012018NE000021;ASSISTENCIA MEDICA;PAGTO NF 5828. SERVICOS MEDICOS. RETENCAO 5,85 IMP FED (R$ 10,53) E 2,00 ISS (R$ 3,60). PA 412-47.2018.;070025;TRIBUNAL REGIONAL ELEITORAL DO D. FEDERAL;;;;;;;;0,00;180,00;180,00;;;;;;;;;180,00;180,00
14107;TRIBUNAL REGIONAL ELEITORAL DO DIST. FEDERAL;070025;TRIBUNAL REGIONAL ELEITORAL DO D. FEDERAL;02301057020040053;2004;ASSISTENCIA MEDICA E ODONTOLOGICA AOS SERVIDORES CIVIS, EMPR;0001;ASSISTENCIA MEDICA E ODONTOLOGICA DE CIVIS - COMPLEMENTACAO DA UNIAO;084780;AMO CREMOD;ASSIST MED ODONT- CREDENCIAMENTO;0100;RECURSOS ORDINARIOS;2;ORCAMENTO DE SEGURIDADE SOCIAL;3;DESPESAS CORRENTES;3;OUTRAS DESPESAS CORRENTES;92;DESPESAS DE EXERCICIOS ANTERIORES;339092;DESPESAS DE EXERCICIOS ANTERIORES;33909239;OUTROS SERVICOS DE TERCEIROS - PJ;3;ESTIMATIVO;08;NAO SE APLICA;-8;03/01/2018;JAN/2018;2018;070025000012018NE000021;ASSISTENCIA MEDICA;PAGTO NF 58358. SERVICOS MEDICOS. RETENCAO IMP FED 5,85 (R$ 91,56) E ISS 2,00 (R$ 31,30). PA 2205-89.2016.;070025;TRIBUNAL REGIONAL ELEITORAL DO D. FEDERAL;;;;;;;;0,00;1.565,07;1.565,07;;;;;;;;;1.565,07;1.565,07
14107;TRIBUNAL REGIONAL ELEITORAL DO DIST. FEDERAL;070025;TRIBUNAL REGIONAL ELEITORAL DO D. FEDERAL;02301057020040053;2004;ASSISTENCIA MEDICA E ODONTOLOGICA AOS SERVIDORES CIVIS, EMPR;0001;ASSISTENCIA MEDICA E ODONTOLOGICA DE CIVIS - COMPLEMENTACAO DA UNIAO;084780;AMO CREMOD;ASSIST MED ODONT- CREDENCIAMENTO;0100;RECURSOS ORDINARIOS;2;ORCAMENTO DE SEGURIDADE SOCIAL;3;DESPESAS CORRENTES;3;OUTRAS DESPESAS CORRENTES;92;DESPESAS DE EXERCICIOS ANTERIORES;339092;DESPESAS DE EXERCICIOS ANTERIORES;33909239;OUTROS SERVICOS DE TERCEIROS - PJ;3;ESTIMATIVO;08;NAO SE APLICA;-8;03/01/2018;JAN/2018;2018;070025000012018NE000021;ASSISTENCIA MEDICA;PAGTO NF 5920. SERVICO MEDICO. RETENCAO IMP FED 5,85 (R$ 35,13) E ISS 2,00 (R$ 12,01).PA 413-32.2018.;070025;TRIBUNAL REGIONAL ELEITORAL DO D. FEDERAL;;;;;;;;0,00;575,46;575,46;;;;;;;;;575,46;575,46
14107;TRIBUNAL REGIONAL ELEITORAL DO DIST. FEDERAL;070025;TRIBUNAL REGIONAL ELEITORAL DO D. FEDERAL;02301057020040053;2004;ASSISTENCIA MEDICA E ODONTOLOGICA AOS SERVIDORES CIVIS, EMPR;0001;ASSISTENCIA MEDICA E ODONTOLOGICA DE CIVIS - COMPLEMENTACAO DA UNIAO;084780;AMO CREMOD;ASSIST MED ODONT- CREDENCIAMENTO;0100;RECURSOS ORDINARIOS;2;ORCAMENTO DE SEGURIDADE SOCIAL;3;DESPESAS CORRENTES;3;OUTRAS DESPESAS CORRENTES;92;DESPESAS DE EXERCICIOS ANTERIORES;339092;DESPESAS DE EXERCICIOS ANTERIORES;33909239;OUTROS SERVICOS DE TERCEIROS - PJ;3;ESTIMATIVO;08;NAO SE APLICA;-8;03/01/2018;JAN/2018;2018;070025000012018NE000021;ASSISTENCIA MEDICA;PAGTO NF 59853. SERVICOS MEDICOS. RETENCAO IMP FED 5,85 (R$ 528,28) E ISS 2,00 (R$ 180,61). PA 2218-88.2016.;070025;TRIBUNAL REGIONAL ELEITORAL DO D. FEDERAL;;;;;;;;0,00;9.030,45;9.030,45;;;;;;;;;9.030,45;9.030,45
14107;TRIBUNAL REGIONAL ELEITORAL DO DIST. FEDERAL;070025;TRIBUNAL REGIONAL ELEITORAL DO D. FEDERAL;02301057020040053;2004;ASSISTENCIA MEDICA E ODONTOLOGICA AOS SERVIDORES CIVIS, EMPR;0001;ASSISTENCIA MEDICA E ODONTOLOGICA DE CIVIS - COMPLEMENTACAO DA UNIAO;084780;AMO CREMOD;ASSIST MED ODONT- CREDENCIAMENTO;0100;RECURSOS ORDINARIOS;2;ORCAMENTO DE SEGURIDADE SOCIAL;3;DESPESAS CORRENTES;3;OUTRAS DESPESAS CORRENTES;92;DESPESAS DE EXERCICIOS ANTERIORES;339092;DESPESAS DE EXERCICIOS ANTERIORES;33909239;OUTROS SERVICOS DE TERCEIROS - PJ;3;ESTIMATIVO;08;NAO SE APLICA;-8;03/01/2018;JAN/2018;2018;070025000012018NE000021;ASSISTENCIA MEDICA;PAGTO NF 61775, 61784, 61990, 62110, 62292, 62293, 62294. SERVICOS MEDICOS. RETENCAO IMP FED 5,85 (R$ 5.420,95) E ISS 2,00 (R$ 1.853,32). PA 2205-89.2016.;070025;TRIBUNAL REGIONAL ELEITORAL DO D. FEDERAL;;;;;;;;0,00;1.607,23;1.607,23;;;;;;;;;1.607,23;1.607,23
14107;TRIBUNAL REGIONAL ELEITORAL DO DIST. FEDERAL;070025;TRIBUNAL REGIONAL ELEITORAL DO D. FEDERAL;02301057020040053;2004;ASSISTENCIA MEDICA E ODONTOLOGICA AOS SERVIDORES CIVIS, EMPR;0001;ASSISTENCIA MEDICA E ODONTOLOGICA DE CIVIS - COMPLEMENTACAO DA UNIAO;084780;AMO CREMOD;ASSIST MED ODONT- CREDENCIAMENTO;0100;RECURSOS ORDINARIOS;2;ORCAMENTO DE SEGURIDADE SOCIAL;3;DESPESAS CORRENTES;3;OUTRAS DESPESAS CORRENTES;92;DESPESAS DE EXERCICIOS ANTERIORES;339092;DESPESAS DE EXERCICIOS ANTERIORES;33909239;OUTROS SERVICOS DE TERCEIROS - PJ;3;ESTIMATIVO;08;NAO SE APLICA;-8;03/01/2018;JAN/2018;2018;070025000012018NE000021;ASSISTENCIA MEDICA;PAGTO NF 7214. SERVICOS MEDICOS. RETENCAO 5,85 IMP FED (R$ 32,04) E 2,00 ISS (R$ 10,95). PA 2378-16.2016;070025;TRIBUNAL REGIONAL ELEITORAL DO D. FEDERAL;;;;;;;;0,00;547,64;547,64;;;;;;;;;547,64;547,64
14107;TRIBUNAL REGIONAL ELEITORAL DO DIST. FEDERAL;070025;TRIBUNAL REGIONAL ELEITORAL DO D. FEDERAL;02301057020040053;2004;ASSISTENCIA MEDICA E ODONTOLOGICA AOS SERVIDORES CIVIS, EMPR;0001;ASSISTENCIA MEDICA E ODONTOLOGICA DE CIVIS - COMPLEMENTACAO DA UNIAO;084780;AMO CREMOD;ASSIST MED ODONT- CREDENCIAMENTO;0100;RECURSOS ORDINARIOS;2;ORCAMENTO DE SEGURIDADE SOCIAL;3;DESPESAS CORRENTES;3;OUTRAS DESPESAS CORRENTES;92;DESPESAS DE EXERCICIOS ANTERIORES;339092;DESPESAS DE EXERCICIOS ANTERIORES;33909239;OUTROS SERVICOS DE TERCEIROS - PJ;3;ESTIMATIVO;08;NAO SE APLICA;-8;03/01/2018;JAN/2018;2018;070025000012018NE000021;ASSISTENCIA MEDICA;PAGTO NF 7585. SERVICOS MEDICOS. RETENCAO 5,85 IMP FED (R$ 33,64) E 2,00 ISS (R$ 11,50). PA 1272-82.2017;070025;TRIBUNAL REGIONAL ELEITORAL DO D. FEDERAL;;;;;;;;0,00;394,97;394,97;;;;;;;;;394,97;394,97
14107;TRIBUNAL REGIONAL ELEITORAL DO DIST. FEDERAL;070025;TRIBUNAL REGIONAL ELEITORAL DO D. FEDERAL;02301057020040053;2004;ASSISTENCIA MEDICA E ODONTOLOGICA AOS SERVIDORES CIVIS, EMPR;0001;ASSISTENCIA MEDICA E ODONTOLOGICA DE CIVIS - COMPLEMENTACAO DA UNIAO;084780;AMO CREMOD;ASSIST MED ODONT- CREDENCIAMENTO;0100;RECURSOS ORDINARIOS;2;ORCAMENTO DE SEGURIDADE SOCIAL;3;DESPESAS CORRENTES;3;OUTRAS DESPESAS CORRENTES;92;DESPESAS DE EXERCICIOS ANTERIORES;339092;DESPESAS DE EXERCICIOS ANTERIORES;33909239;OUTROS SERVICOS DE TERCEIROS - PJ;3;ESTIMATIVO;08;NAO SE APLICA;-8;03/01/2018;JAN/2018;2018;070025000012018NE000021;ASSISTENCIA MEDICA;PAGTO NF 760. SERVICOS MEDICOS. RETENCAO ISS 5,00 (R$ 17,30). OPTANTE PELO SIMPLES NACIONAL. PA 573-57.2018.;070025;TRIBUNAL REGIONAL ELEITORAL DO D. FEDERAL;;;;;;;;0,00;345,92;345,92;;;;;;;;;345,92;345,92
14107;TRIBUNAL REGIONAL ELEITORAL DO DIST. FEDERAL;070025;TRIBUNAL REGIONAL ELEITORAL DO D. FEDERAL;02301057020040053;2004;ASSISTENCIA MEDICA E ODONTOLOGICA AOS SERVIDORES CIVIS, EMPR;0001;ASSISTENCIA MEDICA E ODONTOLOGICA DE CIVIS - COMPLEMENTACAO DA UNIAO;084780;AMO CREMOD;ASSIST MED ODONT- CREDENCIAMENTO;0100;RECURSOS ORDINARIOS;2;ORCAMENTO DE SEGURIDADE SOCIAL;3;DESPESAS CORRENTES;3;OUTRAS DESPESAS CORRENTES;92;DESPESAS DE EXERCICIOS ANTERIORES;339092;DESPESAS DE EXERCICIOS ANTERIORES;33909239;OUTROS SERVICOS DE TERCEIROS - PJ;3;ESTIMATIVO;08;NAO SE APLICA;-8;03/01/2018;JAN/2018;2018;070025000012018NE000021;ASSISTENCIA MEDICA;PAGTO NF 8826. SERVICOS MEDICOS. RETENCAO IMP FED 5,85 (R$ 243,31) E ISS 2,00 (R$ 83,18). PA 3404-49.2016.;070025;TRIBUNAL REGIONAL ELEITORAL DO D. FEDERAL;;;;;;;;0,00;4.159,09;4.159,09;;;;;;;;;4.159,09;4.159,09
14107;TRIBUNAL REGIONAL ELEITORAL DO DIST. FEDERAL;070025;TRIBUNAL REGIONAL ELEITORAL DO D. FEDERAL;02301057020040053;2004;ASSISTENCIA MEDICA E ODONTOLOGICA AOS SERVIDORES CIVIS, EMPR;0001;ASSISTENCIA MEDICA E ODONTOLOGICA DE CIVIS - COMPLEMENTACAO DA UNIAO;084780;AMO CREMOD;ASSIST MED ODONT- CREDENCIAMENTO;0100;RECURSOS ORDINARIOS;2;ORCAMENTO DE SEGURIDADE SOCIAL;3;DESPESAS CORRENTES;3;OUTRAS DESPESAS CORRENTES;92;DESPESAS DE EXERCICIOS ANTERIORES;339092;DESPESAS DE EXERCICIOS ANTERIORES;33909239;OUTROS SERVICOS DE TERCEIROS - PJ;3;ESTIMATIVO;08;NAO SE APLICA;-8;03/01/2018;JAN/2018;2018;070025000012018NE000021;ASSISTENCIA MEDICA;PAGTO NF 922. SERVICOS MEDICOS. RETENCAO 5,85 IMP FED (R$ 18,92) E 2,00 ISS (R$ 6,47). PA 1274-52.2017;070025;TRIBUNAL REGIONAL ELEITORAL DO D. FEDERAL;;;;;;;;0,00;323,44;323,44;;;;;;;;;323,44;323,44
14107;TRIBUNAL REGIONAL ELEITORAL DO DIST. FEDERAL;070025;TRIBUNAL REGIONAL ELEITORAL DO D. FEDERAL;02301057020040053;2004;ASSISTENCIA MEDICA E ODONTOLOGICA AOS SERVIDORES CIVIS, EMPR;0001;ASSISTENCIA MEDICA E ODONTOLOGICA DE CIVIS - COMPLEMENTACAO DA UNIAO;084780;AMO CREMOD;ASSIST MED ODONT- CREDENCIAMENTO;0100;RECURSOS ORDINARIOS;2;ORCAMENTO DE SEGURIDADE SOCIAL;3;DESPESAS CORRENTES;3;OUTRAS DESPESAS CORRENTES;92;DESPESAS DE EXERCICIOS ANTERIORES;339092;DESPESAS DE EXERCICIOS ANTERIORES;33909239;OUTROS SERVICOS DE TERCEIROS - PJ;3;ESTIMATIVO;08;NAO SE APLICA;-8;03/01/2018;JAN/2018;2018;070025000012018NE000021;ASSISTENCIA MEDICA;PAGTO NF 93. SERVICOS ODONTOLOGICOS. RETENCAO 5,85 IMP FED (R$ 133,12) E 2,00 ISS (R$ 45,51). PA 2640-63.2016.6.07.8100;070025;TRIBUNAL REGIONAL ELEITORAL DO D. FEDERAL;;;;;;;;0,00;2.104,07;2.104,07;;;;;;;;;2.104,07;2.104,07
14107;TRIBUNAL REGIONAL ELEITORAL DO DIST. FEDERAL;070025;TRIBUNAL REGIONAL ELEITORAL DO D. FEDERAL;02301057020040053;2004;ASSISTENCIA MEDICA E ODONTOLOGICA AOS SERVIDORES CIVIS, EMPR;0001;ASSISTENCIA MEDICA E ODONTOLOGICA DE CIVIS - COMPLEMENTACAO DA UNIAO;084780;AMO CREMOD;ASSIST MED ODONT- CREDENCIAMENTO;0100;RECURSOS ORDINARIOS;2;ORCAMENTO DE SEGURIDADE SOCIAL;3;DESPESAS CORRENTES;3;OUTRAS DESPESAS CORRENTES;92;DESPESAS DE EXERCICIOS ANTERIORES;339092;DESPESAS DE EXERCICIOS ANTERIORES;33909239;OUTROS SERVICOS DE TERCEIROS - PJ;3;ESTIMATIVO;08;NAO SE APLICA;-8;03/01/2018;JAN/2018;2018;070025000012018NE000021;ASSISTENCIA MEDICA;PAGTO NF 9419. SERVICOS MEDICOS. RETENCAO IMP FED 5,85 (R$ 87,10) E ISS 2,00 (R$ 29,78). PA 3109-12.2016.;070025;TRIBUNAL REGIONAL ELEITORAL DO D. FEDERAL;;;;;;;;0,00;1.061,91;1.061,91;;;;;;;;;1.061,91;1.061,91
14107;TRIBUNAL REGIONAL ELEITORAL DO DIST. FEDERAL;070025;TRIBUNAL REGIONAL ELEITORAL DO D. FEDERAL;02301057020040053;2004;ASSISTENCIA MEDICA E ODONTOLOGICA AOS SERVIDORES CIVIS, EMPR;0001;ASSISTENCIA MEDICA E ODONTOLOGICA DE CIVIS - COMPLEMENTACAO DA UNIAO;084780;AMO CREMOD;ASSIST MED ODONT- CREDENCIAMENTO;0100;RECURSOS ORDINARIOS;2;ORCAMENTO DE SEGURIDADE SOCIAL;3;DESPESAS CORRENTES;3;OUTRAS DESPESAS CORRENTES;92;DESPESAS DE EXERCICIOS ANTERIORES;339092;DESPESAS DE EXERCICIOS ANTERIORES;33909239;OUTROS SERVICOS DE TERCEIROS - PJ;3;ESTIMATIVO;08;NAO SE APLICA;-8;03/01/2018;JAN/2018;2018;070025000012018NE000021;ASSISTENCIA MEDICA;PAGTO NF. 114.206,0116666,119712. SERVICOS MEDICOS. RET. IMP.FED. 5,85 (R$ 7.199,27) E ISS 2,00 (R$ 2.461,29). PA 1783-17.2016.;070025;TRIBUNAL REGIONAL ELEITORAL DO D. FEDERAL;;;;;;;;0,00;122.997,44;122.997,44;;;;;;;;;122.997,44;122.997,44
14107;TRIBUNAL REGIONAL ELEITORAL DO DIST. FEDERAL;070025;TRIBUNAL REGIONAL ELEITORAL DO D. FEDERAL;02301057020040053;2004;ASSISTENCIA MEDICA E ODONTOLOGICA AOS SERVIDORES CIVIS, EMPR;0001;ASSISTENCIA MEDICA E ODONTOLOGICA DE CIVIS - COMPLEMENTACAO DA UNIAO;084780;AMO CREMOD;ASSIST MED ODONT- CREDENCIAMENTO;0100;RECURSOS ORDINARIOS;2;ORCAMENTO DE SEGURIDADE SOCIAL;3;DESPESAS CORRENTES;3;OUTRAS DESPESAS CORRENTES;92;DESPESAS DE EXERCICIOS ANTERIORES;339092;DESPESAS DE EXERCICIOS ANTERIORES;33909239;OUTROS SERVICOS DE TERCEIROS - PJ;3;ESTIMATIVO;08;NAO SE APLICA;-8;03/01/2018;JAN/2018;2018;070025000012018NE000021;ASSISTENCIA MEDICA;PAGTO NF. 15941. SERVICO MEDICO. IMP. FED. 5,85 (R$ 7,36) E ISS 2,00 (R$ 2,51). PA 877-90.2017.;070025;TRIBUNAL REGIONAL ELEITORAL DO D. FEDERAL;;;;;;;;0,00;125,74;125,74;;;;;;;;;125,74;125,74
14107;TRIBUNAL REGIONAL ELEITORAL DO DIST. FEDERAL;070025;TRIBUNAL REGIONAL ELEITORAL DO D. FEDERAL;02301057020040053;2004;ASSISTENCIA MEDICA E ODONTOLOGICA AOS SERVIDORES CIVIS, EMPR;0001;ASSISTENCIA MEDICA E ODONTOLOGICA DE CIVIS - COMPLEMENTACAO DA UNIAO;084780;AMO CREMOD;ASSIST MED ODONT- CREDENCIAMENTO;0100;RECURSOS ORDINARIOS;2;ORCAMENTO DE SEGURIDADE SOCIAL;3;DESPESAS CORRENTES;3;OUTRAS DESPESAS CORRENTES;92;DESPESAS DE EXERCICIOS ANTERIORES;339092;DESPESAS DE EXERCICIOS ANTERIORES;33909239;OUTROS SERVICOS DE TERCEIROS - PJ;3;ESTIMATIVO;08;NAO SE APLICA;-8;03/01/2018;JAN/2018;2018;070025000012018NE000021;ASSISTENCIA MEDICA;PAGTO NF. 16427. SERVICO MEDICO. IMP. FED. 5,85 (R$ 7,36) E ISS 2,00 (R$ 2,51). PA 877-90.2017.;070025;TRIBUNAL REGIONAL ELEITORAL DO D. FEDERAL;;;;;;;;0,00;125,74;125,74;;;;;;;;;125,74;125,74
14107;TRIBUNAL REGIONAL ELEITORAL DO DIST. FEDERAL;070025;TRIBUNAL REGIONAL ELEITORAL DO D. FEDERAL;02301057020040053;2004;ASSISTENCIA MEDICA E ODONTOLOGICA AOS SERVIDORES CIVIS, EMPR;0001;ASSISTENCIA MEDICA E ODONTOLOGICA DE CIVIS - COMPLEMENTACAO DA UNIAO;084780;AMO CREMOD;ASSIST MED ODONT- CREDENCIAMENTO;0100;RECURSOS ORDINARIOS;2;ORCAMENTO DE SEGURIDADE SOCIAL;3;DESPESAS CORRENTES;3;OUTRAS DESPESAS CORRENTES;92;DESPESAS DE EXERCICIOS ANTERIORES;339092;DESPESAS DE EXERCICIOS ANTERIORES;33909239;OUTROS SERVICOS DE TERCEIROS - PJ;3;ESTIMATIVO;08;NAO SE APLICA;-8;03/01/2018;JAN/2018;2018;070025000012018NE000021;ASSISTENCIA MEDICA;PAGTO NFS 10277 E 10499. SERVICOS MEDICOS. ENTIDADE SEM FINS LUCRATIVOS. PA 381-27.2018.;070025;TRIBUNAL REGIONAL ELEITORAL DO D. FEDERAL;;;;;;;;0,00;9.392,24;9.392,24;;;;;;;;;9.392,24;9.392,24
14107;TRIBUNAL REGIONAL ELEITORAL DO DIST. FEDERAL;070025;TRIBUNAL REGIONAL ELEITORAL DO D. FEDERAL;02301057020040053;2004;ASSISTENCIA MEDICA E ODONTOLOGICA AOS SERVIDORES CIVIS, EMPR;0001;ASSISTENCIA MEDICA E ODONTOLOGICA DE CIVIS - COMPLEMENTACAO DA UNIAO;084780;AMO CREMOD;ASSIST MED ODONT- CREDENCIAMENTO;0100;RECURSOS ORDINARIOS;2;ORCAMENTO DE SEGURIDADE SOCIAL;3;DESPESAS CORRENTES;3;OUTRAS DESPESAS CORRENTES;92;DESPESAS DE EXERCICIOS ANTERIORES;339092;DESPESAS DE EXERCICIOS ANTERIORES;33909239;OUTROS SERVICOS DE TERCEIROS - PJ;3;ESTIMATIVO;08;NAO SE APLICA;-8;03/01/2018;JAN/2018;2018;070025000012018NE000021;ASSISTENCIA MEDICA;PAGTO NFS 11668, 11795, 11796 E 11900. SERVICOS MEDICOS. RETENCAO IMP FED 4,65(R$ 2.129,54) E 1,50 (R$ 686,95). PA 2815-57.2016.;070025;TRIBUNAL REGIONAL ELEITORAL DO D. FEDERAL;;;;;;;;0,00;22.826,19;22.826,19;;;;;;;;;22.826,19;22.826,19
14107;TRIBUNAL REGIONAL ELEITORAL DO DIST. FEDERAL;070025;TRIBUNAL REGIONAL ELEITORAL DO D. FEDERAL;02301057020040053;2004;ASSISTENCIA MEDICA E ODONTOLOGICA AOS SERVIDORES CIVIS, EMPR;0001;ASSISTENCIA MEDICA E ODONTOLOGICA DE CIVIS - COMPLEMENTACAO DA UNIAO;084780;AMO CREMOD;ASSIST MED ODONT- CREDENCIAMENTO;0100;RECURSOS ORDINARIOS;2;ORCAMENTO DE SEGURIDADE SOCIAL;3;DESPESAS CORRENTES;3;OUTRAS DESPESAS CORRENTES;92;DESPESAS DE EXERCICIOS ANTERIORES;339092;DESPESAS DE EXERCICIOS ANTERIORES;33909239;OUTROS SERVICOS DE TERCEIROS - PJ;3;ESTIMATIVO;08;NAO SE APLICA;-8;03/01/2018;JAN/2018;2018;070025000012018NE000021;ASSISTENCIA MEDICA;PAGTO NFS 123987 E 124229. SERVICOS MEDICOS. RETENCAO 5,85 IMP FED (R$ 2.821,24) E 2,00 DE ISS (R$ 964,53). PA 0366-58.2018;070025;TRIBUNAL REGIONAL ELEITORAL DO D. FEDERAL;;;;;;;;0,00;48.226,33;48.226,33;;;;;;;;;48.226,33;48.226,33
14107;TRIBUNAL REGIONAL ELEITORAL DO DIST. FEDERAL;070025;TRIBUNAL REGIONAL ELEITORAL DO D. FEDERAL;02301057020040053;2004;ASSISTENCIA MEDICA E ODONTOLOGICA AOS SERVIDORES CIVIS, EMPR;0001;ASSISTENCIA MEDICA E ODONTOLOGICA DE CIVIS - COMPLEMENTACAO DA UNIAO;084780;AMO CREMOD;ASSIST MED ODONT- CREDENCIAMENTO;0100;RECURSOS ORDINARIOS;2;ORCAMENTO DE SEGURIDADE SOCIAL;3;DESPESAS CORRENTES;3;OUTRAS DESPESAS CORRENTES;92;DESPESAS DE EXERCICIOS ANTERIORES;339092;DESPESAS DE EXERCICIOS ANTERIORES;33909239;OUTROS SERVICOS DE TERCEIROS - PJ;3;ESTIMATIVO;08;NAO SE APLICA;-8;03/01/2018;JAN/2018;2018;070025000012018NE000021;ASSISTENCIA MEDICA;PAGTO NFS 128.203. SERVICOS MEDICOS. RETENCAO 5,85 IMP FED (R$ 2515,13) E 2,00 DE ISS (R$ 859,88). PA 0366-58.2018;070025;TRIBUNAL REGIONAL ELEITORAL DO D. FEDERAL;;;;;;;;0,00;23.822,61;23.822,61;;;;;;;;;23.822,61;23.822,61
14107;TRIBUNAL REGIONAL ELEITORAL DO DIST. FEDERAL;070025;TRIBUNAL REGIONAL ELEITORAL DO D. FEDERAL;02301057020040053;2004;ASSISTENCIA MEDICA E ODONTOLOGICA AOS SERVIDORES CIVIS, EMPR;0001;ASSISTENCIA MEDICA E ODONTOLOGICA DE CIVIS - COMPLEMENTACAO DA UNIAO;084780;AMO CREMOD;ASSIST MED ODONT- CREDENCIAMENTO;0100;RECURSOS ORDINARIOS;2;ORCAMENTO DE SEGURIDADE SOCIAL;3;DESPESAS CORRENTES;3;OUTRAS DESPESAS CORRENTES;92;DESPESAS DE EXERCICIOS ANTERIORES;339092;DESPESAS DE EXERCICIOS ANTERIORES;33909239;OUTROS SERVICOS DE TERCEIROS - PJ;3;ESTIMATIVO;08;NAO SE APLICA;-8;03/01/2018;JAN/2018;2018;070025000012018NE000021;ASSISTENCIA MEDICA;PAGTO NFS 13396, 13399, 13400, 13606, 13607, 13606 E 13401. SERVICOS MEDICOS. RETENCAO IMP FED 5,85 (R$ 2.394,59) E ISS 2,00 (R$ 818,66). PA 1779-77.2016.;070025;TRIBUNAL REGIONAL ELEITORAL DO D. FEDERAL;;;;;;;;0,00;21.827,20;21.827,20;;;;;;;;;21.827,20;21.827,20
14107;TRIBUNAL REGIONAL ELEITORAL DO DIST. FEDERAL;070025;TRIBUNAL REGIONAL ELEITORAL DO D. FEDERAL;02301057020040053;2004;ASSISTENCIA MEDICA E ODONTOLOGICA AOS SERVIDORES CIVIS, EMPR;0001;ASSISTENCIA MEDICA E ODONTOLOGICA DE CIVIS - COMPLEMENTACAO DA UNIAO;084780;AMO CREMOD;ASSIST MED ODONT- CREDENCIAMENTO;0100;RECURSOS ORDINARIOS;2;ORCAMENTO DE SEGURIDADE SOCIAL;3;DESPESAS CORRENTES;3;OUTRAS DESPESAS CORRENTES;92;DESPESAS DE EXERCICIOS ANTERIORES;339092;DESPESAS DE EXERCICIOS ANTERIORES;33909239;OUTROS SERVICOS DE TERCEIROS - PJ;3;ESTIMATIVO;08;NAO SE APLICA;-8;03/01/2018;JAN/2018;2018;070025000012018NE000021;ASSISTENCIA MEDICA;PAGTO NFS 1776. SERVICOS MEDICOS. IMP.FED. 5,85 (R$ 616,98) E ISS 2,00 (R$ 210,93). PA 3081-10.2017.;070025;TRIBUNAL REGIONAL ELEITORAL DO D. FEDERAL;;;;;;;;0,00;10.546,70;10.546,70;;;;;;;;;10.546,70;10.546,70
14107;TRIBUNAL REGIONAL ELEITORAL DO DIST. FEDERAL;070025;TRIBUNAL REGIONAL ELEITORAL DO D. FEDERAL;02301057020040053;2004;ASSISTENCIA MEDICA E ODONTOLOGICA AOS SERVIDORES CIVIS, EMPR;0001;ASSISTENCIA MEDICA E ODONTOLOGICA DE CIVIS - COMPLEMENTACAO DA UNIAO;084780;AMO CREMOD;ASSIST MED ODONT- CREDENCIAMENTO;0100;RECURSOS ORDINARIOS;2;ORCAMENTO DE SEGURIDADE SOCIAL;3;DESPESAS CORRENTES;3;OUTRAS DESPESAS CORRENTES;92;DESPESAS DE EXERCICIOS ANTERIORES;339092;DESPESAS DE EXERCICIOS ANTERIORES;33909239;OUTROS SERVICOS DE TERCEIROS - PJ;3;ESTIMATIVO;08;NAO SE APLICA;-8;03/01/2018;JAN/2018;2018;070025000012018NE000021;ASSISTENCIA MEDICA;PAGTO NFS 18209 E 18434. SERVICOS MEDICOS. RETENCAO IMP FED 5,85 (R$ 88,39) E ISS 2,00 (R$ 30,22). PA 1815-22.2016.;070025;TRIBUNAL REGIONAL ELEITORAL DO D. FEDERAL;;;;;;;;0,00;1.510,93;1.510,93;;;;;;;;;1.510,93;1.510,93
14107;TRIBUNAL REGIONAL ELEITORAL DO DIST. FEDERAL;070025;TRIBUNAL REGIONAL ELEITORAL DO D. FEDERAL;02301057020040053;2004;ASSISTENCIA MEDICA E ODONTOLOGICA AOS SERVIDORES CIVIS, EMPR;0001;ASSISTENCIA MEDICA E ODONTOLOGICA DE CIVIS - COMPLEMENTACAO DA UNIAO;084780;AMO CREMOD;ASSIST MED ODONT- CREDENCIAMENTO;0100;RECURSOS ORDINARIOS;2;ORCAMENTO DE SEGURIDADE SOCIAL;3;DESPESAS CORRENTES;3;OUTRAS DESPESAS CORRENTES;92;DESPESAS DE EXERCICIOS ANTERIORES;339092;DESPESAS DE EXERCICIOS ANTERIORES;33909239;OUTROS SERVICOS DE TERCEIROS - PJ;3;ESTIMATIVO;08;NAO SE APLICA;-8;03/01/2018;JAN/2018;2018;070025000012018NE000021;ASSISTENCIA MEDICA;PAGTO NFS 18846 E 19059. SERVICOS MEDICOS. RETENCAO IMP FED 5,85 (R$ 851,12) E ISS 2,00 (R$ 290,98). PA 1815-22.2016.;070025;TRIBUNAL REGIONAL ELEITORAL DO D. FEDERAL;;;;;;;;0,00;14.549,08;14.549,08;;;;;;;;;14.549,08;14.549,08
14107;TRIBUNAL REGIONAL ELEITORAL DO DIST. FEDERAL;070025;TRIBUNAL REGIONAL ELEITORAL DO D. FEDERAL;02301057020040053;2004;ASSISTENCIA MEDICA E ODONTOLOGICA AOS SERVIDORES CIVIS, EMPR;0001;ASSISTENCIA MEDICA E ODONTOLOGICA DE CIVIS - COMPLEMENTACAO DA UNIAO;084780;AMO CREMOD;ASSIST MED ODONT- CREDENCIAMENTO;0100;RECURSOS ORDINARIOS;2;ORCAMENTO DE SEGURIDADE SOCIAL;3;DESPESAS CORRENTES;3;OUTRAS DESPESAS CORRENTES;92;DESPESAS DE EXERCICIOS ANTERIORES;339092;DESPESAS DE EXERCICIOS ANTERIORES;33909239;OUTROS SERVICOS DE TERCEIROS - PJ;3;ESTIMATIVO;08;NAO SE APLICA;-8;03/01/2018;JAN/2018;2018;070025000012018NE000021;ASSISTENCIA MEDICA;PAGTO NFS 1889. SERVICOS MEDICOS. IMP.FED. 5,85 (R$ 57,74) E ISS 2,00 (R$ 19,74). PA 3081-10.2017.;070025;TRIBUNAL REGIONAL ELEITORAL DO D. FEDERAL;;;;;;;;0,00;987,00;987,00;;;;;;;;;987,00;987,00
14107;TRIBUNAL REGIONAL ELEITORAL DO DIST. FEDERAL;070025;TRIBUNAL REGIONAL ELEITORAL DO D. FEDERAL;02301057020040053;2004;ASSISTENCIA MEDICA E ODONTOLOGICA AOS SERVIDORES CIVIS, EMPR;0001;ASSISTENCIA MEDICA E ODONTOLOGICA DE CIVIS - COMPLEMENTACAO DA UNIAO;084780;AMO CREMOD;ASSIST MED ODONT- CREDENCIAMENTO;0100;RECURSOS ORDINARIOS;2;ORCAMENTO DE SEGURIDADE SOCIAL;3;DESPESAS CORRENTES;3;OUTRAS DESPESAS CORRENTES;92;DESPESAS DE EXERCICIOS ANTERIORES;339092;DESPESAS DE EXERCICIOS ANTERIORES;33909239;OUTROS SERVICOS DE TERCEIROS - PJ;3;ESTIMATIVO;08;NAO SE APLICA;-8;03/01/2018;JAN/2018;2018;070025000012018NE000021;ASSISTENCIA MEDICA;PAGTO NFS 2080, 2081 E 2173. SERVICOS ODONTOLOGICOS. RETENCAO IMP. FED. 5,85 (R$ 1.790,11) E ISS 2,00 (R$ 612,00). PA 2141-79.2016.;070025;TRIBUNAL REGIONAL ELEITORAL DO D. FEDERAL;;;;;;;;0,00;30.600,20;30.600,20;;;;;;;;;30.600,20;30.600,20
14107;TRIBUNAL REGIONAL ELEITORAL DO DIST. FEDERAL;070025;TRIBUNAL REGIONAL ELEITORAL DO D. FEDERAL;02301057020040053;2004;ASSISTENCIA MEDICA E ODONTOLOGICA AOS SERVIDORES CIVIS, EMPR;0001;ASSISTENCIA MEDICA E ODONTOLOGICA DE CIVIS - COMPLEMENTACAO DA UNIAO;084780;AMO CREMOD;ASSIST MED ODONT- CREDENCIAMENTO;0100;RECURSOS ORDINARIOS;2;ORCAMENTO DE SEGURIDADE SOCIAL;3;DESPESAS CORRENTES;3;OUTRAS DESPESAS CORRENTES;92;DESPESAS DE EXERCICIOS ANTERIORES;339092;DESPESAS DE EXERCICIOS ANTERIORES;33909239;OUTROS SERVICOS DE TERCEIROS - PJ;3;ESTIMATIVO;08;NAO SE APLICA;-8;03/01/2018;JAN/2018;2018;070025000012018NE000021;ASSISTENCIA MEDICA;PAGTO NFS 21001 E 21130. SERVICOS MEDICOS. RETENCAO 5,85 IMP FED (R$ 387,11) E 2,00 ISS (R$ 132,34). PA 1777-10.2016;070025;TRIBUNAL REGIONAL ELEITORAL DO D. FEDERAL;;;;;;;;0,00;6.617,21;6.617,21;;;;;;;;;6.617,21;6.617,21
14107;TRIBUNAL REGIONAL ELEITORAL DO DIST. FEDERAL;070025;TRIBUNAL REGIONAL ELEITORAL DO D. FEDERAL;02301057020040053;2004;ASSISTENCIA MEDICA E ODONTOLOGICA AOS SERVIDORES CIVIS, EMPR;0001;ASSISTENCIA MEDICA E ODONTOLOGICA DE CIVIS - COMPLEMENTACAO DA UNIAO;084780;AMO CREMOD;ASSIST MED ODONT- CREDENCIAMENTO;0100;RECURSOS ORDINARIOS;2;ORCAMENTO DE SEGURIDADE SOCIAL;3;DESPESAS CORRENTES;3;OUTRAS DESPESAS CORRENTES;92;DESPESAS DE EXERCICIOS ANTERIORES;339092;DESPESAS DE EXERCICIOS ANTERIORES;33909239;OUTROS SERVICOS DE TERCEIROS - PJ;3;ESTIMATIVO;08;NAO SE APLICA;-8;03/01/2018;JAN/2018;2018;070025000012018NE000021;ASSISTENCIA MEDICA;PAGTO NFS 21494 E 21657. SERVICOS MEDICOS. RETENCAO IMP FED 5,85 (R$ 53,94) E ISS 2,00 (R$ 18,44). PA 1823-96.2016.;070025;TRIBUNAL REGIONAL ELEITORAL DO D. FEDERAL;;;;;;;;0,00;921,99;921,99;;;;;;;;;921,99;921,99
14107;TRIBUNAL REGIONAL ELEITORAL DO DIST. FEDERAL;070025;TRIBUNAL REGIONAL ELEITORAL DO D. FEDERAL;02301057020040053;2004;ASSISTENCIA MEDICA E ODONTOLOGICA AOS SERVIDORES CIVIS, EMPR;0001;ASSISTENCIA MEDICA E ODONTOLOGICA DE CIVIS - COMPLEMENTACAO DA UNIAO;084780;AMO CREMOD;ASSIST MED ODONT- CREDENCIAMENTO;0100;RECURSOS ORDINARIOS;2;ORCAMENTO DE SEGURIDADE SOCIAL;3;DESPESAS CORRENTES;3;OUTRAS DESPESAS CORRENTES;92;DESPESAS DE EXERCICIOS ANTERIORES;339092;DESPESAS DE EXERCICIOS ANTERIORES;33909239;OUTROS SERVICOS DE TERCEIROS - PJ;3;ESTIMATIVO;08;NAO SE APLICA;-8;03/01/2018;JAN/2018;2018;070025000012018NE000021;ASSISTENCIA MEDICA;PAGTO NFS 2152 E 2264. SERVICOS MEDICOS. RETENCAO IMP FED 5,85 (R$ 80,77). PA 2417-13.2016.;070025;TRIBUNAL REGIONAL ELEITORAL DO D. FEDERAL;;;;;;;;0,00;1.380,74;1.380,74;;;;;;;;;1.380,74;1.380,74
14107;TRIBUNAL REGIONAL ELEITORAL DO DIST. FEDERAL;070025;TRIBUNAL REGIONAL ELEITORAL DO D. FEDERAL;02301057020040053;2004;ASSISTENCIA MEDICA E ODONTOLOGICA AOS SERVIDORES CIVIS, EMPR;0001;ASSISTENCIA MEDICA E ODONTOLOGICA DE CIVIS - COMPLEMENTACAO DA UNIAO;084780;AMO CREMOD;ASSIST MED ODONT- CREDENCIAMENTO;0100;RECURSOS ORDINARIOS;2;ORCAMENTO DE SEGURIDADE SOCIAL;3;DESPESAS CORRENTES;3;OUTRAS DESPESAS CORRENTES;92;DESPESAS DE EXERCICIOS ANTERIORES;339092;DESPESAS DE EXERCICIOS ANTERIORES;33909239;OUTROS SERVICOS DE TERCEIROS - PJ;3;ESTIMATIVO;08;NAO SE APLICA;-8;03/01/2018;JAN/2018;2018;070025000012018NE000021;ASSISTENCIA MEDICA;PAGTO NFS 21961 E 22003. SERVICOS MEDICOS. RETENCAO IMP FED 5,85 (R$ 247,43) E ISS 2,00 (R$ 84,59). PA 1823-96.2016.;070025;TRIBUNAL REGIONAL ELEITORAL DO D. FEDERAL;;;;;;;;0,00;1.292,40;1.292,40;;;;;;;;;1.292,40;1.292,40
14107;TRIBUNAL REGIONAL ELEITORAL DO DIST. FEDERAL;070025;TRIBUNAL REGIONAL ELEITORAL DO D. FEDERAL;02301057020040053;2004;ASSISTENCIA MEDICA E ODONTOLOGICA AOS SERVIDORES CIVIS, EMPR;0001;ASSISTENCIA MEDICA E ODONTOLOGICA DE CIVIS - COMPLEMENTACAO DA UNIAO;084780;AMO CREMOD;ASSIST MED ODONT- CREDENCIAMENTO;0100;RECURSOS ORDINARIOS;2;ORCAMENTO DE SEGURIDADE SOCIAL;3;DESPESAS CORRENTES;3;OUTRAS DESPESAS CORRENTES;92;DESPESAS DE EXERCICIOS ANTERIORES;339092;DESPESAS DE EXERCICIOS ANTERIORES;33909239;OUTROS SERVICOS DE TERCEIROS - PJ;3;ESTIMATIVO;08;NAO SE APLICA;-8;03/01/2018;JAN/2018;2018;070025000012018NE000021;ASSISTENCIA MEDICA;PAGTO NFS 2239 E 2240. REF. SERVICOS MEDICOS. RETENCAO IMP. FED. 5,85 (R$ 10,53) E ISS 2,00 (R$ 3,60). PA 8093-39.2016.;070025;TRIBUNAL REGIONAL ELEITORAL DO D. FEDERAL;;;;;;;;0,00;90,00;90,00;;;;;;;;;90,00;90,00
14107;TRIBUNAL REGIONAL ELEITORAL DO DIST. FEDERAL;070025;TRIBUNAL REGIONAL ELEITORAL DO D. FEDERAL;02301057020040053;2004;ASSISTENCIA MEDICA E ODONTOLOGICA AOS SERVIDORES CIVIS, EMPR;0001;ASSISTENCIA MEDICA E ODONTOLOGICA DE CIVIS - COMPLEMENTACAO DA UNIAO;084780;AMO CREMOD;ASSIST MED ODONT- CREDENCIAMENTO;0100;RECURSOS ORDINARIOS;2;ORCAMENTO DE SEGURIDADE SOCIAL;3;DESPESAS CORRENTES;3;OUTRAS DESPESAS CORRENTES;92;DESPESAS DE EXERCICIOS ANTERIORES;339092;DESPESAS DE EXERCICIOS ANTERIORES;33909239;OUTROS SERVICOS DE TERCEIROS - PJ;3;ESTIMATIVO;08;NAO SE APLICA;-8;03/01/2018;JAN/2018;2018;070025000012018NE000021;ASSISTENCIA MEDICA;PAGTO NFS 23154 E 23342. SERVICOS MEDICOS. RETENCAO 5,85 IMP FED (R$ 285,68) E 2,00 ISS (R$ 97,67). PA 1947-79.2016;070025;TRIBUNAL REGIONAL ELEITORAL DO D. FEDERAL;;;;;;;;0,00;4.274,80;4.274,80;;;;;;;;;4.274,80;4.274,80
14107;TRIBUNAL REGIONAL ELEITORAL DO DIST. FEDERAL;070025;TRIBUNAL REGIONAL ELEITORAL DO D. FEDERAL;02301057020040053;2004;ASSISTENCIA MEDICA E ODONTOLOGICA AOS SERVIDORES CIVIS, EMPR;0001;ASSISTENCIA MEDICA E ODONTOLOGICA DE CIVIS - COMPLEMENTACAO DA UNIAO;084780;AMO CREMOD;ASSIST MED ODONT- CREDENCIAMENTO;0100;RECURSOS ORDINARIOS;2;ORCAMENTO DE SEGURIDADE SOCIAL;3;DESPESAS CORRENTES;3;OUTRAS DESPESAS CORRENTES;92;DESPESAS DE EXERCICIOS ANTERIORES;339092;DESPESAS DE EXERCICIOS ANTERIORES;33909239;OUTROS SERVICOS DE TERCEIROS - PJ;3;ESTIMATIVO;08;NAO SE APLICA;-8;03/01/2018;JAN/2018;2018;070025000012018NE000021;ASSISTENCIA MEDICA;PAGTO NFS 23912, 24383 E 24673. SERVICOS MEDICOS. RETENCAO 5,85 IMP FED (R$ 127,76) E 2,00 ISS (R$ 43,68). PA 1947-79.2016;070025;TRIBUNAL REGIONAL ELEITORAL DO D. FEDERAL;;;;;;;;0,00;719,36;719,36;;;;;;;;;719,36;719,36
14107;TRIBUNAL REGIONAL ELEITORAL DO DIST. FEDERAL;070025;TRIBUNAL REGIONAL ELEITORAL DO D. FEDERAL;02301057020040053;2004;ASSISTENCIA MEDICA E ODONTOLOGICA AOS SERVIDORES CIVIS, EMPR;0001;ASSISTENCIA MEDICA E ODONTOLOGICA DE CIVIS - COMPLEMENTACAO DA UNIAO;084780;AMO CREMOD;ASSIST MED ODONT- CREDENCIAMENTO;0100;RECURSOS ORDINARIOS;2;ORCAMENTO DE SEGURIDADE SOCIAL;3;DESPESAS CORRENTES;3;OUTRAS DESPESAS CORRENTES;92;DESPESAS DE EXERCICIOS ANTERIORES;339092;DESPESAS DE EXERCICIOS ANTERIORES;33909239;OUTROS SERVICOS DE TERCEIROS - PJ;3;ESTIMATIVO;08;NAO SE APLICA;-8;03/01/2018;JAN/2018;2018;070025000012018NE000021;ASSISTENCIA MEDICA;PAGTO NFS 2404 E 2407. SERVICOS ODONTOLOGICOS. RETENCAO IMP. FED. 5,85 (R$ 793,05) E ISS 2,00 (R$ 271,13). PA 2141-79.2016.;070025;TRIBUNAL REGIONAL ELEITORAL DO D. FEDERAL;;;;;;;;0,00;13.556,45;13.556,45;;;;;;;;;13.556,45;13.556,45
14107;TRIBUNAL REGIONAL ELEITORAL DO DIST. FEDERAL;070025;TRIBUNAL REGIONAL ELEITORAL DO D. FEDERAL;02301057020040053;2004;ASSISTENCIA MEDICA E ODONTOLOGICA AOS SERVIDORES CIVIS, EMPR;0001;ASSISTENCIA MEDICA E ODONTOLOGICA DE CIVIS - COMPLEMENTACAO DA UNIAO;084780;AMO CREMOD;ASSIST MED ODONT- CREDENCIAMENTO;0100;RECURSOS ORDINARIOS;2;ORCAMENTO DE SEGURIDADE SOCIAL;3;DESPESAS CORRENTES;3;OUTRAS DESPESAS CORRENTES;92;DESPESAS DE EXERCICIOS ANTERIORES;339092;DESPESAS DE EXERCICIOS ANTERIORES;33909239;OUTROS SERVICOS DE TERCEIROS - PJ;3;ESTIMATIVO;08;NAO SE APLICA;-8;03/01/2018;JAN/2018;2018;070025000012018NE000021;ASSISTENCIA MEDICA;PAGTO NFS 2408 E 2409. SERVICOS ODONTOLOGICOS. RETENCAO IMP. FED. 5,85 (R$ 25,34) E ISS 2,00 (R$ 8,66). PA 531-08.2018.;070025;TRIBUNAL REGIONAL ELEITORAL DO D. FEDERAL;;;;;;;;0,00;145,56;145,56;;;;;;;;;145,56;145,56
14107;TRIBUNAL REGIONAL ELEITORAL DO DIST. FEDERAL;070025;TRIBUNAL REGIONAL ELEITORAL DO D. FEDERAL;02301057020040053;2004;ASSISTENCIA MEDICA E ODONTOLOGICA AOS SERVIDORES CIVIS, EMPR;0001;ASSISTENCIA MEDICA E ODONTOLOGICA DE CIVIS - COMPLEMENTACAO DA UNIAO;084780;AMO CREMOD;ASSIST MED ODONT- CREDENCIAMENTO;0100;RECURSOS ORDINARIOS;2;ORCAMENTO DE SEGURIDADE SOCIAL;3;DESPESAS CORRENTES;3;OUTRAS DESPESAS CORRENTES;92;DESPESAS DE EXERCICIOS ANTERIORES;339092;DESPESAS DE EXERCICIOS ANTERIORES;33909239;OUTROS SERVICOS DE TERCEIROS - PJ;3;ESTIMATIVO;08;NAO SE APLICA;-8;03/01/2018;JAN/2018;2018;070025000012018NE000021;ASSISTENCIA MEDICA;PAGTO NFS 2429 E 2433. REF. SERVICOS MEDICOS. RETENCAO IMP. FED. 5,85 (R$ 56,43) E ISS 2,00 (R$ 19,29). PA 424-61.2018.;070025;TRIBUNAL REGIONAL ELEITORAL DO D. FEDERAL;;;;;;;;0,00;964,69;964,69;;;;;;;;;964,69;964,69
14107;TRIBUNAL REGIONAL ELEITORAL DO DIST. FEDERAL;070025;TRIBUNAL REGIONAL ELEITORAL DO D. FEDERAL;02301057020040053;2004;ASSISTENCIA MEDICA E ODONTOLOGICA AOS SERVIDORES CIVIS, EMPR;0001;ASSISTENCIA MEDICA E ODONTOLOGICA DE CIVIS - COMPLEMENTACAO DA UNIAO;084780;AMO CREMOD;ASSIST MED ODONT- CREDENCIAMENTO;0100;RECURSOS ORDINARIOS;2;ORCAMENTO DE SEGURIDADE SOCIAL;3;DESPESAS CORRENTES;3;OUTRAS DESPESAS CORRENTES;92;DESPESAS DE EXERCICIOS ANTERIORES;339092;DESPESAS DE EXERCICIOS ANTERIORES;33909239;OUTROS SERVICOS DE TERCEIROS - PJ;3;ESTIMATIVO;08;NAO SE APLICA;-8;03/01/2018;JAN/2018;2018;070025000012018NE000021;ASSISTENCIA MEDICA;PAGTO NFS 24311 E 24314. SERVICOS MEDICOS. RETENCAO IMP FED 5,85 (R$ 267,23) E ISS 2,00 (R$ 91,36). PA 408-10.2018.;070025;TRIBUNAL REGIONAL ELEITORAL DO D. FEDERAL;;;;;;;;0,00;4.568,00;4.568,00;;;;;;;;;4.568,00;4.568,00
14107;TRIBUNAL REGIONAL ELEITORAL DO DIST. FEDERAL;070025;TRIBUNAL REGIONAL ELEITORAL DO D. FEDERAL;02301057020040053;2004;ASSISTENCIA MEDICA E ODONTOLOGICA AOS SERVIDORES CIVIS, EMPR;0001;ASSISTENCIA MEDICA E ODONTOLOGICA DE CIVIS - COMPLEMENTACAO DA UNIAO;084780;AMO CREMOD;ASSIST MED ODONT- CREDENCIAMENTO;0100;RECURSOS ORDINARIOS;2;ORCAMENTO DE SEGURIDADE SOCIAL;3;DESPESAS CORRENTES;3;OUTRAS DESPESAS CORRENTES;92;DESPESAS DE EXERCICIOS ANTERIORES;339092;DESPESAS DE EXERCICIOS ANTERIORES;33909239;OUTROS SERVICOS DE TERCEIROS - PJ;3;ESTIMATIVO;08;NAO SE APLICA;-8;03/01/2018;JAN/2018;2018;070025000012018NE000021;ASSISTENCIA MEDICA;PAGTO NFS 24448 E 24449. SERVICOS MEDICOS. RETENCAO IMP FED 5,85 (R$ 247,39) E ISS 2,00 (R$ 84,58). PA 408-10.2018.;070025;TRIBUNAL REGIONAL ELEITORAL DO D. FEDERAL;;;;;;;;0,00;4.228,96;4.228,96;;;;;;;;;4.228,96;4.228,96
14107;TRIBUNAL REGIONAL ELEITORAL DO DIST. FEDERAL;070025;TRIBUNAL REGIONAL ELEITORAL DO D. FEDERAL;02301057020040053;2004;ASSISTENCIA MEDICA E ODONTOLOGICA AOS SERVIDORES CIVIS, EMPR;0001;ASSISTENCIA MEDICA E ODONTOLOGICA DE CIVIS - COMPLEMENTACAO DA UNIAO;084780;AMO CREMOD;ASSIST MED ODONT- CREDENCIAMENTO;0100;RECURSOS ORDINARIOS;2;ORCAMENTO DE SEGURIDADE SOCIAL;3;DESPESAS CORRENTES;3;OUTRAS DESPESAS CORRENTES;92;DESPESAS DE EXERCICIOS ANTERIORES;339092;DESPESAS DE EXERCICIOS ANTERIORES;33909239;OUTROS SERVICOS DE TERCEIROS - PJ;3;ESTIMATIVO;08;NAO SE APLICA;-8;03/01/2018;JAN/2018;2018;070025000012018NE000021;ASSISTENCIA MEDICA;PAGTO NFS 2725 E 2789. REF. SERVICOS MEDICOS. RETENCAO IMP.FED. 5,85 (R$ 180,66) E ISS 2,00 (R$ 61,76). PA 8158-34.2016.;070025;TRIBUNAL REGIONAL ELEITORAL DO D. FEDERAL;;;;;;;;0,00;3.088,25;3.088,25;;;;;;;;;3.088,25;3.088,25
14107;TRIBUNAL REGIONAL ELEITORAL DO DIST. FEDERAL;070025;TRIBUNAL REGIONAL ELEITORAL DO D. FEDERAL;02301057020040053;2004;ASSISTENCIA MEDICA E ODONTOLOGICA AOS SERVIDORES CIVIS, EMPR;0001;ASSISTENCIA MEDICA E ODONTOLOGICA DE CIVIS - COMPLEMENTACAO DA UNIAO;084780;AMO CREMOD;ASSIST MED ODONT- CREDENCIAMENTO;0100;RECURSOS ORDINARIOS;2;ORCAMENTO DE SEGURIDADE SOCIAL;3;DESPESAS CORRENTES;3;OUTRAS DESPESAS CORRENTES;92;DESPESAS DE EXERCICIOS ANTERIORES;339092;DESPESAS DE EXERCICIOS ANTERIORES;33909239;OUTROS SERVICOS DE TERCEIROS - PJ;3;ESTIMATIVO;08;NAO SE APLICA;-8;03/01/2018;JAN/2018;2018;070025000012018NE000021;ASSISTENCIA MEDICA;PAGTO NFS 30667,31130,31131. SERVICOS MEDICOS. RETENCAO 5,85 IMP FED (R$ 263,11) E 2,00 ISS (R$ 89,95). PA 2345-26.2016.;070025;TRIBUNAL REGIONAL ELEITORAL DO D. FEDERAL;;;;;;;;0,00;3.751,06;3.751,06;;;;;;;;;3.751,06;3.751,06
14107;TRIBUNAL REGIONAL ELEITORAL DO DIST. FEDERAL;070025;TRIBUNAL REGIONAL ELEITORAL DO D. FEDERAL;02301057020040053;2004;ASSISTENCIA MEDICA E ODONTOLOGICA AOS SERVIDORES CIVIS, EMPR;0001;ASSISTENCIA MEDICA E ODONTOLOGICA DE CIVIS - COMPLEMENTACAO DA UNIAO;084780;AMO CREMOD;ASSIST MED ODONT- CREDENCIAMENTO;0100;RECURSOS ORDINARIOS;2;ORCAMENTO DE SEGURIDADE SOCIAL;3;DESPESAS CORRENTES;3;OUTRAS DESPESAS CORRENTES;92;DESPESAS DE EXERCICIOS ANTERIORES;339092;DESPESAS DE EXERCICIOS ANTERIORES;33909239;OUTROS SERVICOS DE TERCEIROS - PJ;3;ESTIMATIVO;08;NAO SE APLICA;-8;03/01/2018;JAN/2018;2018;070025000012018NE000021;ASSISTENCIA MEDICA;PAGTO NFS 30711, 30712, 31422, 31425, 31599, 31612, 32637, 32742, 32894. SERVICOS MEDICOS. IMP.FED. 5,85 (R$ 12.982,67) E ISS 2,00 (R$ 2.478,604.438,52). PA 2267-32.2016.;070025;TRIBUNAL REGIONAL ELEITORAL DO D. FEDERAL;;;;;;;;0,00;209.214,30;209.214,30;;;;;;;;;209.214,30;209.214,30
14107;TRIBUNAL REGIONAL ELEITORAL DO DIST. FEDERAL;070025;TRIBUNAL REGIONAL ELEITORAL DO D. FEDERAL;02301057020040053;2004;ASSISTENCIA MEDICA E ODONTOLOGICA AOS SERVIDORES CIVIS, EMPR;0001;ASSISTENCIA MEDICA E ODONTOLOGICA DE CIVIS - COMPLEMENTACAO DA UNIAO;084780;AMO CREMOD;ASSIST MED ODONT- CREDENCIAMENTO;0100;RECURSOS ORDINARIOS;2;ORCAMENTO DE SEGURIDADE SOCIAL;3;DESPESAS CORRENTES;3;OUTRAS DESPESAS CORRENTES;92;DESPESAS DE EXERCICIOS ANTERIORES;339092;DESPESAS DE EXERCICIOS ANTERIORES;33909239;OUTROS SERVICOS DE TERCEIROS - PJ;3;ESTIMATIVO;08;NAO SE APLICA;-8;03/01/2018;JAN/2018;2018;070025000012018NE000021;ASSISTENCIA MEDICA;PAGTO NFS 31501, 32624, 32625, 32626, 32627, E 32628. SERVICOS MEDICOS. RETENCAO 5,85 IMP FED (R$ 255,78) E 2,00 ISS (R$ 87,44). PA 2345-26.2016.;070025;TRIBUNAL REGIONAL ELEITORAL DO D. FEDERAL;;;;;;;;0,00;4.082,90;4.082,90;;;;;;;;;4.082,90;4.082,90
14107;TRIBUNAL REGIONAL ELEITORAL DO DIST. FEDERAL;070025;TRIBUNAL REGIONAL ELEITORAL DO D. FEDERAL;02301057020040053;2004;ASSISTENCIA MEDICA E ODONTOLOGICA AOS SERVIDORES CIVIS, EMPR;0001;ASSISTENCIA MEDICA E ODONTOLOGICA DE CIVIS - COMPLEMENTACAO DA UNIAO;084780;AMO CREMOD;ASSIST MED ODONT- CREDENCIAMENTO;0100;RECURSOS ORDINARIOS;2;ORCAMENTO DE SEGURIDADE SOCIAL;3;DESPESAS CORRENTES;3;OUTRAS DESPESAS CORRENTES;92;DESPESAS DE EXERCICIOS ANTERIORES;339092;DESPESAS DE EXERCICIOS ANTERIORES;33909239;OUTROS SERVICOS DE TERCEIROS - PJ;3;ESTIMATIVO;08;NAO SE APLICA;-8;03/01/2018;JAN/2018;2018;070025000012018NE000021;ASSISTENCIA MEDICA;PAGTO NFS 33864, 34837, 35695 E 35696. SERVICOS MEDICOS. IMP.FED. 5,85 (R$ 1.993,06) E ISS 2,00 (R$ 681,39). PA 2267-32.2016.;070025;TRIBUNAL REGIONAL ELEITORAL DO D. FEDERAL;;;;;;;;0,00;32.529,58;32.529,58;;;;;;;;;32.529,58;32.529,58
14107;TRIBUNAL REGIONAL ELEITORAL DO DIST. FEDERAL;070025;TRIBUNAL REGIONAL ELEITORAL DO D. FEDERAL;02301057020040053;2004;ASSISTENCIA MEDICA E ODONTOLOGICA AOS SERVIDORES CIVIS, EMPR;0001;ASSISTENCIA MEDICA E ODONTOLOGICA DE CIVIS - COMPLEMENTACAO DA UNIAO;084780;AMO CREMOD;ASSIST MED ODONT- CREDENCIAMENTO;0100;RECURSOS ORDINARIOS;2;ORCAMENTO DE SEGURIDADE SOCIAL;3;DESPESAS CORRENTES;3;OUTRAS DESPESAS CORRENTES;92;DESPESAS DE EXERCICIOS ANTERIORES;339092;DESPESAS DE EXERCICIOS ANTERIORES;33909239;OUTROS SERVICOS DE TERCEIROS - PJ;3;ESTIMATIVO;08;NAO SE APLICA;-8;03/01/2018;JAN/2018;2018;070025000012018NE000021;ASSISTENCIA MEDICA;PAGTO NFS 34494, 34725 E 33602. SERVICOS MEDICOS. RETENCAO 5,85 IMP FED (R$ 67,83) E 2,00 ISS (R$ 23,19). PA 2691-74.2016;070025;TRIBUNAL REGIONAL ELEITORAL DO D. FEDERAL;;;;;;;;0,00;1.076,81;1.076,81;;;;;;;;;1.076,81;1.076,81
14107;TRIBUNAL REGIONAL ELEITORAL DO DIST. FEDERAL;070025;TRIBUNAL REGIONAL ELEITORAL DO D. FEDERAL;02301057020040053;2004;ASSISTENCIA MEDICA E ODONTOLOGICA AOS SERVIDORES CIVIS, EMPR;0001;ASSISTENCIA MEDICA E ODONTOLOGICA DE CIVIS - COMPLEMENTACAO DA UNIAO;084780;AMO CREMOD;ASSIST MED ODONT- CREDENCIAMENTO;0100;RECURSOS ORDINARIOS;2;ORCAMENTO DE SEGURIDADE SOCIAL;3;DESPESAS CORRENTES;3;OUTRAS DESPESAS CORRENTES;92;DESPESAS DE EXERCICIOS ANTERIORES;339092;DESPESAS DE EXERCICIOS ANTERIORES;33909239;OUTROS SERVICOS DE TERCEIROS - PJ;3;ESTIMATIVO;08;NAO SE APLICA;-8;03/01/2018;JAN/2018;2018;070025000012018NE000021;ASSISTENCIA MEDICA;PAGTO NFS 38174 E 39141. SERVICOS MEDICOS-HOSPITALARES. RET. IMP. FED. 5,85 (R$ 459,41) E ISS 2,00 (R$ 157,06). PA 897-18.2016.;070025;TRIBUNAL REGIONAL ELEITORAL DO D. FEDERAL;;;;;;;;0,00;7.853,15;7.853,15;;;;;;;;;7.853,15;7.853,15
14107;TRIBUNAL REGIONAL ELEITORAL DO DIST. FEDERAL;070025;TRIBUNAL REGIONAL ELEITORAL DO D. FEDERAL;02301057020040053;2004;ASSISTENCIA MEDICA E ODONTOLOGICA AOS SERVIDORES CIVIS, EMPR;0001;ASSISTENCIA MEDICA E ODONTOLOGICA DE CIVIS - COMPLEMENTACAO DA UNIAO;084780;AMO CREMOD;ASSIST MED ODONT- CREDENCIAMENTO;0100;RECURSOS ORDINARIOS;2;ORCAMENTO DE SEGURIDADE SOCIAL;3;DESPESAS CORRENTES;3;OUTRAS DESPESAS CORRENTES;92;DESPESAS DE EXERCICIOS ANTERIORES;339092;DESPESAS DE EXERCICIOS ANTERIORES;33909239;OUTROS SERVICOS DE TERCEIROS - PJ;3;ESTIMATIVO;08;NAO SE APLICA;-8;03/01/2018;JAN/2018;2018;070025000012018NE000021;ASSISTENCIA MEDICA;PAGTO NFS 39865 E 39966. SERVICOS MEDICOS-HOSPITALARES. RET. IMP. FED. 5,85 (R$ 118,90) E ISS 2,00 (R$ 40,65). PA 897-18.2016.;070025;TRIBUNAL REGIONAL ELEITORAL DO D. FEDERAL;;;;;;;;0,00;2.032,46;2.032,46;;;;;;;;;2.032,46;2.032,46
14107;TRIBUNAL REGIONAL ELEITORAL DO DIST. FEDERAL;070025;TRIBUNAL REGIONAL ELEITORAL DO D. FEDERAL;02301057020040053;2004;ASSISTENCIA MEDICA E ODONTOLOGICA AOS SERVIDORES CIVIS, EMPR;0001;ASSISTENCIA MEDICA E ODONTOLOGICA DE CIVIS - COMPLEMENTACAO DA UNIAO;084780;AMO CREMOD;ASSIST MED ODONT- CREDENCIAMENTO;0100;RECURSOS ORDINARIOS;2;ORCAMENTO DE SEGURIDADE SOCIAL;3;DESPESAS CORRENTES;3;OUTRAS DESPESAS CORRENTES;92;DESPESAS DE EXERCICIOS ANTERIORES;339092;DESPESAS DE EXERCICIOS ANTERIORES;33909239;OUTROS SERVICOS DE TERCEIROS - PJ;3;ESTIMATIVO;08;NAO SE APLICA;-8;03/01/2018;JAN/2018;2018;070025000012018NE000021;ASSISTENCIA MEDICA;PAGTO NFS 4030 E 4043. SERVICOS ODONTOLOGICOS. RETENCAO IMP FED 5,85 (R$ 31,20) E ISS 2,00 (R$ 10,67). PA 2315-88.2016.;070025;TRIBUNAL REGIONAL ELEITORAL DO D. FEDERAL;;;;;;;;0,00;533,39;533,39;;;;;;;;;533,39;533,39
14107;TRIBUNAL REGIONAL ELEITORAL DO DIST. FEDERAL;070025;TRIBUNAL REGIONAL ELEITORAL DO D. FEDERAL;02301057020040053;2004;ASSISTENCIA MEDICA E ODONTOLOGICA AOS SERVIDORES CIVIS, EMPR;0001;ASSISTENCIA MEDICA E ODONTOLOGICA DE CIVIS - COMPLEMENTACAO DA UNIAO;084780;AMO CREMOD;ASSIST MED ODONT- CREDENCIAMENTO;0100;RECURSOS ORDINARIOS;2;ORCAMENTO DE SEGURIDADE SOCIAL;3;DESPESAS CORRENTES;3;OUTRAS DESPESAS CORRENTES;92;DESPESAS DE EXERCICIOS ANTERIORES;339092;DESPESAS DE EXERCICIOS ANTERIORES;33909239;OUTROS SERVICOS DE TERCEIROS - PJ;3;ESTIMATIVO;08;NAO SE APLICA;-8;03/01/2018;JAN/2018;2018;070025000012018NE000021;ASSISTENCIA MEDICA;PAGTO NFS 45165 E 45997. SERVICOS MEDICOS. RETENCAO 5,85 IMP FED (R$ 680,54) E 2,00 ISS (R$ 232,66). PA 0382-12.2018;070025;TRIBUNAL REGIONAL ELEITORAL DO D. FEDERAL;;;;;;;;0,00;11.633,16;11.633,16;;;;;;;;;11.633,16;11.633,16
14107;TRIBUNAL REGIONAL ELEITORAL DO DIST. FEDERAL;070025;TRIBUNAL REGIONAL ELEITORAL DO D. FEDERAL;02301057020040053;2004;ASSISTENCIA MEDICA E ODONTOLOGICA AOS SERVIDORES CIVIS, EMPR;0001;ASSISTENCIA MEDICA E ODONTOLOGICA DE CIVIS - COMPLEMENTACAO DA UNIAO;084780;AMO CREMOD;ASSIST MED ODONT- CREDENCIAMENTO;0100;RECURSOS ORDINARIOS;2;ORCAMENTO DE SEGURIDADE SOCIAL;3;DESPESAS CORRENTES;3;OUTRAS DESPESAS CORRENTES;92;DESPESAS DE EXERCICIOS ANTERIORES;339092;DESPESAS DE EXERCICIOS ANTERIORES;33909239;OUTROS SERVICOS DE TERCEIROS - PJ;3;ESTIMATIVO;08;NAO SE APLICA;-8;03/01/2018;JAN/2018;2018;070025000012018NE000021;ASSISTENCIA MEDICA;PAGTO NFS 459, 829 E 51462. SERVICOS MEDICOS. RETENCAO IMP. FED. 5,85 (R$ 47,76) E ISS 2,00 (R$ 16,33). PA 2052-56.2016.;070025;TRIBUNAL REGIONAL ELEITORAL DO D. FEDERAL;;;;;;;;0,00;90,00;90,00;;;;;;;;;90,00;90,00
14107;TRIBUNAL REGIONAL ELEITORAL DO DIST. FEDERAL;070025;TRIBUNAL REGIONAL ELEITORAL DO D. FEDERAL;02301057020040053;2004;ASSISTENCIA MEDICA E ODONTOLOGICA AOS SERVIDORES CIVIS, EMPR;0001;ASSISTENCIA MEDICA E ODONTOLOGICA DE CIVIS - COMPLEMENTACAO DA UNIAO;084780;AMO CREMOD;ASSIST MED ODONT- CREDENCIAMENTO;0100;RECURSOS ORDINARIOS;2;ORCAMENTO DE SEGURIDADE SOCIAL;3;DESPESAS CORRENTES;3;OUTRAS DESPESAS CORRENTES;92;DESPESAS DE EXERCICIOS ANTERIORES;339092;DESPESAS DE EXERCICIOS ANTERIORES;33909239;OUTROS SERVICOS DE TERCEIROS - PJ;3;ESTIMATIVO;08;NAO SE APLICA;-8;03/01/2018;JAN/2018;2018;070025000012018NE000021;ASSISTENCIA MEDICA;PAGTO NFS 47081, 47389 E 47698. SERVICOS MEDICOS. RETENCAO IMP FED 5,85 (R$ 316,89) E ISS 2,00 (R$ 108,34). PA 2325-35.2016.;070025;TRIBUNAL REGIONAL ELEITORAL DO D. FEDERAL;;;;;;;;0,00;4.312,37;4.312,37;;;;;;;;;4.312,37;4.312,37
14107;TRIBUNAL REGIONAL ELEITORAL DO DIST. FEDERAL;070025;TRIBUNAL REGIONAL ELEITORAL DO D. FEDERAL;02301057020040053;2004;ASSISTENCIA MEDICA E ODONTOLOGICA AOS SERVIDORES CIVIS, EMPR;0001;ASSISTENCIA MEDICA E ODONTOLOGICA DE CIVIS - COMPLEMENTACAO DA UNIAO;084780;AMO CREMOD;ASSIST MED ODONT- CREDENCIAMENTO;0100;RECURSOS ORDINARIOS;2;ORCAMENTO DE SEGURIDADE SOCIAL;3;DESPESAS CORRENTES;3;OUTRAS DESPESAS CORRENTES;92;DESPESAS DE EXERCICIOS ANTERIORES;339092;DESPESAS DE EXERCICIOS ANTERIORES;33909239;OUTROS SERVICOS DE TERCEIROS - PJ;3;ESTIMATIVO;08;NAO SE APLICA;-8;03/01/2018;JAN/2018;2018;070025000012018NE000021;ASSISTENCIA MEDICA;PAGTO NFS 47263, 47904, 48035, 48268, 48270, 49274 E 49533. SERVICOS MEDICOS. RETENCAO IMP FED 5,85 (R$ 2.169,91) E ISS 2,00 (R$ 741,85). PA 2325-35.2016.;070025;TRIBUNAL REGIONAL ELEITORAL DO D. FEDERAL;;;;;;;;0,00;34.897,47;34.897,47;;;;;;;;;34.897,47;34.897,47
14107;TRIBUNAL REGIONAL ELEITORAL DO DIST. FEDERAL;070025;TRIBUNAL REGIONAL ELEITORAL DO D. FEDERAL;02301057020040053;2004;ASSISTENCIA MEDICA E ODONTOLOGICA AOS SERVIDORES CIVIS, EMPR;0001;ASSISTENCIA MEDICA E ODONTOLOGICA DE CIVIS - COMPLEMENTACAO DA UNIAO;084780;AMO CREMOD;ASSIST MED ODONT- CREDENCIAMENTO;0100;RECURSOS ORDINARIOS;2;ORCAMENTO DE SEGURIDADE SOCIAL;3;DESPESAS CORRENTES;3;OUTRAS DESPESAS CORRENTES;92;DESPESAS DE EXERCICIOS ANTERIORES;339092;DESPESAS DE EXERCICIOS ANTERIORES;33909239;OUTROS SERVICOS DE TERCEIROS - PJ;3;ESTIMATIVO;08;NAO SE APLICA;-8;03/01/2018;JAN/2018;2018;070025000012018NE000021;ASSISTENCIA MEDICA;PAGTO NFS 52241, 52242, 54207,54208, 56284, 56285. SERVICOS MEDICOS. RETENCAO IMP FED 5,85 (R$ 984,95) E ISS 2,00 (R$ 336,74). PA 2205-89.2016.;070025;TRIBUNAL REGIONAL ELEITORAL DO D. FEDERAL;;;;;;;;0,00;14.817,66;14.817,66;;;;;;;;;14.817,66;14.817,66
14107;TRIBUNAL REGIONAL ELEITORAL DO DIST. FEDERAL;070025;TRIBUNAL REGIONAL ELEITORAL DO D. FEDERAL;02301057020040053;2004;ASSISTENCIA MEDICA E ODONTOLOGICA AOS SERVIDORES CIVIS, EMPR;0001;ASSISTENCIA MEDICA E ODONTOLOGICA DE CIVIS - COMPLEMENTACAO DA UNIAO;084780;AMO CREMOD;ASSIST MED ODONT- CREDENCIAMENTO;0100;RECURSOS ORDINARIOS;2;ORCAMENTO DE SEGURIDADE SOCIAL;3;DESPESAS CORRENTES;3;OUTRAS DESPESAS CORRENTES;92;DESPESAS DE EXERCICIOS ANTERIORES;339092;DESPESAS DE EXERCICIOS ANTERIORES;33909239;OUTROS SERVICOS DE TERCEIROS - PJ;3;ESTIMATIVO;08;NAO SE APLICA;-8;03/01/2018;JAN/2018;2018;070025000012018NE000021;ASSISTENCIA MEDICA;PAGTO NFS 5379 E 5488. SERVICOS MEDICOS. RETENCAO 5,85 IMP FED (R$ 229,79) E 2,00 ISS (R$ 78,56). PA 4084-34.2016.;070025;TRIBUNAL REGIONAL ELEITORAL DO D. FEDERAL;;;;;;;;0,00;3.927,96;3.927,96;;;;;;;;;3.927,96;3.927,96
14107;TRIBUNAL REGIONAL ELEITORAL DO DIST. FEDERAL;070025;TRIBUNAL REGIONAL ELEITORAL DO D. FEDERAL;02301057020040053;2004;ASSISTENCIA MEDICA E ODONTOLOGICA AOS SERVIDORES CIVIS, EMPR;0001;ASSISTENCIA MEDICA E ODONTOLOGICA DE CIVIS - COMPLEMENTACAO DA UNIAO;084780;AMO CREMOD;ASSIST MED ODONT- CREDENCIAMENTO;0100;RECURSOS ORDINARIOS;2;ORCAMENTO DE SEGURIDADE SOCIAL;3;DESPESAS CORRENTES;3;OUTRAS DESPESAS CORRENTES;92;DESPESAS DE EXERCICIOS ANTERIORES;339092;DESPESAS DE EXERCICIOS ANTERIORES;33909239;OUTROS SERVICOS DE TERCEIROS - PJ;3;ESTIMATIVO;08;NAO SE APLICA;-8;03/01/2018;JAN/2018;2018;070025000012018NE000021;ASSISTENCIA MEDICA;PAGTO NFS 55172, 55516 E 56628. SERVICOS MEDICOS. RETENCAO IMP FED 5,85 (R$ 774,48) E ISS 2,00 (R$ 264,78). PA 2218-88.2016.;070025;TRIBUNAL REGIONAL ELEITORAL DO D. FEDERAL;;;;;;;;0,00;12.511,73;12.511,73;;;;;;;;;12.511,73;12.511,73
14107;TRIBUNAL REGIONAL ELEITORAL DO DIST. FEDERAL;070025;TRIBUNAL REGIONAL ELEITORAL DO D. FEDERAL;02301057020040053;2004;ASSISTENCIA MEDICA E ODONTOLOGICA AOS SERVIDORES CIVIS, EMPR;0001;ASSISTENCIA MEDICA E ODONTOLOGICA DE CIVIS - COMPLEMENTACAO DA UNIAO;084780;AMO CREMOD;ASSIST MED ODONT- CREDENCIAMENTO;0100;RECURSOS ORDINARIOS;2;ORCAMENTO DE SEGURIDADE SOCIAL;3;DESPESAS CORRENTES;3;OUTRAS DESPESAS CORRENTES;92;DESPESAS DE EXERCICIOS ANTERIORES;339092;DESPESAS DE EXERCICIOS ANTERIORES;33909239;OUTROS SERVICOS DE TERCEIROS - PJ;3;ESTIMATIVO;08;NAO SE APLICA;-8;03/01/2018;JAN/2018;2018;070025000012018NE000021;ASSISTENCIA MEDICA;PAGTO NFS 5521 E 5643. SERVICOS MEDICOS. RETENCAO 5,85 IMP FED (R$ 125,70) E 2,00 ISS (R$ 42,97). PA 412-47.2018.;070025;TRIBUNAL REGIONAL ELEITORAL DO D. FEDERAL;;;;;;;;0,00;2.148,70;2.148,70;;;;;;;;;2.148,70;2.148,70
14107;TRIBUNAL REGIONAL ELEITORAL DO DIST. FEDERAL;070025;TRIBUNAL REGIONAL ELEITORAL DO D. FEDERAL;02301057020040053;2004;ASSISTENCIA MEDICA E ODONTOLOGICA AOS SERVIDORES CIVIS, EMPR;0001;ASSISTENCIA MEDICA E ODONTOLOGICA DE CIVIS - COMPLEMENTACAO DA UNIAO;084780;AMO CREMOD;ASSIST MED ODONT- CREDENCIAMENTO;0100;RECURSOS ORDINARIOS;2;ORCAMENTO DE SEGURIDADE SOCIAL;3;DESPESAS CORRENTES;3;OUTRAS DESPESAS CORRENTES;92;DESPESAS DE EXERCICIOS ANTERIORES;339092;DESPESAS DE EXERCICIOS ANTERIORES;33909239;OUTROS SERVICOS DE TERCEIROS - PJ;3;ESTIMATIVO;08;NAO SE APLICA;-8;03/01/2018;JAN/2018;2018;070025000012018NE000021;ASSISTENCIA MEDICA;PAGTO NFS 5769, 5815, 5868. SERVICO MEDICO. RETENCAO IMP FED 5,85 (R$ 126,25) E ISS 2,00 (R$ 43,16).PA 1818-74.2016.;070025;TRIBUNAL REGIONAL ELEITORAL DO D. FEDERAL;;;;;;;;0,00;2.007,45;2.007,45;;;;;;;;;2.007,45;2.007,45
14107;TRIBUNAL REGIONAL ELEITORAL DO DIST. FEDERAL;070025;TRIBUNAL REGIONAL ELEITORAL DO D. FEDERAL;02301057020040053;2004;ASSISTENCIA MEDICA E ODONTOLOGICA AOS SERVIDORES CIVIS, EMPR;0001;ASSISTENCIA MEDICA E ODONTOLOGICA DE CIVIS - COMPLEMENTACAO DA UNIAO;084780;AMO CREMOD;ASSIST MED ODONT- CREDENCIAMENTO;0100;RECURSOS ORDINARIOS;2;ORCAMENTO DE SEGURIDADE SOCIAL;3;DESPESAS CORRENTES;3;OUTRAS DESPESAS CORRENTES;92;DESPESAS DE EXERCICIOS ANTERIORES;339092;DESPESAS DE EXERCICIOS ANTERIORES;33909239;OUTROS SERVICOS DE TERCEIROS - PJ;3;ESTIMATIVO;08;NAO SE APLICA;-8;03/01/2018;JAN/2018;2018;070025000012018NE000021;ASSISTENCIA MEDICA;PAGTO NFS 5992, 5993 E 6067. SERVICO MEDICO. RETENCAO IMP FED 5,85 (R$ 137,50) E ISS 2,00 (R$ 47,01).PA 413-32.2018.;070025;TRIBUNAL REGIONAL ELEITORAL DO D. FEDERAL;;;;;;;;0,00;1.365,55;1.365,55;;;;;;;;;1.365,55;1.365,55
14107;TRIBUNAL REGIONAL ELEITORAL DO DIST. FEDERAL;070025;TRIBUNAL REGIONAL ELEITORAL DO D. FEDERAL;02301057020040053;2004;ASSISTENCIA MEDICA E ODONTOLOGICA AOS SERVIDORES CIVIS, EMPR;0001;ASSISTENCIA MEDICA E ODONTOLOGICA DE CIVIS - COMPLEMENTACAO DA UNIAO;084780;AMO CREMOD;ASSIST MED ODONT- CREDENCIAMENTO;0100;RECURSOS ORDINARIOS;2;ORCAMENTO DE SEGURIDADE SOCIAL;3;DESPESAS CORRENTES;3;OUTRAS DESPESAS CORRENTES;92;DESPESAS DE EXERCICIOS ANTERIORES;339092;DESPESAS DE EXERCICIOS ANTERIORES;33909239;OUTROS SERVICOS DE TERCEIROS - PJ;3;ESTIMATIVO;08;NAO SE APLICA;-8;03/01/2018;JAN/2018;2018;070025000012018NE000021;ASSISTENCIA MEDICA;PAGTO NFS 63763 E 64010. SERVICOS MEDICOS. RETENCAO IMP FED 5,85 (R$ 50,23) E ISS 2,00 (R$ 17,17). PA 1816-07.2016.;070025;TRIBUNAL REGIONAL ELEITORAL DO D. FEDERAL;;;;;;;;0,00;858,65;858,65;;;;;;;;;858,65;858,65
14107;TRIBUNAL REGIONAL ELEITORAL DO DIST. FEDERAL;070025;TRIBUNAL REGIONAL ELEITORAL DO D. FEDERAL;02301057020040053;2004;ASSISTENCIA MEDICA E ODONTOLOGICA AOS SERVIDORES CIVIS, EMPR;0001;ASSISTENCIA MEDICA E ODONTOLOGICA DE CIVIS - COMPLEMENTACAO DA UNIAO;084780;AMO CREMOD;ASSIST MED ODONT- CREDENCIAMENTO;0100;RECURSOS ORDINARIOS;2;ORCAMENTO DE SEGURIDADE SOCIAL;3;DESPESAS CORRENTES;3;OUTRAS DESPESAS CORRENTES;92;DESPESAS DE EXERCICIOS ANTERIORES;339092;DESPESAS DE EXERCICIOS ANTERIORES;33909239;OUTROS SERVICOS DE TERCEIROS - PJ;3;ESTIMATIVO;08;NAO SE APLICA;-8;03/01/2018;JAN/2018;2018;070025000012018NE000021;ASSISTENCIA MEDICA;PAGTO NFS 66201. SERVICOS MEDICOS. RETENCAO IMP FED 5,85 (R$ 5,26). PA 1816-07.2016.;070025;TRIBUNAL REGIONAL ELEITORAL DO D. FEDERAL;;;;;;;;0,00;5,26;5,26;;;;;;;;;5,26;5,26
14107;TRIBUNAL REGIONAL ELEITORAL DO DIST. FEDERAL;070025;TRIBUNAL REGIONAL ELEITORAL DO D. FEDERAL;02301057020040053;2004;ASSISTENCIA MEDICA E ODONTOLOGICA AOS SERVIDORES CIVIS, EMPR;0001;ASSISTENCIA MEDICA E ODONTOLOGICA DE CIVIS - COMPLEMENTACAO DA UNIAO;084780;AMO CREMOD;ASSIST MED ODONT- CREDENCIAMENTO;0100;RECURSOS ORDINARIOS;2;ORCAMENTO DE SEGURIDADE SOCIAL;3;DESPESAS CORRENTES;3;OUTRAS DESPESAS CORRENTES;92;DESPESAS DE EXERCICIOS ANTERIORES;339092;DESPESAS DE EXERCICIOS ANTERIORES;33909239;OUTROS SERVICOS DE TERCEIROS - PJ;3;ESTIMATIVO;08;NAO SE APLICA;-8;03/01/2018;JAN/2018;2018;070025000012018NE000021;ASSISTENCIA MEDICA;PAGTO NFS 7649, 7765 E 7797. SERVICOS MEDICOS. RETENCAO 5,85 IMP FED (R$ 1.583,55) E 2,00 ISS (R$ 541,38). PA 0194-19.2018;070025;TRIBUNAL REGIONAL ELEITORAL DO D. FEDERAL;;;;;;;;0,00;24.956,84;24.956,84;;;;;;;;;24.956,84;24.956,84
14107;TRIBUNAL REGIONAL ELEITORAL DO DIST. FEDERAL;070025;TRIBUNAL REGIONAL ELEITORAL DO D. FEDERAL;02301057020040053;2004;ASSISTENCIA MEDICA E ODONTOLOGICA AOS SERVIDORES CIVIS, EMPR;0001;ASSISTENCIA MEDICA E ODONTOLOGICA DE CIVIS - COMPLEMENTACAO DA UNIAO;084780;AMO CREMOD;ASSIST MED ODONT- CREDENCIAMENTO;0100;RECURSOS ORDINARIOS;2;ORCAMENTO DE SEGURIDADE SOCIAL;3;DESPESAS CORRENTES;3;OUTRAS DESPESAS CORRENTES;92;DESPESAS DE EXERCICIOS ANTERIORES;339092;DESPESAS DE EXERCICIOS ANTERIORES;33909239;OUTROS SERVICOS DE TERCEIROS - PJ;3;ESTIMATIVO;08;NAO SE APLICA;-8;03/01/2018;JAN/2018;2018;070025000012018NE000021;ASSISTENCIA MEDICA;PAGTO NFS 7884. SERVICOS MEDICOS. RETENCAO 5,85 IMP FED (R$ 1.062,67) E 2,00 ISS (R$ 363,31). PA 0194-19.2018;070025;TRIBUNAL REGIONAL ELEITORAL DO D. FEDERAL;;;;;;;;0,00;13.794,89;13.794,89;;;;;;;;;13.794,89;13.794,89
14107;TRIBUNAL REGIONAL ELEITORAL DO DIST. FEDERAL;070025;TRIBUNAL REGIONAL ELEITORAL DO D. FEDERAL;02301057020040053;2004;ASSISTENCIA MEDICA E ODONTOLOGICA AOS SERVIDORES CIVIS, EMPR;0001;ASSISTENCIA MEDICA E ODONTOLOGICA DE CIVIS - COMPLEMENTACAO DA UNIAO;084780;AMO CREMOD;ASSIST MED ODONT- CREDENCIAMENTO;0100;RECURSOS ORDINARIOS;2;ORCAMENTO DE SEGURIDADE SOCIAL;3;DESPESAS CORRENTES;3;OUTRAS DESPESAS CORRENTES;92;DESPESAS DE EXERCICIOS ANTERIORES;339092;DESPESAS DE EXERCICIOS ANTERIORES;33909239;OUTROS SERVICOS DE TERCEIROS - PJ;3;ESTIMATIVO;08;NAO SE APLICA;-8;03/01/2018;JAN/2018;2018;070025000012018NE000021;ASSISTENCIA MEDICA;PAGTO NFS 9129 E 9284. SERVOCOS MEDICOS. RETENCAO IMP FED 5,85 (R$ 367,41) E ISS 2,00 (R$ 125,61). PA 3109-12.2016.;070025;TRIBUNAL REGIONAL ELEITORAL DO D. FEDERAL;;;;;;;;0,00;6.280,57;6.280,57;;;;;;;;;6.280,57;6.280,57
14107;TRIBUNAL REGIONAL ELEITORAL DO DIST. FEDERAL;070025;TRIBUNAL REGIONAL ELEITORAL DO D. FEDERAL;02301057020040053;2004;ASSISTENCIA MEDICA E ODONTOLOGICA AOS SERVIDORES CIVIS, EMPR;0001;ASSISTENCIA MEDICA E ODONTOLOGICA DE CIVIS - COMPLEMENTACAO DA UNIAO;084780;AMO CREMOD;ASSIST MED ODONT- CREDENCIAMENTO;0100;RECURSOS ORDINARIOS;2;ORCAMENTO DE SEGURIDADE SOCIAL;3;DESPESAS CORRENTES;3;OUTRAS DESPESAS CORRENTES;92;DESPESAS DE EXERCICIOS ANTERIORES;339092;DESPESAS DE EXERCICIOS ANTERIORES;33909239;OUTROS SERVICOS DE TERCEIROS - PJ;3;ESTIMATIVO;08;NAO SE APLICA;-8;03/01/2018;JAN/2018;2018;070025000012018NE000021;ASSISTENCIA MEDICA;PAGTO NFS 9580 E 9721. SERVICOS MEDICOS. RETENCAO IMP FED 5,85 (R$ 108,63) E ISS 2,00 (R$ 37,14). PA 3109-12.2016.;070025;TRIBUNAL REGIONAL ELEITORAL DO D. FEDERAL;;;;;;;;0,00;882,96;882,96;;;;;;;;;882,96;882,96
14107;TRIBUNAL REGIONAL ELEITORAL DO DIST. FEDERAL;070025;TRIBUNAL REGIONAL ELEITORAL DO D. FEDERAL;02301057020040053;2004;ASSISTENCIA MEDICA E ODONTOLOGICA AOS SERVIDORES CIVIS, EMPR;0001;ASSISTENCIA MEDICA E ODONTOLOGICA DE CIVIS - COMPLEMENTACAO DA UNIAO;084780;AMO CREMOD;ASSIST MED ODONT- CREDENCIAMENTO;0100;RECURSOS ORDINARIOS;2;ORCAMENTO DE SEGURIDADE SOCIAL;3;DESPESAS CORRENTES;3;OUTRAS DESPESAS CORRENTES;92;DESPESAS DE EXERCICIOS ANTERIORES;339092;DESPESAS DE EXERCICIOS ANTERIORES;33909239;OUTROS SERVICOS DE TERCEIROS - PJ;3;ESTIMATIVO;08;NAO SE APLICA;-8;03/01/2018;JAN/2018;2018;070025000012018NE000021;ASSISTENCIA MEDICA;PGTO NF 11.462. SERVICOS ODONTOLOGICOS. RETENCAO IMP. FED. 5,85 (R$ 30,67). ISENTO DE ISS (UNIPROFISISONAL). PA 3457-30.2016;070025;TRIBUNAL REGIONAL ELEITORAL DO D. FEDERAL;;;;;;;;0,00;3,75;3,75;;;;;;;;;3,75;3,75
14107;TRIBUNAL REGIONAL ELEITORAL DO DIST. FEDERAL;070025;TRIBUNAL REGIONAL ELEITORAL DO D. FEDERAL;02301057020040053;2004;ASSISTENCIA MEDICA E ODONTOLOGICA AOS SERVIDORES CIVIS, EMPR;0001;ASSISTENCIA MEDICA E ODONTOLOGICA DE CIVIS - COMPLEMENTACAO DA UNIAO;084780;AMO CREMOD;ASSIST MED ODONT- CREDENCIAMENTO;0100;RECURSOS ORDINARIOS;2;ORCAMENTO DE SEGURIDADE SOCIAL;3;DESPESAS CORRENTES;3;OUTRAS DESPESAS CORRENTES;92;DESPESAS DE EXERCICIOS ANTERIORES;339092;DESPESAS DE EXERCICIOS ANTERIORES;33909239;OUTROS SERVICOS DE TERCEIROS - PJ;3;ESTIMATIVO;08;NAO SE APLICA;-8;03/01/2018;JAN/2018;2018;070025000012018NE000021;ASSISTENCIA MEDICA;PGTO NF 1268. SERVICOS MEDICOS. RETENCAO DE 5,85 IMP FED (R$ 45,06) E 2,00 ISS (R$ 15,41). PA 2939-40.2016.;070025;TRIBUNAL REGIONAL ELEITORAL DO D. FEDERAL;;;;;;;;0,00;770,30;770,30;;;;;;;;;770,30;770,30
14107;TRIBUNAL REGIONAL ELEITORAL DO DIST. FEDERAL;070025;TRIBUNAL REGIONAL ELEITORAL DO D. FEDERAL;02301057020040053;2004;ASSISTENCIA MEDICA E ODONTOLOGICA AOS SERVIDORES CIVIS, EMPR;0001;ASSISTENCIA MEDICA E ODONTOLOGICA DE CIVIS - COMPLEMENTACAO DA UNIAO;084780;AMO CREMOD;ASSIST MED ODONT- CREDENCIAMENTO;0100;RECURSOS ORDINARIOS;2;ORCAMENTO DE SEGURIDADE SOCIAL;3;DESPESAS CORRENTES;3;OUTRAS DESPESAS CORRENTES;92;DESPESAS DE EXERCICIOS ANTERIORES;339092;DESPESAS DE EXERCICIOS ANTERIORES;33909239;OUTROS SERVICOS DE TERCEIROS - PJ;3;ESTIMATIVO;08;NAO SE APLICA;-8;03/01/2018;JAN/2018;2018;070025000012018NE000021;ASSISTENCIA MEDICA;PGTO NF 13299. SERVICOS MEDICOS. IMP. FED. 5,85 (R$ 75,36) E ISS 2,00 (R$ 25,77). PA. 421-09.2018.;070025;TRIBUNAL REGIONAL ELEITORAL DO D. FEDERAL;;;;;;;;0,00;1.288,25;1.288,25;;;;;;;;;1.288,25;1.288,25
14107;TRIBUNAL REGIONAL ELEITORAL DO DIST. FEDERAL;070025;TRIBUNAL REGIONAL ELEITORAL DO D. FEDERAL;02301057020040053;2004;ASSISTENCIA MEDICA E ODONTOLOGICA AOS SERVIDORES CIVIS, EMPR;0001;ASSISTENCIA MEDICA E ODONTOLOGICA DE CIVIS - COMPLEMENTACAO DA UNIAO;084780;AMO CREMOD;ASSIST MED ODONT- CREDENCIAMENTO;0100;RECURSOS ORDINARIOS;2;ORCAMENTO DE SEGURIDADE SOCIAL;3;DESPESAS CORRENTES;3;OUTRAS DESPESAS CORRENTES;92;DESPESAS DE EXERCICIOS ANTERIORES;339092;DESPESAS DE EXERCICIOS ANTERIORES;33909239;OUTROS SERVICOS DE TERCEIROS - PJ;3;ESTIMATIVO;08;NAO SE APLICA;-8;03/01/2018;JAN/2018;2018;070025000012018NE000021;ASSISTENCIA MEDICA;PGTO NF 13424. SERVICOS MEDICOS. RETENCAO TRIBUTARIA IMP FED 5,85 (R$ 3,75) E ISS 2,00 (R$ 1,28). PA 1603-98.2016.;070025;TRIBUNAL REGIONAL ELEITORAL DO D. FEDERAL;;;;;;;;0,00;64,07;64,07;;;;;;;;;64,07;64,07
14107;TRIBUNAL REGIONAL ELEITORAL DO DIST. FEDERAL;070025;TRIBUNAL REGIONAL ELEITORAL DO D. FEDERAL;02301057020040053;2004;ASSISTENCIA MEDICA E ODONTOLOGICA AOS SERVIDORES CIVIS, EMPR;0001;ASSISTENCIA MEDICA E ODONTOLOGICA DE CIVIS - COMPLEMENTACAO DA UNIAO;084780;AMO CREMOD;ASSIST MED ODONT- CREDENCIAMENTO;0100;RECURSOS ORDINARIOS;2;ORCAMENTO DE SEGURIDADE SOCIAL;3;DESPESAS CORRENTES;3;OUTRAS DESPESAS CORRENTES;92;DESPESAS DE EXERCICIOS ANTERIORES;339092;DESPESAS DE EXERCICIOS ANTERIORES;33909239;OUTROS SERVICOS DE TERCEIROS - PJ;3;ESTIMATIVO;08;NAO SE APLICA;-8;03/01/2018;JAN/2018;2018;070025000012018NE000021;ASSISTENCIA MEDICA;PGTO NF 14039. SERVICOS ODONTOLOGICOS. RETENCAO TRIBUTARIA IMP FED 5,85 (R$ 22,14) E ISS 2,00 (R$ 7,57). PA 1603-98.2016.;070025;TRIBUNAL REGIONAL ELEITORAL DO D. FEDERAL;;;;;;;;0,00;378,52;378,52;;;;;;;;;378,52;378,52
14107;TRIBUNAL REGIONAL ELEITORAL DO DIST. FEDERAL;070025;TRIBUNAL REGIONAL ELEITORAL DO D. FEDERAL;02301057020040053;2004;ASSISTENCIA MEDICA E ODONTOLOGICA AOS SERVIDORES CIVIS, EMPR;0001;ASSISTENCIA MEDICA E ODONTOLOGICA DE CIVIS - COMPLEMENTACAO DA UNIAO;084780;AMO CREMOD;ASSIST MED ODONT- CREDENCIAMENTO;0100;RECURSOS ORDINARIOS;2;ORCAMENTO DE SEGURIDADE SOCIAL;3;DESPESAS CORRENTES;3;OUTRAS DESPESAS CORRENTES;92;DESPESAS DE EXERCICIOS ANTERIORES;339092;DESPESAS DE EXERCICIOS ANTERIORES;33909239;OUTROS SERVICOS DE TERCEIROS - PJ;3;ESTIMATIVO;08;NAO SE APLICA;-8;03/01/2018;JAN/2018;2018;070025000012018NE000021;ASSISTENCIA MEDICA;PGTO NF 1410. SERVICOS MEDICOS. RETENCAO 5,85 IMP FED (R$ 79,68) E 2,00 ISS (R$ 27,24). PA 3399-27.2016;070025;TRIBUNAL REGIONAL ELEITORAL DO D. FEDERAL;;;;;;;;0,00;1.361,98;1.361,98;;;;;;;;;1.361,98;1.361,98
14107;TRIBUNAL REGIONAL ELEITORAL DO DIST. FEDERAL;070025;TRIBUNAL REGIONAL ELEITORAL DO D. FEDERAL;02301057020040053;2004;ASSISTENCIA MEDICA E ODONTOLOGICA AOS SERVIDORES CIVIS, EMPR;0001;ASSISTENCIA MEDICA E ODONTOLOGICA DE CIVIS - COMPLEMENTACAO DA UNIAO;084780;AMO CREMOD;ASSIST MED ODONT- CREDENCIAMENTO;0100;RECURSOS ORDINARIOS;2;ORCAMENTO DE SEGURIDADE SOCIAL;3;DESPESAS CORRENTES;3;OUTRAS DESPESAS CORRENTES;92;DESPESAS DE EXERCICIOS ANTERIORES;339092;DESPESAS DE EXERCICIOS ANTERIORES;33909239;OUTROS SERVICOS DE TERCEIROS - PJ;3;ESTIMATIVO;08;NAO SE APLICA;-8;03/01/2018;JAN/2018;2018;070025000012018NE000021;ASSISTENCIA MEDICA;PGTO NF 1445. SERVICOS MEDICOS. RETENCAO 5,85 IMP FED (R$ 22,90) E 2,00 ISS (R$ 7,83). PA 3399-27.2016.;070025;TRIBUNAL REGIONAL ELEITORAL DO D. FEDERAL;;;;;;;;0,00;391,38;391,38;;;;;;;;;391,38;391,38
14107;TRIBUNAL REGIONAL ELEITORAL DO DIST. FEDERAL;070025;TRIBUNAL REGIONAL ELEITORAL DO D. FEDERAL;02301057020040053;2004;ASSISTENCIA MEDICA E ODONTOLOGICA AOS SERVIDORES CIVIS, EMPR;0001;ASSISTENCIA MEDICA E ODONTOLOGICA DE CIVIS - COMPLEMENTACAO DA UNIAO;084780;AMO CREMOD;ASSIST MED ODONT- CREDENCIAMENTO;0100;RECURSOS ORDINARIOS;2;ORCAMENTO DE SEGURIDADE SOCIAL;3;DESPESAS CORRENTES;3;OUTRAS DESPESAS CORRENTES;92;DESPESAS DE EXERCICIOS ANTERIORES;339092;DESPESAS DE EXERCICIOS ANTERIORES;33909239;OUTROS SERVICOS DE TERCEIROS - PJ;3;ESTIMATIVO;08;NAO SE APLICA;-8;03/01/2018;JAN/2018;2018;070025000012018NE000021;ASSISTENCIA MEDICA;PGTO NF 16269. SERVICO MEDICO HOSPITALAR. RET IMP FED 5,85 (R$ 38,15) E ISS 2,00 (R$ 13,04). PA 3394-05.2016.;070025;TRIBUNAL REGIONAL ELEITORAL DO D. FEDERAL;;;;;;;;0,00;652,18;652,18;;;;;;;;;652,18;652,18
14107;TRIBUNAL REGIONAL ELEITORAL DO DIST. FEDERAL;070025;TRIBUNAL REGIONAL ELEITORAL DO D. FEDERAL;02301057020040053;2004;ASSISTENCIA MEDICA E ODONTOLOGICA AOS SERVIDORES CIVIS, EMPR;0001;ASSISTENCIA MEDICA E ODONTOLOGICA DE CIVIS - COMPLEMENTACAO DA UNIAO;084780;AMO CREMOD;ASSIST MED ODONT- CREDENCIAMENTO;0100;RECURSOS ORDINARIOS;2;ORCAMENTO DE SEGURIDADE SOCIAL;3;DESPESAS CORRENTES;3;OUTRAS DESPESAS CORRENTES;92;DESPESAS DE EXERCICIOS ANTERIORES;339092;DESPESAS DE EXERCICIOS ANTERIORES;33909239;OUTROS SERVICOS DE TERCEIROS - PJ;3;ESTIMATIVO;08;NAO SE APLICA;-8;03/01/2018;JAN/2018;2018;070025000012018NE000021;ASSISTENCIA MEDICA;PGTO NF 174. SERVICOS ODONTOLOGICOS. RETENCAO TRIBUTARIA IMP. FED. 5,85 (R$ 480,65) E ISS 2,00 (164,32). PA 6423-29.2017;070025;TRIBUNAL REGIONAL ELEITORAL DO D. FEDERAL;;;;;;;;0,00;6.906,22;6.906,22;;;;;;;;;6.906,22;6.906,22
14107;TRIBUNAL REGIONAL ELEITORAL DO DIST. FEDERAL;070025;TRIBUNAL REGIONAL ELEITORAL DO D. FEDERAL;02301057020040053;2004;ASSISTENCIA MEDICA E ODONTOLOGICA AOS SERVIDORES CIVIS, EMPR;0001;ASSISTENCIA MEDICA E ODONTOLOGICA DE CIVIS - COMPLEMENTACAO DA UNIAO;084780;AMO CREMOD;ASSIST MED ODONT- CREDENCIAMENTO;0100;RECURSOS ORDINARIOS;2;ORCAMENTO DE SEGURIDADE SOCIAL;3;DESPESAS CORRENTES;3;OUTRAS DESPESAS CORRENTES;92;DESPESAS DE EXERCICIOS ANTERIORES;339092;DESPESAS DE EXERCICIOS ANTERIORES;33909239;OUTROS SERVICOS DE TERCEIROS - PJ;3;ESTIMATIVO;08;NAO SE APLICA;-8;03/01/2018;JAN/2018;2018;070025000012018NE000021;ASSISTENCIA MEDICA;PGTO NF 17977. SERVICOS MEDICOS. RETENCAO IMP FED 5,85 (R$ 6,99) E ISS 2,00 (R$ 2,39). PA 2381-68.2016.;070025;TRIBUNAL REGIONAL ELEITORAL DO D. FEDERAL;;;;;;;;0,00;119,54;119,54;;;;;;;;;119,54;119,54
14107;TRIBUNAL REGIONAL ELEITORAL DO DIST. FEDERAL;070025;TRIBUNAL REGIONAL ELEITORAL DO D. FEDERAL;02301057020040053;2004;ASSISTENCIA MEDICA E ODONTOLOGICA AOS SERVIDORES CIVIS, EMPR;0001;ASSISTENCIA MEDICA E ODONTOLOGICA DE CIVIS - COMPLEMENTACAO DA UNIAO;084780;AMO CREMOD;ASSIST MED ODONT- CREDENCIAMENTO;0100;RECURSOS ORDINARIOS;2;ORCAMENTO DE SEGURIDADE SOCIAL;3;DESPESAS CORRENTES;3;OUTRAS DESPESAS CORRENTES;92;DESPESAS DE EXERCICIOS ANTERIORES;339092;DESPESAS DE EXERCICIOS ANTERIORES;33909239;OUTROS SERVICOS DE TERCEIROS - PJ;3;ESTIMATIVO;08;NAO SE APLICA;-8;03/01/2018;JAN/2018;2018;070025000012018NE000021;ASSISTENCIA MEDICA;PGTO NF 18199. SERVICOS MEDICOS. RETENCAO IMP FED 5,85 (R$ 10,53) E ISS 2,00 (R$ 3,60). PA 386-49.2018.;070025;TRIBUNAL REGIONAL ELEITORAL DO D. FEDERAL;;;;;;;;0,00;180,00;180,00;;;;;;;;;180,00;180,00
14107;TRIBUNAL REGIONAL ELEITORAL DO DIST. FEDERAL;070025;TRIBUNAL REGIONAL ELEITORAL DO D. FEDERAL;02301057020040053;2004;ASSISTENCIA MEDICA E ODONTOLOGICA AOS SERVIDORES CIVIS, EMPR;0001;ASSISTENCIA MEDICA E ODONTOLOGICA DE CIVIS - COMPLEMENTACAO DA UNIAO;084780;AMO CREMOD;ASSIST MED ODONT- CREDENCIAMENTO;0100;RECURSOS ORDINARIOS;2;ORCAMENTO DE SEGURIDADE SOCIAL;3;DESPESAS CORRENTES;3;OUTRAS DESPESAS CORRENTES;92;DESPESAS DE EXERCICIOS ANTERIORES;339092;DESPESAS DE EXERCICIOS ANTERIORES;33909239;OUTROS SERVICOS DE TERCEIROS - PJ;3;ESTIMATIVO;08;NAO SE APLICA;-8;03/01/2018;JAN/2018;2018;070025000012018NE000021;ASSISTENCIA MEDICA;PGTO NF 1912. SERVICOS MEDICO-HOSPITALARES. RETENCAO TRIBUTARIA MP. FED. 5,85 (R$ 47,58) ISS 2,00 (R$ 16,27). PA 1440-50.2018;070025;TRIBUNAL REGIONAL ELEITORAL DO D. FEDERAL;;;;;;;;0,00;813,35;813,35;;;;;;;;;813,35;813,35
14107;TRIBUNAL REGIONAL ELEITORAL DO DIST. FEDERAL;070025;TRIBUNAL REGIONAL ELEITORAL DO D. FEDERAL;02301057020040053;2004;ASSISTENCIA MEDICA E ODONTOLOGICA AOS SERVIDORES CIVIS, EMPR;0001;ASSISTENCIA MEDICA E ODONTOLOGICA DE CIVIS - COMPLEMENTACAO DA UNIAO;084780;AMO CREMOD;ASSIST MED ODONT- CREDENCIAMENTO;0100;RECURSOS ORDINARIOS;2;ORCAMENTO DE SEGURIDADE SOCIAL;3;DESPESAS CORRENTES;3;OUTRAS DESPESAS CORRENTES;92;DESPESAS DE EXERCICIOS ANTERIORES;339092;DESPESAS DE EXERCICIOS ANTERIORES;33909239;OUTROS SERVICOS DE TERCEIROS - PJ;3;ESTIMATIVO;08;NAO SE APLICA;-8;03/01/2018;JAN/2018;2018;070025000012018NE000021;ASSISTENCIA MEDICA;PGTO NF 2048. SERVICOS MEDICOS. RETENCAO TRIBUTARIA IMP. FED. 5,85 (R$ 38,77) E ISS 2,00 (R$ 13,26). PA 402-03.2018;070025;TRIBUNAL REGIONAL ELEITORAL DO D. FEDERAL;;;;;;;;0,00;662,80;662,80;;;;;;;;;662,80;662,80
14107;TRIBUNAL REGIONAL ELEITORAL DO DIST. FEDERAL;070025;TRIBUNAL REGIONAL ELEITORAL DO D. FEDERAL;02301057020040053;2004;ASSISTENCIA MEDICA E ODONTOLOGICA AOS SERVIDORES CIVIS, EMPR;0001;ASSISTENCIA MEDICA E ODONTOLOGICA DE CIVIS - COMPLEMENTACAO DA UNIAO;084780;AMO CREMOD;ASSIST MED ODONT- CREDENCIAMENTO;0100;RECURSOS ORDINARIOS;2;ORCAMENTO DE SEGURIDADE SOCIAL;3;DESPESAS CORRENTES;3;OUTRAS DESPESAS CORRENTES;92;DESPESAS DE EXERCICIOS ANTERIORES;339092;DESPESAS DE EXERCICIOS ANTERIORES;33909239;OUTROS SERVICOS DE TERCEIROS - PJ;3;ESTIMATIVO;08;NAO SE APLICA;-8;03/01/2018;JAN/2018;2018;070025000012018NE000021;ASSISTENCIA MEDICA;PGTO NF 20681, 20794. SERVICOS MEDICO-HOSPITALARES. RETENCAO FED. 5,85 (274,00) ISS 2,00 (6,93,68). PA 1777-10.2016.;070025;TRIBUNAL REGIONAL ELEITORAL DO D. FEDERAL;;;;;;;;0,00;4.683,83;;;;;;;;;;4.683,83;
14107;TRIBUNAL REGIONAL ELEITORAL DO DIST. FEDERAL;070025;TRIBUNAL REGIONAL ELEITORAL DO D. FEDERAL;02301057020040053;2004;ASSISTENCIA MEDICA E ODONTOLOGICA AOS SERVIDORES CIVIS, EMPR;0001;ASSISTENCIA MEDICA E ODONTOLOGICA DE CIVIS - COMPLEMENTACAO DA UNIAO;084780;AMO CREMOD;ASSIST MED ODONT- CREDENCIAMENTO;0100;RECURSOS ORDINARIOS;2;ORCAMENTO DE SEGURIDADE SOCIAL;3;DESPESAS CORRENTES;3;OUTRAS DESPESAS CORRENTES;92;DESPESAS DE EXERCICIOS ANTERIORES;339092;DESPESAS DE EXERCICIOS ANTERIORES;33909239;OUTROS SERVICOS DE TERCEIROS - PJ;3;ESTIMATIVO;08;NAO SE APLICA;-8;03/01/2018;JAN/2018;2018;070025000012018NE000021;ASSISTENCIA MEDICA;PGTO NF 20681, 20794. SERVICOS MEDICO-HOSPITALARES. RETENCAO FED. 5,85 (R$ 274,00) ISS 2,00 (R$ 93,68). PA 1777-10.2016.;070025;TRIBUNAL REGIONAL ELEITORAL DO D. FEDERAL;;;;;;;;0,00;0,00;4.683,83;;;;;;;;;0,00;4.683,83
14107;TRIBUNAL REGIONAL ELEITORAL DO DIST. FEDERAL;070025;TRIBUNAL REGIONAL ELEITORAL DO D. FEDERAL;02301057020040053;2004;ASSISTENCIA MEDICA E ODONTOLOGICA AOS SERVIDORES CIVIS, EMPR;0001;ASSISTENCIA MEDICA E ODONTOLOGICA DE CIVIS - COMPLEMENTACAO DA UNIAO;084780;AMO CREMOD;ASSIST MED ODONT- CREDENCIAMENTO;0100;RECURSOS ORDINARIOS;2;ORCAMENTO DE SEGURIDADE SOCIAL;3;DESPESAS CORRENTES;3;OUTRAS DESPESAS CORRENTES;92;DESPESAS DE EXERCICIOS ANTERIORES;339092;DESPESAS DE EXERCICIOS ANTERIORES;33909239;OUTROS SERVICOS DE TERCEIROS - PJ;3;ESTIMATIVO;08;NAO SE APLICA;-8;03/01/2018;JAN/2018;2018;070025000012018NE000021;ASSISTENCIA MEDICA;PGTO NF 2153. SERVICOS MEDICOS. RETENCAO TRIBUTARIA IMP. FED. 5,85 (R$ 69,33) E ISS 2,00 (R$ 13,2623,70). PA 1130-44.2018;070025;TRIBUNAL REGIONAL ELEITORAL DO D. FEDERAL;;;;;;;;0,00;552,40;1.011,77;;;;;;;;;552,40;1.011,77
14107;TRIBUNAL REGIONAL ELEITORAL DO DIST. FEDERAL;070025;TRIBUNAL REGIONAL ELEITORAL DO D. FEDERAL;02301057020040053;2004;ASSISTENCIA MEDICA E ODONTOLOGICA AOS SERVIDORES CIVIS, EMPR;0001;ASSISTENCIA MEDICA E ODONTOLOGICA DE CIVIS - COMPLEMENTACAO DA UNIAO;084780;AMO CREMOD;ASSIST MED ODONT- CREDENCIAMENTO;0100;RECURSOS ORDINARIOS;2;ORCAMENTO DE SEGURIDADE SOCIAL;3;DESPESAS CORRENTES;3;OUTRAS DESPESAS CORRENTES;92;DESPESAS DE EXERCICIOS ANTERIORES;339092;DESPESAS DE EXERCICIOS ANTERIORES;33909239;OUTROS SERVICOS DE TERCEIROS - PJ;3;ESTIMATIVO;08;NAO SE APLICA;-8;03/01/2018;JAN/2018;2018;070025000012018NE000021;ASSISTENCIA MEDICA;PGTO NF 2153. SERVICOS MEDICOS. RETENCAO TRIBUTARIA IMP. FED. 5,85 (R$ 69,33) E ISS 2,00 (R$ 23,70). PA 1130-44.2018;070025;TRIBUNAL REGIONAL ELEITORAL DO D. FEDERAL;;;;;;;;0,00;0,00;459,37;;;;;;;;;0,00;459,37
14107;TRIBUNAL REGIONAL ELEITORAL DO DIST. FEDERAL;070025;TRIBUNAL REGIONAL ELEITORAL DO D. FEDERAL;02301057020040053;2004;ASSISTENCIA MEDICA E ODONTOLOGICA AOS SERVIDORES CIVIS, EMPR;0001;ASSISTENCIA MEDICA E ODONTOLOGICA DE CIVIS - COMPLEMENTACAO DA UNIAO;084780;AMO CREMOD;ASSIST MED ODONT- CREDENCIAMENTO;0100;RECURSOS ORDINARIOS;2;ORCAMENTO DE SEGURIDADE SOCIAL;3;DESPESAS CORRENTES;3;OUTRAS DESPESAS CORRENTES;92;DESPESAS DE EXERCICIOS ANTERIORES;339092;DESPESAS DE EXERCICIOS ANTERIORES;33909239;OUTROS SERVICOS DE TERCEIROS - PJ;3;ESTIMATIVO;08;NAO SE APLICA;-8;03/01/2018;JAN/2018;2018;070025000012018NE000021;ASSISTENCIA MEDICA;PGTO NF 2215. SERVICOS MEDICOS. RETENCAO DE 5,85 IMP FED (R$ 37,54) E 2,00 ISS (R$ 12,83). PA 1778-92.2016.;070025;TRIBUNAL REGIONAL ELEITORAL DO D. FEDERAL;;;;;;;;0,00;641,64;641,64;;;;;;;;;641,64;641,64
14107;TRIBUNAL REGIONAL ELEITORAL DO DIST. FEDERAL;070025;TRIBUNAL REGIONAL ELEITORAL DO D. FEDERAL;02301057020040053;2004;ASSISTENCIA MEDICA E ODONTOLOGICA AOS SERVIDORES CIVIS, EMPR;0001;ASSISTENCIA MEDICA E ODONTOLOGICA DE CIVIS - COMPLEMENTACAO DA UNIAO;084780;AMO CREMOD;ASSIST MED ODONT- CREDENCIAMENTO;0100;RECURSOS ORDINARIOS;2;ORCAMENTO DE SEGURIDADE SOCIAL;3;DESPESAS CORRENTES;3;OUTRAS DESPESAS CORRENTES;92;DESPESAS DE EXERCICIOS ANTERIORES;339092;DESPESAS DE EXERCICIOS ANTERIORES;33909239;OUTROS SERVICOS DE TERCEIROS - PJ;3;ESTIMATIVO;08;NAO SE APLICA;-8;03/01/2018;JAN/2018;2018;070025000012018NE000021;ASSISTENCIA MEDICA;PGTO NF 2281. SERVICOS MEDICOS. RETENCAO DE 5,85 IMP FED (R$ 5,27) E 2,00 ISS (R$ 1,80). PA 1778-92.2016.;070025;TRIBUNAL REGIONAL ELEITORAL DO D. FEDERAL;;;;;;;;0,00;90,00;90,00;;;;;;;;;90,00;90,00
14107;TRIBUNAL REGIONAL ELEITORAL DO DIST. FEDERAL;070025;TRIBUNAL REGIONAL ELEITORAL DO D. FEDERAL;02301057020040053;2004;ASSISTENCIA MEDICA E ODONTOLOGICA AOS SERVIDORES CIVIS, EMPR;0001;ASSISTENCIA MEDICA E ODONTOLOGICA DE CIVIS - COMPLEMENTACAO DA UNIAO;084780;AMO CREMOD;ASSIST MED ODONT- CREDENCIAMENTO;0100;RECURSOS ORDINARIOS;2;ORCAMENTO DE SEGURIDADE SOCIAL;3;DESPESAS CORRENTES;3;OUTRAS DESPESAS CORRENTES;92;DESPESAS DE EXERCICIOS ANTERIORES;339092;DESPESAS DE EXERCICIOS ANTERIORES;33909239;OUTROS SERVICOS DE TERCEIROS - PJ;3;ESTIMATIVO;08;NAO SE APLICA;-8;03/01/2018;JAN/2018;2018;070025000012018NE000021;ASSISTENCIA MEDICA;PGTO NF 2328. SERVICOS MEDICOS. RETENCAO DE 5,85 IMP FED (R$ 50,26) E 2,00 ISS (R$ 17,18). PA 1135-66.2018;070025;TRIBUNAL REGIONAL ELEITORAL DO D. FEDERAL;;;;;;;;0,00;859,09;859,09;;;;;;;;;859,09;859,09
14107;TRIBUNAL REGIONAL ELEITORAL DO DIST. FEDERAL;070025;TRIBUNAL REGIONAL ELEITORAL DO D. FEDERAL;02301057020040053;2004;ASSISTENCIA MEDICA E ODONTOLOGICA AOS SERVIDORES CIVIS, EMPR;0001;ASSISTENCIA MEDICA E ODONTOLOGICA DE CIVIS - COMPLEMENTACAO DA UNIAO;084780;AMO CREMOD;ASSIST MED ODONT- CREDENCIAMENTO;0100;RECURSOS ORDINARIOS;2;ORCAMENTO DE SEGURIDADE SOCIAL;3;DESPESAS CORRENTES;3;OUTRAS DESPESAS CORRENTES;92;DESPESAS DE EXERCICIOS ANTERIORES;339092;DESPESAS DE EXERCICIOS ANTERIORES;33909239;OUTROS SERVICOS DE TERCEIROS - PJ;3;ESTIMATIVO;08;NAO SE APLICA;-8;03/01/2018;JAN/2018;2018;070025000012018NE000021;ASSISTENCIA MEDICA;PGTO NF 2472. SERVICOS ODONTOLOGICOS. RET. ISS (R$ 4,87). EMPRESA OPTANTE SIMPLES NACIONAL. PA 043-53.2018.;070025;TRIBUNAL REGIONAL ELEITORAL DO D. FEDERAL;;;;;;;;0,00;97,37;97,37;;;;;;;;;97,37;97,37
14107;TRIBUNAL REGIONAL ELEITORAL DO DIST. FEDERAL;070025;TRIBUNAL REGIONAL ELEITORAL DO D. FEDERAL;02301057020040053;2004;ASSISTENCIA MEDICA E ODONTOLOGICA AOS SERVIDORES CIVIS, EMPR;0001;ASSISTENCIA MEDICA E ODONTOLOGICA DE CIVIS - COMPLEMENTACAO DA UNIAO;084780;AMO CREMOD;ASSIST MED ODONT- CREDENCIAMENTO;0100;RECURSOS ORDINARIOS;2;ORCAMENTO DE SEGURIDADE SOCIAL;3;DESPESAS CORRENTES;3;OUTRAS DESPESAS CORRENTES;92;DESPESAS DE EXERCICIOS ANTERIORES;339092;DESPESAS DE EXERCICIOS ANTERIORES;33909239;OUTROS SERVICOS DE TERCEIROS - PJ;3;ESTIMATIVO;08;NAO SE APLICA;-8;03/01/2018;JAN/2018;2018;070025000012018NE000021;ASSISTENCIA MEDICA;PGTO NF 2889,2904. SERVICOS MEDICO-HOSPITALARES. RETENCAO FED. 5,85 (R$ 15,31) ISS 2,00 (R$ 5,24). PA 2280-31.2016;070025;TRIBUNAL REGIONAL ELEITORAL DO D. FEDERAL;;;;;;;;0,00;261,76;261,76;;;;;;;;;261,76;261,76
14107;TRIBUNAL REGIONAL ELEITORAL DO DIST. FEDERAL;070025;TRIBUNAL REGIONAL ELEITORAL DO D. FEDERAL;02301057020040053;2004;ASSISTENCIA MEDICA E ODONTOLOGICA AOS SERVIDORES CIVIS, EMPR;0001;ASSISTENCIA MEDICA E ODONTOLOGICA DE CIVIS - COMPLEMENTACAO DA UNIAO;084780;AMO CREMOD;ASSIST MED ODONT- CREDENCIAMENTO;0100;RECURSOS ORDINARIOS;2;ORCAMENTO DE SEGURIDADE SOCIAL;3;DESPESAS CORRENTES;3;OUTRAS DESPESAS CORRENTES;92;DESPESAS DE EXERCICIOS ANTERIORES;339092;DESPESAS DE EXERCICIOS ANTERIORES;33909239;OUTROS SERVICOS DE TERCEIROS - PJ;3;ESTIMATIVO;08;NAO SE APLICA;-8;03/01/2018;JAN/2018;2018;070025000012018NE000021;ASSISTENCIA MEDICA;PGTO NF 29. SERVICOS MEDICOS. RETENCAO DE 5,85 IMP FED (R$ 5,26) E 2,00 ISS (R$ 1,80). PA 1882-16.2018;070025;TRIBUNAL REGIONAL ELEITORAL DO D. FEDERAL;;;;;;;;0,00;90,00;;;;;;;;;;90,00;
14107;TRIBUNAL REGIONAL ELEITORAL DO DIST. FEDERAL;070025;TRIBUNAL REGIONAL ELEITORAL DO D. FEDERAL;02301057020040053;2004;ASSISTENCIA MEDICA E ODONTOLOGICA AOS SERVIDORES CIVIS, EMPR;0001;ASSISTENCIA MEDICA E ODONTOLOGICA DE CIVIS - COMPLEMENTACAO DA UNIAO;084780;AMO CREMOD;ASSIST MED ODONT- CREDENCIAMENTO;0100;RECURSOS ORDINARIOS;2;ORCAMENTO DE SEGURIDADE SOCIAL;3;DESPESAS CORRENTES;3;OUTRAS DESPESAS CORRENTES;92;DESPESAS DE EXERCICIOS ANTERIORES;339092;DESPESAS DE EXERCICIOS ANTERIORES;33909239;OUTROS SERVICOS DE TERCEIROS - PJ;3;ESTIMATIVO;08;NAO SE APLICA;-8;03/01/2018;JAN/2018;2018;070025000012018NE000021;ASSISTENCIA MEDICA;PGTO NF 29. SERVICOS MEDICOS. RETENCAO DE 5,85 IMP FED (R$ 5,26) E 2,00 ISS (R$ 1,80). PA 1882-16.2018.;070025;TRIBUNAL REGIONAL ELEITORAL DO D. FEDERAL;;;;;;;;0,00;(90,00);;;;;;;;;;(90,00);
14107;TRIBUNAL REGIONAL ELEITORAL DO DIST. FEDERAL;070025;TRIBUNAL REGIONAL ELEITORAL DO D. FEDERAL;02301057020040053;2004;ASSISTENCIA MEDICA E ODONTOLOGICA AOS SERVIDORES CIVIS, EMPR;0001;ASSISTENCIA MEDICA E ODONTOLOGICA DE CIVIS - COMPLEMENTACAO DA UNIAO;084780;AMO CREMOD;ASSIST MED ODONT- CREDENCIAMENTO;0100;RECURSOS ORDINARIOS;2;ORCAMENTO DE SEGURIDADE SOCIAL;3;DESPESAS CORRENTES;3;OUTRAS DESPESAS CORRENTES;92;DESPESAS DE EXERCICIOS ANTERIORES;339092;DESPESAS DE EXERCICIOS ANTERIORES;33909239;OUTROS SERVICOS DE TERCEIROS - PJ;3;ESTIMATIVO;08;NAO SE APLICA;-8;03/01/2018;JAN/2018;2018;070025000012018NE000021;ASSISTENCIA MEDICA;PGTO NF 4586. SERVICO MEDICO HOSPITALAR. RET. IMP. FED. 5,85 (R$ 10,12) E ISS 2,00 (R$ 3,46). PA. 6115-27.2016;070025;TRIBUNAL REGIONAL ELEITORAL DO D. FEDERAL;;;;;;;;0,00;172,96;172,96;;;;;;;;;172,96;172,96
14107;TRIBUNAL REGIONAL ELEITORAL DO DIST. FEDERAL;070025;TRIBUNAL REGIONAL ELEITORAL DO D. FEDERAL;02301057020040053;2004;ASSISTENCIA MEDICA E ODONTOLOGICA AOS SERVIDORES CIVIS, EMPR;0001;ASSISTENCIA MEDICA E ODONTOLOGICA DE CIVIS - COMPLEMENTACAO DA UNIAO;084780;AMO CREMOD;ASSIST MED ODONT- CREDENCIAMENTO;0100;RECURSOS ORDINARIOS;2;ORCAMENTO DE SEGURIDADE SOCIAL;3;DESPESAS CORRENTES;3;OUTRAS DESPESAS CORRENTES;92;DESPESAS DE EXERCICIOS ANTERIORES;339092;DESPESAS DE EXERCICIOS ANTERIORES;33909239;OUTROS SERVICOS DE TERCEIROS - PJ;3;ESTIMATIVO;08;NAO SE APLICA;-8;03/01/2018;JAN/2018;2018;070025000012018NE000021;ASSISTENCIA MEDICA;PGTO NF 4737, 4769. SERVICOS MEDICOS. RETENCAO IMP FED. 5,00 (R$ 187,25). SOCIEDADE UNIPROFISSIONIAL. PA 836-26.2017.;070025;TRIBUNAL REGIONAL ELEITORAL DO D. FEDERAL;;;;;;;;0,00;3.200,90;3.200,90;;;;;;;;;3.200,90;3.200,90
14107;TRIBUNAL REGIONAL ELEITORAL DO DIST. FEDERAL;070025;TRIBUNAL REGIONAL ELEITORAL DO D. FEDERAL;02301057020040053;2004;ASSISTENCIA MEDICA E ODONTOLOGICA AOS SERVIDORES CIVIS, EMPR;0001;ASSISTENCIA MEDICA E ODONTOLOGICA DE CIVIS - COMPLEMENTACAO DA UNIAO;084780;AMO CREMOD;ASSIST MED ODONT- CREDENCIAMENTO;0100;RECURSOS ORDINARIOS;2;ORCAMENTO DE SEGURIDADE SOCIAL;3;DESPESAS CORRENTES;3;OUTRAS DESPESAS CORRENTES;92;DESPESAS DE EXERCICIOS ANTERIORES;339092;DESPESAS DE EXERCICIOS ANTERIORES;33909239;OUTROS SERVICOS DE TERCEIROS - PJ;3;ESTIMATIVO;08;NAO SE APLICA;-8;03/01/2018;JAN/2018;2018;070025000012018NE000021;ASSISTENCIA MEDICA;PGTO NF 4824. SERVICOS MEDICOS. RETENCAO IMP FED. 5,00 (R$ 9851). SOCIEDADE UNIPROFISSIONIAL. PA 836-26.2017.;070025;TRIBUNAL REGIONAL ELEITORAL DO D. FEDERAL;;;;;;;;0,00;1.683,88;1.683,88;;;;;;;;;1.683,88;1.683,88
14107;TRIBUNAL REGIONAL ELEITORAL DO DIST. FEDERAL;070025;TRIBUNAL REGIONAL ELEITORAL DO D. FEDERAL;02301057020040053;2004;ASSISTENCIA MEDICA E ODONTOLOGICA AOS SERVIDORES CIVIS, EMPR;0001;ASSISTENCIA MEDICA E ODONTOLOGICA DE CIVIS - COMPLEMENTACAO DA UNIAO;084780;AMO CREMOD;ASSIST MED ODONT- CREDENCIAMENTO;0100;RECURSOS ORDINARIOS;2;ORCAMENTO DE SEGURIDADE SOCIAL;3;DESPESAS CORRENTES;3;OUTRAS DESPESAS CORRENTES;92;DESPESAS DE EXERCICIOS ANTERIORES;339092;DESPESAS DE EXERCICIOS ANTERIORES;33909239;OUTROS SERVICOS DE TERCEIROS - PJ;3;ESTIMATIVO;08;NAO SE APLICA;-8;03/01/2018;JAN/2018;2018;070025000012018NE000021;ASSISTENCIA MEDICA;PGTO NF 5343. SERVICOS MEDICOS. IMP. FED. 5,85 (R$ 137,17) E ISS 2,00 (R$ 46,90). PA 2051-71.2016.;070025;TRIBUNAL REGIONAL ELEITORAL DO D. FEDERAL;;;;;;;;0,00;1.485,05;1.485,05;;;;;;;;;1.485,05;1.485,05
14107;TRIBUNAL REGIONAL ELEITORAL DO DIST. FEDERAL;070025;TRIBUNAL REGIONAL ELEITORAL DO D. FEDERAL;02301057020040053;2004;ASSISTENCIA MEDICA E ODONTOLOGICA AOS SERVIDORES CIVIS, EMPR;0001;ASSISTENCIA MEDICA E ODONTOLOGICA DE CIVIS - COMPLEMENTACAO DA UNIAO;084780;AMO CREMOD;ASSIST MED ODONT- CREDENCIAMENTO;0100;RECURSOS ORDINARIOS;2;ORCAMENTO DE SEGURIDADE SOCIAL;3;DESPESAS CORRENTES;3;OUTRAS DESPESAS CORRENTES;92;DESPESAS DE EXERCICIOS ANTERIORES;339092;DESPESAS DE EXERCICIOS ANTERIORES;33909239;OUTROS SERVICOS DE TERCEIROS - PJ;3;ESTIMATIVO;08;NAO SE APLICA;-8;03/01/2018;JAN/2018;2018;070025000012018NE000021;ASSISTENCIA MEDICA;PGTO NF 5859.SERVCO MEDICO-HOSPITALAR. RETENCAO IMP. FED. 5,85 (R$ 182,27) ISS 2,00 (R$ 62,31). PA 574-42.2018;070025;TRIBUNAL REGIONAL ELEITORAL DO D. FEDERAL;;;;;;;;0,00;3.025,74;3.025,74;;;;;;;;;3.025,74;3.025,74
14107;TRIBUNAL REGIONAL ELEITORAL DO DIST. FEDERAL;070025;TRIBUNAL REGIONAL ELEITORAL DO D. FEDERAL;02301057020040053;2004;ASSISTENCIA MEDICA E ODONTOLOGICA AOS SERVIDORES CIVIS, EMPR;0001;ASSISTENCIA MEDICA E ODONTOLOGICA DE CIVIS - COMPLEMENTACAO DA UNIAO;084780;AMO CREMOD;ASSIST MED ODONT- CREDENCIAMENTO;0100;RECURSOS ORDINARIOS;2;ORCAMENTO DE SEGURIDADE SOCIAL;3;DESPESAS CORRENTES;3;OUTRAS DESPESAS CORRENTES;92;DESPESAS DE EXERCICIOS ANTERIORES;339092;DESPESAS DE EXERCICIOS ANTERIORES;33909239;OUTROS SERVICOS DE TERCEIROS - PJ;3;ESTIMATIVO;08;NAO SE APLICA;-8;03/01/2018;JAN/2018;2018;070025000012018NE000021;ASSISTENCIA MEDICA;PGTO NF 58732 E OUTRAS. SERVICOS MEDICOS. RETENCAO 5,85 IMP FED (R$ 3.179,99) E 2,00 ISS (R$ 1.271,79). PA 0338-90.2018;070025;TRIBUNAL REGIONAL ELEITORAL DO D. FEDERAL;;;;;;;;0,00;53.477,91;53.477,91;;;;;;;;;53.477,91;53.477,91
14107;TRIBUNAL REGIONAL ELEITORAL DO DIST. FEDERAL;070025;TRIBUNAL REGIONAL ELEITORAL DO D. FEDERAL;02301057020040053;2004;ASSISTENCIA MEDICA E ODONTOLOGICA AOS SERVIDORES CIVIS, EMPR;0001;ASSISTENCIA MEDICA E ODONTOLOGICA DE CIVIS - COMPLEMENTACAO DA UNIAO;084780;AMO CREMOD;ASSIST MED ODONT- CREDENCIAMENTO;0100;RECURSOS ORDINARIOS;2;ORCAMENTO DE SEGURIDADE SOCIAL;3;DESPESAS CORRENTES;3;OUTRAS DESPESAS CORRENTES;92;DESPESAS DE EXERCICIOS ANTERIORES;339092;DESPESAS DE EXERCICIOS ANTERIORES;33909239;OUTROS SERVICOS DE TERCEIROS - PJ;3;ESTIMATIVO;08;NAO SE APLICA;-8;03/01/2018;JAN/2018;2018;070025000012018NE000021;ASSISTENCIA MEDICA;PGTO NF 58732 E OUTRAS. SERVICOS MEDICOS. RETENCAO 5,85 IMP FED (R$ 3.693,34) E 2,00 ISS (R$ 1.262,68). PA 0338-90.2018;070025;TRIBUNAL REGIONAL ELEITORAL DO D. FEDERAL;;;;;;;;0,00;53.022,34;53.022,34;;;;;;;;;53.022,34;53.022,34
14107;TRIBUNAL REGIONAL ELEITORAL DO DIST. FEDERAL;070025;TRIBUNAL REGIONAL ELEITORAL DO D. FEDERAL;02301057020040053;2004;ASSISTENCIA MEDICA E ODONTOLOGICA AOS SERVIDORES CIVIS, EMPR;0001;ASSISTENCIA MEDICA E ODONTOLOGICA DE CIVIS - COMPLEMENTACAO DA UNIAO;084780;AMO CREMOD;ASSIST MED ODONT- CREDENCIAMENTO;0100;RECURSOS ORDINARIOS;2;ORCAMENTO DE SEGURIDADE SOCIAL;3;DESPESAS CORRENTES;3;OUTRAS DESPESAS CORRENTES;92;DESPESAS DE EXERCICIOS ANTERIORES;339092;DESPESAS DE EXERCICIOS ANTERIORES;33909239;OUTROS SERVICOS DE TERCEIROS - PJ;3;ESTIMATIVO;08;NAO SE APLICA;-8;03/01/2018;JAN/2018;2018;070025000012018NE000021;ASSISTENCIA MEDICA;PGTO NF 60377 E OUTRAS. SERVICOS MEDICOS. RETENCAO 5,85 IMP FED (R$ 3.554,77) E 2,00 ISS (R$ 1.215,31). PA 0338-90.2018;070025;TRIBUNAL REGIONAL ELEITORAL DO D. FEDERAL;;;;;;;;0,00;6.627,11;6.627,11;;;;;;;;;6.627,11;6.627,11
14107;TRIBUNAL REGIONAL ELEITORAL DO DIST. FEDERAL;070025;TRIBUNAL REGIONAL ELEITORAL DO D. FEDERAL;02301057020040053;2004;ASSISTENCIA MEDICA E ODONTOLOGICA AOS SERVIDORES CIVIS, EMPR;0001;ASSISTENCIA MEDICA E ODONTOLOGICA DE CIVIS - COMPLEMENTACAO DA UNIAO;084780;AMO CREMOD;ASSIST MED ODONT- CREDENCIAMENTO;0100;RECURSOS ORDINARIOS;2;ORCAMENTO DE SEGURIDADE SOCIAL;3;DESPESAS CORRENTES;3;OUTRAS DESPESAS CORRENTES;92;DESPESAS DE EXERCICIOS ANTERIORES;339092;DESPESAS DE EXERCICIOS ANTERIORES;33909239;OUTROS SERVICOS DE TERCEIROS - PJ;3;ESTIMATIVO;08;NAO SE APLICA;-8;03/01/2018;JAN/2018;2018;070025000012018NE000021;ASSISTENCIA MEDICA;PGTO NF 6880. SERVICOS MEDICO-HOSPITALARES. RETENCAO IMP. FED. 5,85 (R$ 48,33) E ISS 2,00 (R$ 16,52). PA 8689-23.2016.;070025;TRIBUNAL REGIONAL ELEITORAL DO D. FEDERAL;;;;;;;;0,00;800,17;800,17;;;;;;;;;800,17;800,17
14107;TRIBUNAL REGIONAL ELEITORAL DO DIST. FEDERAL;070025;TRIBUNAL REGIONAL ELEITORAL DO D. FEDERAL;02301057020040053;2004;ASSISTENCIA MEDICA E ODONTOLOGICA AOS SERVIDORES CIVIS, EMPR;0001;ASSISTENCIA MEDICA E ODONTOLOGICA DE CIVIS - COMPLEMENTACAO DA UNIAO;084780;AMO CREMOD;ASSIST MED ODONT- CREDENCIAMENTO;0100;RECURSOS ORDINARIOS;2;ORCAMENTO DE SEGURIDADE SOCIAL;3;DESPESAS CORRENTES;3;OUTRAS DESPESAS CORRENTES;92;DESPESAS DE EXERCICIOS ANTERIORES;339092;DESPESAS DE EXERCICIOS ANTERIORES;33909239;OUTROS SERVICOS DE TERCEIROS - PJ;3;ESTIMATIVO;08;NAO SE APLICA;-8;03/01/2018;JAN/2018;2018;070025000012018NE000021;ASSISTENCIA MEDICA;PGTO NF 71. SERVICO MEDICO. RET. IMP. FED. 5,85 (R$ 57,07) E ISS 2,00 (R$ 19,68). PA 3355-08.2016.;070025;TRIBUNAL REGIONAL ELEITORAL DO D. FEDERAL;;;;;;;;0,00;984,07;984,07;;;;;;;;;984,07;984,07
14107;TRIBUNAL REGIONAL ELEITORAL DO DIST. FEDERAL;070025;TRIBUNAL REGIONAL ELEITORAL DO D. FEDERAL;02301057020040053;2004;ASSISTENCIA MEDICA E ODONTOLOGICA AOS SERVIDORES CIVIS, EMPR;0001;ASSISTENCIA MEDICA E ODONTOLOGICA DE CIVIS - COMPLEMENTACAO DA UNIAO;084780;AMO CREMOD;ASSIST MED ODONT- CREDENCIAMENTO;0100;RECURSOS ORDINARIOS;2;ORCAMENTO DE SEGURIDADE SOCIAL;3;DESPESAS CORRENTES;3;OUTRAS DESPESAS CORRENTES;92;DESPESAS DE EXERCICIOS ANTERIORES;339092;DESPESAS DE EXERCICIOS ANTERIORES;33909239;OUTROS SERVICOS DE TERCEIROS - PJ;3;ESTIMATIVO;08;NAO SE APLICA;-8;03/01/2018;JAN/2018;2018;070025000012018NE000021;ASSISTENCIA MEDICA;PGTO NF 7140. SERVICO MEDICO. RET IMP FED 5,85 (R$ 1,61) E ISS (R$ 0,55). PA 1212-12.2017.;070025;TRIBUNAL REGIONAL ELEITORAL DO D. FEDERAL;;;;;;;;0,00;27,55;27,55;;;;;;;;;27,55;27,55
14107;TRIBUNAL REGIONAL ELEITORAL DO DIST. FEDERAL;070025;TRIBUNAL REGIONAL ELEITORAL DO D. FEDERAL;02301057020040053;2004;ASSISTENCIA MEDICA E ODONTOLOGICA AOS SERVIDORES CIVIS, EMPR;0001;ASSISTENCIA MEDICA E ODONTOLOGICA DE CIVIS - COMPLEMENTACAO DA UNIAO;084780;AMO CREMOD;ASSIST MED ODONT- CREDENCIAMENTO;0100;RECURSOS ORDINARIOS;2;ORCAMENTO DE SEGURIDADE SOCIAL;3;DESPESAS CORRENTES;3;OUTRAS DESPESAS CORRENTES;92;DESPESAS DE EXERCICIOS ANTERIORES;339092;DESPESAS DE EXERCICIOS ANTERIORES;33909239;OUTROS SERVICOS DE TERCEIROS - PJ;3;ESTIMATIVO;08;NAO SE APLICA;-8;03/01/2018;JAN/2018;2018;070025000012018NE000021;ASSISTENCIA MEDICA;PGTO NF 743. SERVICOS MEDICO-HOSPITALARES. RETENCAO IMP. FED. 5,85 (R$ 63,18) ISS 2,00 (R$ 21,60). PA 2050-86.2016.;070025;TRIBUNAL REGIONAL ELEITORAL DO D. FEDERAL;;;;;;;;0,00;1.080,00;1.080,00;;;;;;;;;1.080,00;1.080,00
14107;TRIBUNAL REGIONAL ELEITORAL DO DIST. FEDERAL;070025;TRIBUNAL REGIONAL ELEITORAL DO D. FEDERAL;02301057020040053;2004;ASSISTENCIA MEDICA E ODONTOLOGICA AOS SERVIDORES CIVIS, EMPR;0001;ASSISTENCIA MEDICA E ODONTOLOGICA DE CIVIS - COMPLEMENTACAO DA UNIAO;084780;AMO CREMOD;ASSIST MED ODONT- CREDENCIAMENTO;0100;RECURSOS ORDINARIOS;2;ORCAMENTO DE SEGURIDADE SOCIAL;3;DESPESAS CORRENTES;3;OUTRAS DESPESAS CORRENTES;92;DESPESAS DE EXERCICIOS ANTERIORES;339092;DESPESAS DE EXERCICIOS ANTERIORES;33909239;OUTROS SERVICOS DE TERCEIROS - PJ;3;ESTIMATIVO;08;NAO SE APLICA;-8;03/01/2018;JAN/2018;2018;070025000012018NE000021;ASSISTENCIA MEDICA;PGTO NF 762. SERVICOS MEDICO-HOSPITALARES. RETENCAO IMP. FED. 5,85 (R$ 152,69) ISS 2,00 (R$ 52,20). PA 388-19.2018.;070025;TRIBUNAL REGIONAL ELEITORAL DO D. FEDERAL;;;;;;;;0,00;2.610,00;2.610,00;;;;;;;;;2.610,00;2.610,00
14107;TRIBUNAL REGIONAL ELEITORAL DO DIST. FEDERAL;070025;TRIBUNAL REGIONAL ELEITORAL DO D. FEDERAL;02301057020040053;2004;ASSISTENCIA MEDICA E ODONTOLOGICA AOS SERVIDORES CIVIS, EMPR;0001;ASSISTENCIA MEDICA E ODONTOLOGICA DE CIVIS - COMPLEMENTACAO DA UNIAO;084780;AMO CREMOD;ASSIST MED ODONT- CREDENCIAMENTO;0100;RECURSOS ORDINARIOS;2;ORCAMENTO DE SEGURIDADE SOCIAL;3;DESPESAS CORRENTES;3;OUTRAS DESPESAS CORRENTES;92;DESPESAS DE EXERCICIOS ANTERIORES;339092;DESPESAS DE EXERCICIOS ANTERIORES;33909239;OUTROS SERVICOS DE TERCEIROS - PJ;3;ESTIMATIVO;08;NAO SE APLICA;-8;03/01/2018;JAN/2018;2018;070025000012018NE000021;ASSISTENCIA MEDICA;PGTO NF 8236. SERVICOS MEDICOS-HOSPITALARES. RET.IMP.FED. 5,85 (R$ 52,10) E ISS 2,00 (R$ 17,81). PA 0401-18.2018.6.07.8100.;070025;TRIBUNAL REGIONAL ELEITORAL DO D. FEDERAL;;;;;;;;0,00;660,00;660,00;;;;;;;;;660,00;660,00
14107;TRIBUNAL REGIONAL ELEITORAL DO DIST. FEDERAL;070025;TRIBUNAL REGIONAL ELEITORAL DO D. FEDERAL;02301057020040053;2004;ASSISTENCIA MEDICA E ODONTOLOGICA AOS SERVIDORES CIVIS, EMPR;0001;ASSISTENCIA MEDICA E ODONTOLOGICA DE CIVIS - COMPLEMENTACAO DA UNIAO;084780;AMO CREMOD;ASSIST MED ODONT- CREDENCIAMENTO;0100;RECURSOS ORDINARIOS;2;ORCAMENTO DE SEGURIDADE SOCIAL;3;DESPESAS CORRENTES;3;OUTRAS DESPESAS CORRENTES;92;DESPESAS DE EXERCICIOS ANTERIORES;339092;DESPESAS DE EXERCICIOS ANTERIORES;33909239;OUTROS SERVICOS DE TERCEIROS - PJ;3;ESTIMATIVO;08;NAO SE APLICA;-8;03/01/2018;JAN/2018;2018;070025000012018NE000021;ASSISTENCIA MEDICA;PGTO NF 826. SERVICOS MEDICO-HOSPITALARES. RETENCAO IMP. FED. 5,85 (R$ 52,65) ISS 2,00 (R$ 18,00). PA 2050-86.2016.;070025;TRIBUNAL REGIONAL ELEITORAL DO D. FEDERAL;;;;;;;;0,00;900,00;900,00;;;;;;;;;900,00;900,00
14107;TRIBUNAL REGIONAL ELEITORAL DO DIST. FEDERAL;070025;TRIBUNAL REGIONAL ELEITORAL DO D. FEDERAL;02301057020040053;2004;ASSISTENCIA MEDICA E ODONTOLOGICA AOS SERVIDORES CIVIS, EMPR;0001;ASSISTENCIA MEDICA E ODONTOLOGICA DE CIVIS - COMPLEMENTACAO DA UNIAO;084780;AMO CREMOD;ASSIST MED ODONT- CREDENCIAMENTO;0100;RECURSOS ORDINARIOS;2;ORCAMENTO DE SEGURIDADE SOCIAL;3;DESPESAS CORRENTES;3;OUTRAS DESPESAS CORRENTES;92;DESPESAS DE EXERCICIOS ANTERIORES;339092;DESPESAS DE EXERCICIOS ANTERIORES;33909239;OUTROS SERVICOS DE TERCEIROS - PJ;3;ESTIMATIVO;08;NAO SE APLICA;-8;03/01/2018;JAN/2018;2018;070025000012018NE000021;ASSISTENCIA MEDICA;PGTO NF 826. SERVICOS MEDICO-HOSPITALARES. RETENCAO IMP. FED. 5,85 (R$ 57,92) ISS 2,00 (R$ 19,80). PA 388-19.2018.;070025;TRIBUNAL REGIONAL ELEITORAL DO D. FEDERAL;;;;;;;;0,00;900,00;900,00;;;;;;;;;900,00;900,00
14107;TRIBUNAL REGIONAL ELEITORAL DO DIST. FEDERAL;070025;TRIBUNAL REGIONAL ELEITORAL DO D. FEDERAL;02301057020040053;2004;ASSISTENCIA MEDICA E ODONTOLOGICA AOS SERVIDORES CIVIS, EMPR;0001;ASSISTENCIA MEDICA E ODONTOLOGICA DE CIVIS - COMPLEMENTACAO DA UNIAO;084780;AMO CREMOD;ASSIST MED ODONT- CREDENCIAMENTO;0100;RECURSOS ORDINARIOS;2;ORCAMENTO DE SEGURIDADE SOCIAL;3;DESPESAS CORRENTES;3;OUTRAS DESPESAS CORRENTES;92;DESPESAS DE EXERCICIOS ANTERIORES;339092;DESPESAS DE EXERCICIOS ANTERIORES;33909239;OUTROS SERVICOS DE TERCEIROS - PJ;3;ESTIMATIVO;08;NAO SE APLICA;-8;03/01/2018;JAN/2018;2018;070025000012018NE000021;ASSISTENCIA MEDICA;PGTO NF 9164, 9333. SERVICOS MEDICOS. RETENCAO TRIBUTARIA IMP. FED. 5,85 (R$ 443,92) E ISS 2,00 (R$ 151,77). PA 402-03.2018;070025;TRIBUNAL REGIONAL ELEITORAL DO D. FEDERAL;;;;;;;;0,00;7.588,36;14.581,03;;;;;;;;;7.588,36;14.581,03
14107;TRIBUNAL REGIONAL ELEITORAL DO DIST. FEDERAL;070025;TRIBUNAL REGIONAL ELEITORAL DO D. FEDERAL;02301057020040053;2004;ASSISTENCIA MEDICA E ODONTOLOGICA AOS SERVIDORES CIVIS, EMPR;0001;ASSISTENCIA MEDICA E ODONTOLOGICA DE CIVIS - COMPLEMENTACAO DA UNIAO;084780;AMO CREMOD;ASSIST MED ODONT- CREDENCIAMENTO;0100;RECURSOS ORDINARIOS;2;ORCAMENTO DE SEGURIDADE SOCIAL;3;DESPESAS CORRENTES;3;OUTRAS DESPESAS CORRENTES;92;DESPESAS DE EXERCICIOS ANTERIORES;339092;DESPESAS DE EXERCICIOS ANTERIORES;33909239;OUTROS SERVICOS DE TERCEIROS - PJ;3;ESTIMATIVO;08;NAO SE APLICA;-8;03/01/2018;JAN/2018;2018;070025000012018NE000021;ASSISTENCIA MEDICA;PGTO NF 9434. SERVICOS MEDICOS. RETENCAO TRIBUTARIA IMP. FED. 5,85 (R$ 148,26) E ISS 2,00 (R$ 50,69). PA 402-03.2018;070025;TRIBUNAL REGIONAL ELEITORAL DO D. FEDERAL;;;;;;;;0,00;695,89;695,89;;;;;;;;;695,89;695,89
14107;TRIBUNAL REGIONAL ELEITORAL DO DIST. FEDERAL;070025;TRIBUNAL REGIONAL ELEITORAL DO D. FEDERAL;02301057020040053;2004;ASSISTENCIA MEDICA E ODONTOLOGICA AOS SERVIDORES CIVIS, EMPR;0001;ASSISTENCIA MEDICA E ODONTOLOGICA DE CIVIS - COMPLEMENTACAO DA UNIAO;084780;AMO CREMOD;ASSIST MED ODONT- CREDENCIAMENTO;0100;RECURSOS ORDINARIOS;2;ORCAMENTO DE SEGURIDADE SOCIAL;3;DESPESAS CORRENTES;3;OUTRAS DESPESAS CORRENTES;92;DESPESAS DE EXERCICIOS ANTERIORES;339092;DESPESAS DE EXERCICIOS ANTERIORES;33909239;OUTROS SERVICOS DE TERCEIROS - PJ;3;ESTIMATIVO;08;NAO SE APLICA;-8;03/01/2018;JAN/2018;2018;070025000012018NE000021;ASSISTENCIA MEDICA;PGTO NF. 43088, 44424. SERVICOS MEDICOS. RETENCAO IMP. FED. 5,85 (R$ 460,46) E ISS 2,00 (R$ 157,42). PA 4280-04.2016.;070025;TRIBUNAL REGIONAL ELEITORAL DO D. FEDERAL;;;;;;;;0,00;7.871,14;15.124,40;;;;;;;;;7.871,14;15.124,40
14107;TRIBUNAL REGIONAL ELEITORAL DO DIST. FEDERAL;070025;TRIBUNAL REGIONAL ELEITORAL DO D. FEDERAL;02301057020040053;2004;ASSISTENCIA MEDICA E ODONTOLOGICA AOS SERVIDORES CIVIS, EMPR;0001;ASSISTENCIA MEDICA E ODONTOLOGICA DE CIVIS - COMPLEMENTACAO DA UNIAO;084780;AMO CREMOD;ASSIST MED ODONT- CREDENCIAMENTO;0100;RECURSOS ORDINARIOS;2;ORCAMENTO DE SEGURIDADE SOCIAL;3;DESPESAS CORRENTES;3;OUTRAS DESPESAS CORRENTES;92;DESPESAS DE EXERCICIOS ANTERIORES;339092;DESPESAS DE EXERCICIOS ANTERIORES;33909239;OUTROS SERVICOS DE TERCEIROS - PJ;3;ESTIMATIVO;08;NAO SE APLICA;-8;03/01/2018;JAN/2018;2018;070025000012018NE000021;ASSISTENCIA MEDICA;PGTO NF. 4894. SERVICOS MEDICOS. IMP. FED. 5,85 (R$ 212,73) E ISS 2,00 (R$ 72,73). PA. 2051-71.2016.;070025;TRIBUNAL REGIONAL ELEITORAL DO D. FEDERAL;;;;;;;;0,00;6.144,97;6.144,97;;;;;;;;;6.144,97;6.144,97
14107;TRIBUNAL REGIONAL ELEITORAL DO DIST. FEDERAL;070025;TRIBUNAL REGIONAL ELEITORAL DO D. FEDERAL;02301057020040053;2004;ASSISTENCIA MEDICA E ODONTOLOGICA AOS SERVIDORES CIVIS, EMPR;0001;ASSISTENCIA MEDICA E ODONTOLOGICA DE CIVIS - COMPLEMENTACAO DA UNIAO;084780;AMO CREMOD;ASSIST MED ODONT- CREDENCIAMENTO;0100;RECURSOS ORDINARIOS;2;ORCAMENTO DE SEGURIDADE SOCIAL;3;DESPESAS CORRENTES;3;OUTRAS DESPESAS CORRENTES;92;DESPESAS DE EXERCICIOS ANTERIORES;339092;DESPESAS DE EXERCICIOS ANTERIORES;33909239;OUTROS SERVICOS DE TERCEIROS - PJ;3;ESTIMATIVO;08;NAO SE APLICA;-8;03/01/2018;JAN/2018;2018;070025000012018NE000021;ASSISTENCIA MEDICA;PGTO NFS 11307 E 11308. SERVICOS MEDICOS E HOSPITALARES. RET. IMP. FED. 5,85 (R$ 201,16) E ISS (R$ 68,77). PA 2848-47.2016.;070025;TRIBUNAL REGIONAL ELEITORAL DO D. FEDERAL;;;;;;;;0,00;3.438,64;3.438,64;;;;;;;;;3.438,64;3.438,64
14107;TRIBUNAL REGIONAL ELEITORAL DO DIST. FEDERAL;070025;TRIBUNAL REGIONAL ELEITORAL DO D. FEDERAL;02301057020040053;2004;ASSISTENCIA MEDICA E ODONTOLOGICA AOS SERVIDORES CIVIS, EMPR;0001;ASSISTENCIA MEDICA E ODONTOLOGICA DE CIVIS - COMPLEMENTACAO DA UNIAO;084780;AMO CREMOD;ASSIST MED ODONT- CREDENCIAMENTO;0100;RECURSOS ORDINARIOS;2;ORCAMENTO DE SEGURIDADE SOCIAL;3;DESPESAS CORRENTES;3;OUTRAS DESPESAS CORRENTES;92;DESPESAS DE EXERCICIOS ANTERIORES;339092;DESPESAS DE EXERCICIOS ANTERIORES;33909239;OUTROS SERVICOS DE TERCEIROS - PJ;3;ESTIMATIVO;08;NAO SE APLICA;-8;03/01/2018;JAN/2018;2018;070025000012018NE000021;ASSISTENCIA MEDICA;PGTO NFS 1169. SERVICOS MEDICOS. RETENCAO DE 5,85 IMP FED (R$ 18,24) E 2,00 ISS (R$ 25,316,24). PA 2939-40.2016.;070025;TRIBUNAL REGIONAL ELEITORAL DO D. FEDERAL;;;;;;;;0,00;311,75;311,75;;;;;;;;;311,75;311,75
14107;TRIBUNAL REGIONAL ELEITORAL DO DIST. FEDERAL;070025;TRIBUNAL REGIONAL ELEITORAL DO D. FEDERAL;02301057020040053;2004;ASSISTENCIA MEDICA E ODONTOLOGICA AOS SERVIDORES CIVIS, EMPR;0001;ASSISTENCIA MEDICA E ODONTOLOGICA DE CIVIS - COMPLEMENTACAO DA UNIAO;084780;AMO CREMOD;ASSIST MED ODONT- CREDENCIAMENTO;0100;RECURSOS ORDINARIOS;2;ORCAMENTO DE SEGURIDADE SOCIAL;3;DESPESAS CORRENTES;3;OUTRAS DESPESAS CORRENTES;92;DESPESAS DE EXERCICIOS ANTERIORES;339092;DESPESAS DE EXERCICIOS ANTERIORES;33909239;OUTROS SERVICOS DE TERCEIROS - PJ;3;ESTIMATIVO;08;NAO SE APLICA;-8;03/01/2018;JAN/2018;2018;070025000012018NE000021;ASSISTENCIA MEDICA;PGTO NFS 1169. SERVICOS MEDICOS. RETENCAO DE 5,85 IMP FED (R$ 18,24) E 2,00 ISS (R$ 6,24). PA 2939-40.2016.;070025;TRIBUNAL REGIONAL ELEITORAL DO D. FEDERAL;;;;;;;;0,00;311,75;311,75;;;;;;;;;311,75;311,75
14107;TRIBUNAL REGIONAL ELEITORAL DO DIST. FEDERAL;070025;TRIBUNAL REGIONAL ELEITORAL DO D. FEDERAL;02301057020040053;2004;ASSISTENCIA MEDICA E ODONTOLOGICA AOS SERVIDORES CIVIS, EMPR;0001;ASSISTENCIA MEDICA E ODONTOLOGICA DE CIVIS - COMPLEMENTACAO DA UNIAO;084780;AMO CREMOD;ASSIST MED ODONT- CREDENCIAMENTO;0100;RECURSOS ORDINARIOS;2;ORCAMENTO DE SEGURIDADE SOCIAL;3;DESPESAS CORRENTES;3;OUTRAS DESPESAS CORRENTES;92;DESPESAS DE EXERCICIOS ANTERIORES;339092;DESPESAS DE EXERCICIOS ANTERIORES;33909239;OUTROS SERVICOS DE TERCEIROS - PJ;3;ESTIMATIVO;08;NAO SE APLICA;-8;03/01/2018;JAN/2018;2018;070025000012018NE000021;ASSISTENCIA MEDICA;PGTO NFS 12177 E 13079. SERVICOS MEDICOS. IMP. FED. 5,85 (R$ 215,41) E ISS 2,00 (R$ 73,64). PA. 2051-71.2016.;070025;TRIBUNAL REGIONAL ELEITORAL DO D. FEDERAL;;;;;;;;0,00;3.531,42;3.531,42;;;;;;;;;3.531,42;3.531,42
14107;TRIBUNAL REGIONAL ELEITORAL DO DIST. FEDERAL;070025;TRIBUNAL REGIONAL ELEITORAL DO D. FEDERAL;02301057020040053;2004;ASSISTENCIA MEDICA E ODONTOLOGICA AOS SERVIDORES CIVIS, EMPR;0001;ASSISTENCIA MEDICA E ODONTOLOGICA DE CIVIS - COMPLEMENTACAO DA UNIAO;084780;AMO CREMOD;ASSIST MED ODONT- CREDENCIAMENTO;0100;RECURSOS ORDINARIOS;2;ORCAMENTO DE SEGURIDADE SOCIAL;3;DESPESAS CORRENTES;3;OUTRAS DESPESAS CORRENTES;92;DESPESAS DE EXERCICIOS ANTERIORES;339092;DESPESAS DE EXERCICIOS ANTERIORES;33909239;OUTROS SERVICOS DE TERCEIROS - PJ;3;ESTIMATIVO;08;NAO SE APLICA;-8;03/01/2018;JAN/2018;2018;070025000012018NE000021;ASSISTENCIA MEDICA;PGTO NFS 195280, 195282 E 195284. SERVICOS MEDICOS. RETENCAO 5,85 IMP FED (R$ 546,29) E 2,00 ISS (R$ 186,77) PA 0312-92.2018;070025;TRIBUNAL REGIONAL ELEITORAL DO D. FEDERAL;;;;;;;;0,00;3.833,25;3.833,25;;;;;;;;;3.833,25;3.833,25
14107;TRIBUNAL REGIONAL ELEITORAL DO DIST. FEDERAL;070025;TRIBUNAL REGIONAL ELEITORAL DO D. FEDERAL;02301057020040053;2004;ASSISTENCIA MEDICA E ODONTOLOGICA AOS SERVIDORES CIVIS, EMPR;0001;ASSISTENCIA MEDICA E ODONTOLOGICA DE CIVIS - COMPLEMENTACAO DA UNIAO;084780;AMO CREMOD;ASSIST MED ODONT- CREDENCIAMENTO;0100;RECURSOS ORDINARIOS;2;ORCAMENTO DE SEGURIDADE SOCIAL;3;DESPESAS CORRENTES;3;OUTRAS DESPESAS CORRENTES;92;DESPESAS DE EXERCICIOS ANTERIORES;339092;DESPESAS DE EXERCICIOS ANTERIORES;33909239;OUTROS SERVICOS DE TERCEIROS - PJ;3;ESTIMATIVO;08;NAO SE APLICA;-8;03/01/2018;JAN/2018;2018;070025000012018NE000021;ASSISTENCIA MEDICA;PGTO NFS 196331, 196333, 196332, 196334. SERVICOS MEDICOS. RETENCAO 5,85 IMP FED (R$ 113,39) E 2,00 ISS (R$ 38,77) PA 0312-92.2018;070025;TRIBUNAL REGIONAL ELEITORAL DO D. FEDERAL;;;;;;;;0,00;620,87;620,87;;;;;;;;;620,87;620,87
14107;TRIBUNAL REGIONAL ELEITORAL DO DIST. FEDERAL;070025;TRIBUNAL REGIONAL ELEITORAL DO D. FEDERAL;02301057020040053;2004;ASSISTENCIA MEDICA E ODONTOLOGICA AOS SERVIDORES CIVIS, EMPR;0001;ASSISTENCIA MEDICA E ODONTOLOGICA DE CIVIS - COMPLEMENTACAO DA UNIAO;084780;AMO CREMOD;ASSIST MED ODONT- CREDENCIAMENTO;0100;RECURSOS ORDINARIOS;2;ORCAMENTO DE SEGURIDADE SOCIAL;3;DESPESAS CORRENTES;3;OUTRAS DESPESAS CORRENTES;92;DESPESAS DE EXERCICIOS ANTERIORES;339092;DESPESAS DE EXERCICIOS ANTERIORES;33909239;OUTROS SERVICOS DE TERCEIROS - PJ;3;ESTIMATIVO;08;NAO SE APLICA;-8;03/01/2018;JAN/2018;2018;070025000012018NE000021;ASSISTENCIA MEDICA;PGTO NFS 3037 E 3038. SERVICOS MEDICO-HOSPITALARES. RETENCAO FED. 5,85 (R$ 31,59) ISS 2,00 (R$ 10,80). PA 2280-31.2016.;070025;TRIBUNAL REGIONAL ELEITORAL DO D. FEDERAL;;;;;;;;0,00;540,03;540,03;;;;;;;;;540,03;540,03
14107;TRIBUNAL REGIONAL ELEITORAL DO DIST. FEDERAL;070025;TRIBUNAL REGIONAL ELEITORAL DO D. FEDERAL;02301057020040053;2004;ASSISTENCIA MEDICA E ODONTOLOGICA AOS SERVIDORES CIVIS, EMPR;0001;ASSISTENCIA MEDICA E ODONTOLOGICA DE CIVIS - COMPLEMENTACAO DA UNIAO;084780;AMO CREMOD;ASSIST MED ODONT- CREDENCIAMENTO;0100;RECURSOS ORDINARIOS;2;ORCAMENTO DE SEGURIDADE SOCIAL;3;DESPESAS CORRENTES;3;OUTRAS DESPESAS CORRENTES;92;DESPESAS DE EXERCICIOS ANTERIORES;339092;DESPESAS DE EXERCICIOS ANTERIORES;33909239;OUTROS SERVICOS DE TERCEIROS - PJ;3;ESTIMATIVO;08;NAO SE APLICA;-8;03/01/2018;JAN/2018;2018;070025000012018NE000021;ASSISTENCIA MEDICA;PGTO NFS 3200 E 3275. SERVICOS MEDICOS. RETENCAO IMP FED 5,85 (R$ 204,95) E ISS 2,00 (R$ 70,07). PA 1312.98.2016.;070025;TRIBUNAL REGIONAL ELEITORAL DO D. FEDERAL;;;;;;;;0,00;3.401,06;3.401,06;;;;;;;;;3.401,06;3.401,06
14107;TRIBUNAL REGIONAL ELEITORAL DO DIST. FEDERAL;070025;TRIBUNAL REGIONAL ELEITORAL DO D. FEDERAL;02301057020040053;2004;ASSISTENCIA MEDICA E ODONTOLOGICA AOS SERVIDORES CIVIS, EMPR;0001;ASSISTENCIA MEDICA E ODONTOLOGICA DE CIVIS - COMPLEMENTACAO DA UNIAO;084780;AMO CREMOD;ASSIST MED ODONT- CREDENCIAMENTO;0100;RECURSOS ORDINARIOS;2;ORCAMENTO DE SEGURIDADE SOCIAL;3;DESPESAS CORRENTES;3;OUTRAS DESPESAS CORRENTES;92;DESPESAS DE EXERCICIOS ANTERIORES;339092;DESPESAS DE EXERCICIOS ANTERIORES;33909239;OUTROS SERVICOS DE TERCEIROS - PJ;3;ESTIMATIVO;08;NAO SE APLICA;-8;03/01/2018;JAN/2018;2018;070025000012018NE000021;ASSISTENCIA MEDICA;PGTO NFS 3422, 3423, 3490. SERVICOS MEDICOS. RETENCAO IMP FED 5,85 (R$ 89,59) E ISS 2,00 (R$ 30,63). PA 1312.98.2016.;070025;TRIBUNAL REGIONAL ELEITORAL DO D. FEDERAL;;;;;;;;0,00;1.505,59;;;;;;;;;;1.505,59;
14107;TRIBUNAL REGIONAL ELEITORAL DO DIST. FEDERAL;070025;TRIBUNAL REGIONAL ELEITORAL DO D. FEDERAL;02301057020040053;2004;ASSISTENCIA MEDICA E ODONTOLOGICA AOS SERVIDORES CIVIS, EMPR;0001;ASSISTENCIA MEDICA E ODONTOLOGICA DE CIVIS - COMPLEMENTACAO DA UNIAO;084780;AMO CREMOD;ASSIST MED ODONT- CREDENCIAMENTO;0100;RECURSOS ORDINARIOS;2;ORCAMENTO DE SEGURIDADE SOCIAL;3;DESPESAS CORRENTES;3;OUTRAS DESPESAS CORRENTES;92;DESPESAS DE EXERCICIOS ANTERIORES;339092;DESPESAS DE EXERCICIOS ANTERIORES;33909239;OUTROS SERVICOS DE TERCEIROS - PJ;3;ESTIMATIVO;08;NAO SE APLICA;-8;03/01/2018;JAN/2018;2018;070025000012018NE000021;ASSISTENCIA MEDICA;PGTO NFS 46602, 47161 E 47264. SERVICO MEDICO-HOSPITALAR. RETENCAO IMP. FED. 5,85 (R$ 224,37) E ISS 2,00 (R$ 76,71). PA 4277-49.2016.;070025;TRIBUNAL REGIONAL ELEITORAL DO D. FEDERAL;;;;;;;;0,00;3.835,32;3.835,32;;;;;;;;;3.835,32;3.835,32
14107;TRIBUNAL REGIONAL ELEITORAL DO DIST. FEDERAL;070025;TRIBUNAL REGIONAL ELEITORAL DO D. FEDERAL;02301057020040053;2004;ASSISTENCIA MEDICA E ODONTOLOGICA AOS SERVIDORES CIVIS, EMPR;0001;ASSISTENCIA MEDICA E ODONTOLOGICA DE CIVIS - COMPLEMENTACAO DA UNIAO;084780;AMO CREMOD;ASSIST MED ODONT- CREDENCIAMENTO;0100;RECURSOS ORDINARIOS;2;ORCAMENTO DE SEGURIDADE SOCIAL;3;DESPESAS CORRENTES;3;OUTRAS DESPESAS CORRENTES;92;DESPESAS DE EXERCICIOS ANTERIORES;339092;DESPESAS DE EXERCICIOS ANTERIORES;33909239;OUTROS SERVICOS DE TERCEIROS - PJ;3;ESTIMATIVO;08;NAO SE APLICA;-8;03/01/2018;JAN/2018;2018;070025000012018NE000021;ASSISTENCIA MEDICA;PGTO NFS 48239. SERVICO MEDICO-HOSPITALAR. RETENCAO IMP. FED. 5,85 (R$ 55,79) E ISS 2,00 (R$ 19,07). PA 4277-49.2016.;070025;TRIBUNAL REGIONAL ELEITORAL DO D. FEDERAL;;;;;;;;0,00;832,18;832,18;;;;;;;;;832,18;832,18
14107;TRIBUNAL REGIONAL ELEITORAL DO DIST. FEDERAL;070025;TRIBUNAL REGIONAL ELEITORAL DO D. FEDERAL;02301057020040053;2004;ASSISTENCIA MEDICA E ODONTOLOGICA AOS SERVIDORES CIVIS, EMPR;0001;ASSISTENCIA MEDICA E ODONTOLOGICA DE CIVIS - COMPLEMENTACAO DA UNIAO;084780;AMO CREMOD;ASSIST MED ODONT- CREDENCIAMENTO;0100;RECURSOS ORDINARIOS;2;ORCAMENTO DE SEGURIDADE SOCIAL;3;DESPESAS CORRENTES;3;OUTRAS DESPESAS CORRENTES;92;DESPESAS DE EXERCICIOS ANTERIORES;339092;DESPESAS DE EXERCICIOS ANTERIORES;33909239;OUTROS SERVICOS DE TERCEIROS - PJ;3;ESTIMATIVO;08;NAO SE APLICA;-8;03/01/2018;JAN/2018;2018;070025000012018NE000021;ASSISTENCIA MEDICA;PGTO NFS 4873 E 4874. SERVICOS MEDICOS. RETENCAO IMP FED. 5,85 (R$ 162,18). SOCIEDADE UNIPROFISSIONIAL. PA 836-26.2017.;070025;TRIBUNAL REGIONAL ELEITORAL DO D. FEDERAL;;;;;;;;0,00;1.412,53;1.412,53;;;;;;;;;1.412,53;1.412,53
14107;TRIBUNAL REGIONAL ELEITORAL DO DIST. FEDERAL;070025;TRIBUNAL REGIONAL ELEITORAL DO D. FEDERAL;02301057020040053;2004;ASSISTENCIA MEDICA E ODONTOLOGICA AOS SERVIDORES CIVIS, EMPR;0001;ASSISTENCIA MEDICA E ODONTOLOGICA DE CIVIS - COMPLEMENTACAO DA UNIAO;084780;AMO CREMOD;ASSIST MED ODONT- CREDENCIAMENTO;0100;RECURSOS ORDINARIOS;2;ORCAMENTO DE SEGURIDADE SOCIAL;3;DESPESAS CORRENTES;3;OUTRAS DESPESAS CORRENTES;92;DESPESAS DE EXERCICIOS ANTERIORES;339092;DESPESAS DE EXERCICIOS ANTERIORES;33909239;OUTROS SERVICOS DE TERCEIROS - PJ;3;ESTIMATIVO;08;NAO SE APLICA;-8;03/01/2018;JAN/2018;2018;070025000012018NE000021;ASSISTENCIA MEDICA;PGTO NFS 7734 E 7736. SERVICOS MEDICOS-HOSPITALARES. RET.IMP.FED. 5,85 (R$ 58,40) E ISS 2,00 (R$ 19,97). PA 2560-02.2016.;070025;TRIBUNAL REGIONAL ELEITORAL DO D. FEDERAL;;;;;;;;0,00;998,34;998,34;;;;;;;;;998,34;998,34
14107;TRIBUNAL REGIONAL ELEITORAL DO DIST. FEDERAL;070025;TRIBUNAL REGIONAL ELEITORAL DO D. FEDERAL;02301057020040053;2004;ASSISTENCIA MEDICA E ODONTOLOGICA AOS SERVIDORES CIVIS, EMPR;0001;ASSISTENCIA MEDICA E ODONTOLOGICA DE CIVIS - COMPLEMENTACAO DA UNIAO;084780;AMO CREMOD;ASSIST MED ODONT- CREDENCIAMENTO;0100;RECURSOS ORDINARIOS;2;ORCAMENTO DE SEGURIDADE SOCIAL;3;DESPESAS CORRENTES;3;OUTRAS DESPESAS CORRENTES;92;DESPESAS DE EXERCICIOS ANTERIORES;339092;DESPESAS DE EXERCICIOS ANTERIORES;33909239;OUTROS SERVICOS DE TERCEIROS - PJ;3;ESTIMATIVO;08;NAO SE APLICA;-8;03/01/2018;JAN/2018;2018;070025000012018NE000021;ASSISTENCIA MEDICA;PGTO NFS 99.325 E 99.326 (COMPLEMENTO). SERVICOS MEDICOS. ENTIDADE SEM FINS LUCRATIVOS. PA 443-67.2018;070025;TRIBUNAL REGIONAL ELEITORAL DO D. FEDERAL;;;;;;;;0,00;3.938,73;3.938,73;;;;;;;;;3.938,73;3.938,73
14107;TRIBUNAL REGIONAL ELEITORAL DO DIST. FEDERAL;070025;TRIBUNAL REGIONAL ELEITORAL DO D. FEDERAL;02301057020040053;2004;ASSISTENCIA MEDICA E ODONTOLOGICA AOS SERVIDORES CIVIS, EMPR;0001;ASSISTENCIA MEDICA E ODONTOLOGICA DE CIVIS - COMPLEMENTACAO DA UNIAO;084780;AMO CREMOD;ASSIST MED ODONT- CREDENCIAMENTO;0100;RECURSOS ORDINARIOS;2;ORCAMENTO DE SEGURIDADE SOCIAL;3;DESPESAS CORRENTES;3;OUTRAS DESPESAS CORRENTES;92;DESPESAS DE EXERCICIOS ANTERIORES;339092;DESPESAS DE EXERCICIOS ANTERIORES;33909239;OUTROS SERVICOS DE TERCEIROS - PJ;3;ESTIMATIVO;08;NAO SE APLICA;-8;03/01/2018;JAN/2018;2018;070025000012018NE000021;ASSISTENCIA MEDICA;PGTO NFS 99.325 E 99.326. SERVICOS MEDICOS. ENTIDADE SEM FINS LUCRATIVOS. PA 443-67.2018;070025;TRIBUNAL REGIONAL ELEITORAL DO D. FEDERAL;;;;;;;;0,00;171.012,61;171.012,61;;;;;;;;;171.012,61;171.012,61
14107;TRIBUNAL REGIONAL ELEITORAL DO DIST. FEDERAL;070025;TRIBUNAL REGIONAL ELEITORAL DO D. FEDERAL;02301057020040053;2004;ASSISTENCIA MEDICA E ODONTOLOGICA AOS SERVIDORES CIVIS, EMPR;0001;ASSISTENCIA MEDICA E ODONTOLOGICA DE CIVIS - COMPLEMENTACAO DA UNIAO;084780;AMO CREMOD;ASSIST MED ODONT- CREDENCIAMENTO;0100;RECURSOS ORDINARIOS;2;ORCAMENTO DE SEGURIDADE SOCIAL;3;DESPESAS CORRENTES;3;OUTRAS DESPESAS CORRENTES;92;DESPESAS DE EXERCICIOS ANTERIORES;339092;DESPESAS DE EXERCICIOS ANTERIORES;33909239;OUTROS SERVICOS DE TERCEIROS - PJ;3;ESTIMATIVO;08;NAO SE APLICA;-8;03/01/2018;JAN/2018;2018;070025000012018NE000021;ASSISTENCIA MEDICA;SERVICOS MEDICOS. RETENCAO 5,85 IMP FED (R$ 2,15) SOBRE NF 195284. PA 0312-92.2018;070025;TRIBUNAL REGIONAL ELEITORAL DO D. FEDERAL;;;;;;;;0,00;2,15;2,15;;;;;;;;;2,15;2,15
14107;TRIBUNAL REGIONAL ELEITORAL DO DIST. FEDERAL;070025;TRIBUNAL REGIONAL ELEITORAL DO D. FEDERAL;02301057020040053;2004;ASSISTENCIA MEDICA E ODONTOLOGICA AOS SERVIDORES CIVIS, EMPR;0001;ASSISTENCIA MEDICA E ODONTOLOGICA DE CIVIS - COMPLEMENTACAO DA UNIAO;084780;AMO CREMOD;ASSIST MED ODONT- CREDENCIAMENTO;0100;RECURSOS ORDINARIOS;2;ORCAMENTO DE SEGURIDADE SOCIAL;3;DESPESAS CORRENTES;3;OUTRAS DESPESAS CORRENTES;92;DESPESAS DE EXERCICIOS ANTERIORES;339092;DESPESAS DE EXERCICIOS ANTERIORES;33909239;OUTROS SERVICOS DE TERCEIROS - PJ;3;ESTIMATIVO;08;NAO SE APLICA;-8;03/01/2018;JAN/2018;2018;070025000012018NE000021;ASSISTENCIA MEDICA;SERVICOS MEDICOS. RETENCAO 5,85 IMP FED (R$ 7,10) SOBRE NF 21130. PA 1777-10.2016;070025;TRIBUNAL REGIONAL ELEITORAL DO D. FEDERAL;;;;;;;;0,00;7,10;7,10;;;;;;;;;7,10;7,10
14107;TRIBUNAL REGIONAL ELEITORAL DO DIST. FEDERAL;070025;TRIBUNAL REGIONAL ELEITORAL DO D. FEDERAL;02301057020040053;2004;ASSISTENCIA MEDICA E ODONTOLOGICA AOS SERVIDORES CIVIS, EMPR;0001;ASSISTENCIA MEDICA E ODONTOLOGICA DE CIVIS - COMPLEMENTACAO DA UNIAO;084780;AMO CREMOD;ASSIST MED ODONT- CREDENCIAMENTO;0100;RECURSOS ORDINARIOS;2;ORCAMENTO DE SEGURIDADE SOCIAL;3;DESPESAS CORRENTES;3;OUTRAS DESPESAS CORRENTES;92;DESPESAS DE EXERCICIOS ANTERIORES;339092;DESPESAS DE EXERCICIOS ANTERIORES;33909239;OUTROS SERVICOS DE TERCEIROS - PJ;3;ESTIMATIVO;08;NAO SE APLICA;-8;03/01/2018;JAN/2018;2018;070025000012018NE000021;ASSISTENCIA MEDICA;VALOR;070025;TRIBUNAL REGIONAL ELEITORAL DO D. FEDERAL;;;;;;;;0,00;0,00;(8.278,50);;;;;;;;;0,00;(8.278,50)
14107;TRIBUNAL REGIONAL ELEITORAL DO DIST. FEDERAL;070025;TRIBUNAL REGIONAL ELEITORAL DO D. FEDERAL;02301057020040053;2004;ASSISTENCIA MEDICA E ODONTOLOGICA AOS SERVIDORES CIVIS, EMPR;0001;ASSISTENCIA MEDICA E ODONTOLOGICA DE CIVIS - COMPLEMENTACAO DA UNIAO;084780;AMO MEDICA;ASSIST MED ODONT- REEMB ASSIST MEDICA;0100;RECURSOS ORDINARIOS;2;ORCAMENTO DE SEGURIDADE SOCIAL;3;DESPESAS CORRENTES;3;OUTRAS DESPESAS CORRENTES;93;INDENIZACOES E RESTITUICOES;339093;INDENIZACOES E RESTITUICOES;339093-9;NAO SE APLICA;-9;NAO SE APLICA;-9;NAO SE APLICA;-9;NAO SE APLICA;NAO SE APLICA;-9;-9;-9;2018NECT - RESSARCIMENTO ASSISTENCIA MEDICA E ODONTOLOGICA.                   EXERCICIO DE 2018.;-9;NAO SE APLICA;;;;;(100.000,00);;;;;;;;;;;;;;;
14107;TRIBUNAL REGIONAL ELEITORAL DO DIST. FEDERAL;070025;TRIBUNAL REGIONAL ELEITORAL DO D. FEDERAL;02301057020040053;2004;ASSISTENCIA MEDICA E ODONTOLOGICA AOS SERVIDORES CIVIS, EMPR;0001;ASSISTENCIA MEDICA E ODONTOLOGICA DE CIVIS - COMPLEMENTACAO DA UNIAO;084780;AMO MEDICA;ASSIST MED ODONT- REEMB ASSIST MEDICA;0100;RECURSOS ORDINARIOS;2;ORCAMENTO DE SEGURIDADE SOCIAL;3;DESPESAS CORRENTES;3;OUTRAS DESPESAS CORRENTES;93;INDENIZACOES E RESTITUICOES;339093;INDENIZACOES E RESTITUICOES;339093-9;NAO SE APLICA;-9;NAO SE APLICA;-9;NAO SE APLICA;-9;NAO SE APLICA;NAO SE APLICA;-9;-9;-9;ALTERACAO PARA EMISSAO DE NE. ASSISTENCIA MEDICA (CONVENIOS, EXERCICIOS ANTERIORES: REEMBOLSO LIVRE-ESCOLHA).;-9;NAO SE APLICA;100.000,00;100.000,00;;;100.000,00;;;;;;;;;;;;;;;
14107;TRIBUNAL REGIONAL ELEITORAL DO DIST. FEDERAL;070025;TRIBUNAL REGIONAL ELEITORAL DO D. FEDERAL;02301057020040053;2004;ASSISTENCIA MEDICA E ODONTOLOGICA AOS SERVIDORES CIVIS, EMPR;0001;ASSISTENCIA MEDICA E ODONTOLOGICA DE CIVIS - COMPLEMENTACAO DA UNIAO;084780;AMO MEDICA;ASSIST MED ODONT- REEMB ASSIST MEDICA;0100;RECURSOS ORDINARIOS;2;ORCAMENTO DE SEGURIDADE SOCIAL;3;DESPESAS CORRENTES;3;OUTRAS DESPESAS CORRENTES;93;INDENIZACOES E RESTITUICOES;339093;INDENIZACOES E RESTITUICOES;33909308;RESSARCIMENTO ASSISTENCIA MEDICA/ODONTOLOGICA;3;ESTIMATIVO;08;NAO SE APLICA;-8;03/01/2018;JAN/2018;2018;070025000012018NE000023;REEMBOLSO;2018NECT - RESSARCIMENTO ASSISTENCIA MEDICA E ODONTOLOGICA.                   EXERCICIO DE 2018.;070025;TRIBUNAL REGIONAL ELEITORAL DO D. FEDERAL;;;;;;;;100.000,00;;;;;;;;;;;;
14107;TRIBUNAL REGIONAL ELEITORAL DO DIST. FEDERAL;070025;TRIBUNAL REGIONAL ELEITORAL DO D. FEDERAL;02301057020040053;2004;ASSISTENCIA MEDICA E ODONTOLOGICA AOS SERVIDORES CIVIS, EMPR;0001;ASSISTENCIA MEDICA E ODONTOLOGICA DE CIVIS - COMPLEMENTACAO DA UNIAO;084780;AMO MEDICA;ASSIST MED ODONT- REEMB ASSIST MEDICA;0100;RECURSOS ORDINARIOS;2;ORCAMENTO DE SEGURIDADE SOCIAL;3;DESPESAS CORRENTES;3;OUTRAS DESPESAS CORRENTES;93;INDENIZACOES E RESTITUICOES;339093;INDENIZACOES E RESTITUICOES;33909308;RESSARCIMENTO ASSISTENCIA MEDICA/ODONTOLOGICA;3;ESTIMATIVO;08;NAO SE APLICA;-8;03/01/2018;JAN/2018;2018;070025000012018NE000023;REEMBOLSO;FOLHA DE PAGAMENTO DE PENSAO CIVIL  REFERENTE AO MES DE MARCO DE 2018 - PA SEI 0001307-08.2018.6.07.8100.  LIQUIDO DO ITAU.;070025;TRIBUNAL REGIONAL ELEITORAL DO D. FEDERAL;;;;;;;;0,00;0,00;713,92;;;;;;;;;0,00;713,92
14107;TRIBUNAL REGIONAL ELEITORAL DO DIST. FEDERAL;070025;TRIBUNAL REGIONAL ELEITORAL DO D. FEDERAL;02301057020040053;2004;ASSISTENCIA MEDICA E ODONTOLOGICA AOS SERVIDORES CIVIS, EMPR;0001;ASSISTENCIA MEDICA E ODONTOLOGICA DE CIVIS - COMPLEMENTACAO DA UNIAO;084780;AMO MEDICA;ASSIST MED ODONT- REEMB ASSIST MEDICA;0100;RECURSOS ORDINARIOS;2;ORCAMENTO DE SEGURIDADE SOCIAL;3;DESPESAS CORRENTES;3;OUTRAS DESPESAS CORRENTES;93;INDENIZACOES E RESTITUICOES;339093;INDENIZACOES E RESTITUICOES;33909308;RESSARCIMENTO ASSISTENCIA MEDICA/ODONTOLOGICA;3;ESTIMATIVO;08;NAO SE APLICA;-8;03/01/2018;JAN/2018;2018;070025000012018NE000023;REEMBOLSO;FOLHA DE PAGAMENTO DE PENSAO CIVIL REFERENTE AO MES DE  JANEIRO DE 2018. PA 0000050-45.2018.6.07.8100.REEMBOLSO LIVRE ESCOLHA;070025;TRIBUNAL REGIONAL ELEITORAL DO D. FEDERAL;;;;;;;;0,00;713,92;;;;;;;;;;713,92;
14107;TRIBUNAL REGIONAL ELEITORAL DO DIST. FEDERAL;070025;TRIBUNAL REGIONAL ELEITORAL DO D. FEDERAL;02301057020040053;2004;ASSISTENCIA MEDICA E ODONTOLOGICA AOS SERVIDORES CIVIS, EMPR;0001;ASSISTENCIA MEDICA E ODONTOLOGICA DE CIVIS - COMPLEMENTACAO DA UNIAO;084780;AMO MEDICA;ASSIST MED ODONT- REEMB ASSIST MEDICA;0100;RECURSOS ORDINARIOS;2;ORCAMENTO DE SEGURIDADE SOCIAL;3;DESPESAS CORRENTES;3;OUTRAS DESPESAS CORRENTES;93;INDENIZACOES E RESTITUICOES;339093;INDENIZACOES E RESTITUICOES;33909308;RESSARCIMENTO ASSISTENCIA MEDICA/ODONTOLOGICA;3;ESTIMATIVO;08;NAO SE APLICA;-8;03/01/2018;JAN/2018;2018;070025000012018NE000023;REEMBOLSO;FOLHA DE PAGAMENTO DE PENSAO CIVIL REFERENTE AO MES DE ABRIL DE 2018 - PA SEI 0001951-48.2018.6.07.8100.;070025;TRIBUNAL REGIONAL ELEITORAL DO D. FEDERAL;;;;;;;;0,00;726,26;;;;;;;;;;726,26;
14107;TRIBUNAL REGIONAL ELEITORAL DO DIST. FEDERAL;070025;TRIBUNAL REGIONAL ELEITORAL DO D. FEDERAL;02301057020040053;2004;ASSISTENCIA MEDICA E ODONTOLOGICA AOS SERVIDORES CIVIS, EMPR;0001;ASSISTENCIA MEDICA E ODONTOLOGICA DE CIVIS - COMPLEMENTACAO DA UNIAO;084780;AMO MEDICA;ASSIST MED ODONT- REEMB ASSIST MEDICA;0100;RECURSOS ORDINARIOS;2;ORCAMENTO DE SEGURIDADE SOCIAL;3;DESPESAS CORRENTES;3;OUTRAS DESPESAS CORRENTES;93;INDENIZACOES E RESTITUICOES;339093;INDENIZACOES E RESTITUICOES;33909308;RESSARCIMENTO ASSISTENCIA MEDICA/ODONTOLOGICA;3;ESTIMATIVO;08;NAO SE APLICA;-8;03/01/2018;JAN/2018;2018;070025000012018NE000023;REEMBOLSO;FOLHA DE PAGAMENTO DE PENSAO CIVIL REFERENTE AO MES DE ABRIL DE 2018 - PA SEI 0001951-48.2018.6.07.8100.  DADOS BANCARIOS BANCO DO BRASIL.;070025;TRIBUNAL REGIONAL ELEITORAL DO D. FEDERAL;;;;;;;;0,00;0,00;726,26;;;;;;;;;0,00;726,26
14107;TRIBUNAL REGIONAL ELEITORAL DO DIST. FEDERAL;070025;TRIBUNAL REGIONAL ELEITORAL DO D. FEDERAL;02301057020040053;2004;ASSISTENCIA MEDICA E ODONTOLOGICA AOS SERVIDORES CIVIS, EMPR;0001;ASSISTENCIA MEDICA E ODONTOLOGICA DE CIVIS - COMPLEMENTACAO DA UNIAO;084780;AMO MEDICA;ASSIST MED ODONT- REEMB ASSIST MEDICA;0100;RECURSOS ORDINARIOS;2;ORCAMENTO DE SEGURIDADE SOCIAL;3;DESPESAS CORRENTES;3;OUTRAS DESPESAS CORRENTES;93;INDENIZACOES E RESTITUICOES;339093;INDENIZACOES E RESTITUICOES;33909308;RESSARCIMENTO ASSISTENCIA MEDICA/ODONTOLOGICA;3;ESTIMATIVO;08;NAO SE APLICA;-8;03/01/2018;JAN/2018;2018;070025000012018NE000023;REEMBOLSO;FOLHA DE PAGAMENTO DE PENSAO CIVIL REFERENTE AO MES DE FEVEREIRO DE 2018 - PA SEI 0000707-84.2018.6.07.8100.;070025;TRIBUNAL REGIONAL ELEITORAL DO D. FEDERAL;;;;;;;;0,00;713,92;;;;;;;;;;713,92;
14107;TRIBUNAL REGIONAL ELEITORAL DO DIST. FEDERAL;070025;TRIBUNAL REGIONAL ELEITORAL DO D. FEDERAL;02301057020040053;2004;ASSISTENCIA MEDICA E ODONTOLOGICA AOS SERVIDORES CIVIS, EMPR;0001;ASSISTENCIA MEDICA E ODONTOLOGICA DE CIVIS - COMPLEMENTACAO DA UNIAO;084780;AMO MEDICA;ASSIST MED ODONT- REEMB ASSIST MEDICA;0100;RECURSOS ORDINARIOS;2;ORCAMENTO DE SEGURIDADE SOCIAL;3;DESPESAS CORRENTES;3;OUTRAS DESPESAS CORRENTES;93;INDENIZACOES E RESTITUICOES;339093;INDENIZACOES E RESTITUICOES;33909308;RESSARCIMENTO ASSISTENCIA MEDICA/ODONTOLOGICA;3;ESTIMATIVO;08;NAO SE APLICA;-8;03/01/2018;JAN/2018;2018;070025000012018NE000023;REEMBOLSO;FOLHA DE PAGAMENTO DE PENSAO CIVIL REFERENTE AO MES DE FEVEREIRO DE 2018 - PA SEI 0000707-84.2018.6.07.8100.  DADOS BANCARIOS CEF.;070025;TRIBUNAL REGIONAL ELEITORAL DO D. FEDERAL;;;;;;;;0,00;0,00;713,92;;;;;;;;;0,00;713,92
14107;TRIBUNAL REGIONAL ELEITORAL DO DIST. FEDERAL;070025;TRIBUNAL REGIONAL ELEITORAL DO D. FEDERAL;02301057020040053;2004;ASSISTENCIA MEDICA E ODONTOLOGICA AOS SERVIDORES CIVIS, EMPR;0001;ASSISTENCIA MEDICA E ODONTOLOGICA DE CIVIS - COMPLEMENTACAO DA UNIAO;084780;AMO MEDICA;ASSIST MED ODONT- REEMB ASSIST MEDICA;0100;RECURSOS ORDINARIOS;2;ORCAMENTO DE SEGURIDADE SOCIAL;3;DESPESAS CORRENTES;3;OUTRAS DESPESAS CORRENTES;93;INDENIZACOES E RESTITUICOES;339093;INDENIZACOES E RESTITUICOES;33909308;RESSARCIMENTO ASSISTENCIA MEDICA/ODONTOLOGICA;3;ESTIMATIVO;08;NAO SE APLICA;-8;03/01/2018;JAN/2018;2018;070025000012018NE000023;REEMBOLSO;FOLHA DE PAGAMENTO DE PENSAO CIVIL REFERENTE AO MES DE MARCO DE 2018 - PA SEI 0001307-08.2018.6.07.8100.;070025;TRIBUNAL REGIONAL ELEITORAL DO D. FEDERAL;;;;;;;;0,00;713,92;;;;;;;;;;713,92;
14107;TRIBUNAL REGIONAL ELEITORAL DO DIST. FEDERAL;070025;TRIBUNAL REGIONAL ELEITORAL DO D. FEDERAL;02301057020040053;2004;ASSISTENCIA MEDICA E ODONTOLOGICA AOS SERVIDORES CIVIS, EMPR;0001;ASSISTENCIA MEDICA E ODONTOLOGICA DE CIVIS - COMPLEMENTACAO DA UNIAO;084780;AMO MEDICA;ASSIST MED ODONT- REEMB ASSIST MEDICA;0100;RECURSOS ORDINARIOS;2;ORCAMENTO DE SEGURIDADE SOCIAL;3;DESPESAS CORRENTES;3;OUTRAS DESPESAS CORRENTES;93;INDENIZACOES E RESTITUICOES;339093;INDENIZACOES E RESTITUICOES;33909308;RESSARCIMENTO ASSISTENCIA MEDICA/ODONTOLOGICA;3;ESTIMATIVO;08;NAO SE APLICA;-8;03/01/2018;JAN/2018;2018;070025000012018NE000023;REEMBOLSO;FOLHA DE PAGAMENTO DE PENSIONISTAS CIVIS REFERENTE AO MES DE JANEIRO DE 2018 - PA SEI 0000050-45.2018.6.07.8100. DADOS BANCARIOS BANCO BB;070025;TRIBUNAL REGIONAL ELEITORAL DO D. FEDERAL;;;;;;;;0,00;0,00;713,92;;;;;;;;;0,00;713,92
14107;TRIBUNAL REGIONAL ELEITORAL DO DIST. FEDERAL;070025;TRIBUNAL REGIONAL ELEITORAL DO D. FEDERAL;02301057020040053;2004;ASSISTENCIA MEDICA E ODONTOLOGICA AOS SERVIDORES CIVIS, EMPR;0001;ASSISTENCIA MEDICA E ODONTOLOGICA DE CIVIS - COMPLEMENTACAO DA UNIAO;084780;AMO MEDICA;ASSIST MED ODONT- REEMB ASSIST MEDICA;0100;RECURSOS ORDINARIOS;2;ORCAMENTO DE SEGURIDADE SOCIAL;3;DESPESAS CORRENTES;3;OUTRAS DESPESAS CORRENTES;93;INDENIZACOES E RESTITUICOES;339093;INDENIZACOES E RESTITUICOES;33909308;RESSARCIMENTO ASSISTENCIA MEDICA/ODONTOLOGICA;3;ESTIMATIVO;08;NAO SE APLICA;-8;03/01/2018;JAN/2018;2018;070025000012018NE000023;REEMBOLSO;FOLHA DE PAGAMENTO DE SERVIDORES ATIVOS REFERENTE AO MES DE ABRIL DE 2018 - PA SEI 0001951-48.2018.6.07.8100;070025;TRIBUNAL REGIONAL ELEITORAL DO D. FEDERAL;;;;;;;;0,00;10.572,67;;;;;;;;;;10.572,67;
14107;TRIBUNAL REGIONAL ELEITORAL DO DIST. FEDERAL;070025;TRIBUNAL REGIONAL ELEITORAL DO D. FEDERAL;02301057020040053;2004;ASSISTENCIA MEDICA E ODONTOLOGICA AOS SERVIDORES CIVIS, EMPR;0001;ASSISTENCIA MEDICA E ODONTOLOGICA DE CIVIS - COMPLEMENTACAO DA UNIAO;084780;AMO MEDICA;ASSIST MED ODONT- REEMB ASSIST MEDICA;0100;RECURSOS ORDINARIOS;2;ORCAMENTO DE SEGURIDADE SOCIAL;3;DESPESAS CORRENTES;3;OUTRAS DESPESAS CORRENTES;93;INDENIZACOES E RESTITUICOES;339093;INDENIZACOES E RESTITUICOES;33909308;RESSARCIMENTO ASSISTENCIA MEDICA/ODONTOLOGICA;3;ESTIMATIVO;08;NAO SE APLICA;-8;03/01/2018;JAN/2018;2018;070025000012018NE000023;REEMBOLSO;FOLHA DE PAGAMENTO DE SERVIDORES ATIVOS REFERENTE AO MES DE ABRIL DE 2018 - PA SEI 0001951-48.2018.6.07.8100. DADOS BANCARIOS BANCO DO BRASIL.;070025;TRIBUNAL REGIONAL ELEITORAL DO D. FEDERAL;;;;;;;;0,00;0,00;10.572,67;;;;;;;;;0,00;10.572,67
14107;TRIBUNAL REGIONAL ELEITORAL DO DIST. FEDERAL;070025;TRIBUNAL REGIONAL ELEITORAL DO D. FEDERAL;02301057020040053;2004;ASSISTENCIA MEDICA E ODONTOLOGICA AOS SERVIDORES CIVIS, EMPR;0001;ASSISTENCIA MEDICA E ODONTOLOGICA DE CIVIS - COMPLEMENTACAO DA UNIAO;084780;AMO MEDICA;ASSIST MED ODONT- REEMB ASSIST MEDICA;0100;RECURSOS ORDINARIOS;2;ORCAMENTO DE SEGURIDADE SOCIAL;3;DESPESAS CORRENTES;3;OUTRAS DESPESAS CORRENTES;93;INDENIZACOES E RESTITUICOES;339093;INDENIZACOES E RESTITUICOES;33909308;RESSARCIMENTO ASSISTENCIA MEDICA/ODONTOLOGICA;3;ESTIMATIVO;08;NAO SE APLICA;-8;03/01/2018;JAN/2018;2018;070025000012018NE000023;REEMBOLSO;FOLHA DE PAGAMENTO DE SERVIDORES ATIVOS REFERENTE AO MES DE FEVEREIRO DE 2018 - PA SEI 0000707-84.2018.6.07.8100;070025;TRIBUNAL REGIONAL ELEITORAL DO D. FEDERAL;;;;;;;;0,00;2.650,46;;;;;;;;;;2.650,46;
14107;TRIBUNAL REGIONAL ELEITORAL DO DIST. FEDERAL;070025;TRIBUNAL REGIONAL ELEITORAL DO D. FEDERAL;02301057020040053;2004;ASSISTENCIA MEDICA E ODONTOLOGICA AOS SERVIDORES CIVIS, EMPR;0001;ASSISTENCIA MEDICA E ODONTOLOGICA DE CIVIS - COMPLEMENTACAO DA UNIAO;084780;AMO MEDICA;ASSIST MED ODONT- REEMB ASSIST MEDICA;0100;RECURSOS ORDINARIOS;2;ORCAMENTO DE SEGURIDADE SOCIAL;3;DESPESAS CORRENTES;3;OUTRAS DESPESAS CORRENTES;93;INDENIZACOES E RESTITUICOES;339093;INDENIZACOES E RESTITUICOES;33909308;RESSARCIMENTO ASSISTENCIA MEDICA/ODONTOLOGICA;3;ESTIMATIVO;08;NAO SE APLICA;-8;03/01/2018;JAN/2018;2018;070025000012018NE000023;REEMBOLSO;FOLHA DE PAGAMENTO DE SERVIDORES ATIVOS REFERENTE AO MES DE FEVEREIRO DE 2018 - PA SEI 0000707-84.2018.6.07.8100. DADOS BANCARIOS BANCO DO BRASIL.;070025;TRIBUNAL REGIONAL ELEITORAL DO D. FEDERAL;;;;;;;;0,00;0,00;2.650,46;;;;;;;;;0,00;2.650,46
14107;TRIBUNAL REGIONAL ELEITORAL DO DIST. FEDERAL;070025;TRIBUNAL REGIONAL ELEITORAL DO D. FEDERAL;02301057020040053;2004;ASSISTENCIA MEDICA E ODONTOLOGICA AOS SERVIDORES CIVIS, EMPR;0001;ASSISTENCIA MEDICA E ODONTOLOGICA DE CIVIS - COMPLEMENTACAO DA UNIAO;084780;AMO MEDICA;ASSIST MED ODONT- REEMB ASSIST MEDICA;0100;RECURSOS ORDINARIOS;2;ORCAMENTO DE SEGURIDADE SOCIAL;3;DESPESAS CORRENTES;3;OUTRAS DESPESAS CORRENTES;93;INDENIZACOES E RESTITUICOES;339093;INDENIZACOES E RESTITUICOES;33909308;RESSARCIMENTO ASSISTENCIA MEDICA/ODONTOLOGICA;3;ESTIMATIVO;08;NAO SE APLICA;-8;03/01/2018;JAN/2018;2018;070025000012018NE000023;REEMBOLSO;FOLHA DE PAGAMENTO DE SERVIDORES ATIVOS REFERENTE AO MES DE JANEIRO DE 2018 - PA SEI 0000050-45.2018.6.07.8100;070025;TRIBUNAL REGIONAL ELEITORAL DO D. FEDERAL;;;;;;;;0,00;9.831,35;;;;;;;;;;9.831,35;
14107;TRIBUNAL REGIONAL ELEITORAL DO DIST. FEDERAL;070025;TRIBUNAL REGIONAL ELEITORAL DO D. FEDERAL;02301057020040053;2004;ASSISTENCIA MEDICA E ODONTOLOGICA AOS SERVIDORES CIVIS, EMPR;0001;ASSISTENCIA MEDICA E ODONTOLOGICA DE CIVIS - COMPLEMENTACAO DA UNIAO;084780;AMO MEDICA;ASSIST MED ODONT- REEMB ASSIST MEDICA;0100;RECURSOS ORDINARIOS;2;ORCAMENTO DE SEGURIDADE SOCIAL;3;DESPESAS CORRENTES;3;OUTRAS DESPESAS CORRENTES;93;INDENIZACOES E RESTITUICOES;339093;INDENIZACOES E RESTITUICOES;33909308;RESSARCIMENTO ASSISTENCIA MEDICA/ODONTOLOGICA;3;ESTIMATIVO;08;NAO SE APLICA;-8;03/01/2018;JAN/2018;2018;070025000012018NE000023;REEMBOLSO;FOLHA DE PAGAMENTO DE SERVIDORES ATIVOS REFERENTE AO MES DE JANEIRO DE 2018 - PA SEI 0000050-45.2018.6.07.8100. DADOS BANCARIOS BANCO CEF;070025;TRIBUNAL REGIONAL ELEITORAL DO D. FEDERAL;;;;;;;;0,00;0,00;9.831,35;;;;;;;;;0,00;9.831,35
14107;TRIBUNAL REGIONAL ELEITORAL DO DIST. FEDERAL;070025;TRIBUNAL REGIONAL ELEITORAL DO D. FEDERAL;02301057020040053;2004;ASSISTENCIA MEDICA E ODONTOLOGICA AOS SERVIDORES CIVIS, EMPR;0001;ASSISTENCIA MEDICA E ODONTOLOGICA DE CIVIS - COMPLEMENTACAO DA UNIAO;084780;AMO MEDICA;ASSIST MED ODONT- REEMB ASSIST MEDICA;0100;RECURSOS ORDINARIOS;2;ORCAMENTO DE SEGURIDADE SOCIAL;3;DESPESAS CORRENTES;3;OUTRAS DESPESAS CORRENTES;93;INDENIZACOES E RESTITUICOES;339093;INDENIZACOES E RESTITUICOES;33909308;RESSARCIMENTO ASSISTENCIA MEDICA/ODONTOLOGICA;3;ESTIMATIVO;08;NAO SE APLICA;-8;03/01/2018;JAN/2018;2018;070025000012018NE000023;REEMBOLSO;FOLHA DE PAGAMENTO DE SERVIDORES ATIVOS REFERENTE AO MES DE MAIO DE 2018 - PA SEI 0002530-93.2018.6.07.8100.;070025;TRIBUNAL REGIONAL ELEITORAL DO D. FEDERAL;;;;;;;;0,00;5.641,40;;;;;;;;;;5.641,40;
14107;TRIBUNAL REGIONAL ELEITORAL DO DIST. FEDERAL;070025;TRIBUNAL REGIONAL ELEITORAL DO D. FEDERAL;02301057020040053;2004;ASSISTENCIA MEDICA E ODONTOLOGICA AOS SERVIDORES CIVIS, EMPR;0001;ASSISTENCIA MEDICA E ODONTOLOGICA DE CIVIS - COMPLEMENTACAO DA UNIAO;084780;AMO MEDICA;ASSIST MED ODONT- REEMB ASSIST MEDICA;0100;RECURSOS ORDINARIOS;2;ORCAMENTO DE SEGURIDADE SOCIAL;3;DESPESAS CORRENTES;3;OUTRAS DESPESAS CORRENTES;93;INDENIZACOES E RESTITUICOES;339093;INDENIZACOES E RESTITUICOES;33909308;RESSARCIMENTO ASSISTENCIA MEDICA/ODONTOLOGICA;3;ESTIMATIVO;08;NAO SE APLICA;-8;03/01/2018;JAN/2018;2018;070025000012018NE000023;REEMBOLSO;FOLHA DE PAGAMENTO DE SERVIDORES ATIVOS REFERENTE AO MES DE MARCO DE 2018 - PA SEI 0001307-08.2018.6.07.8100;070025;TRIBUNAL REGIONAL ELEITORAL DO D. FEDERAL;;;;;;;;0,00;3.931,68;;;;;;;;;;3.931,68;
14107;TRIBUNAL REGIONAL ELEITORAL DO DIST. FEDERAL;070025;TRIBUNAL REGIONAL ELEITORAL DO D. FEDERAL;02301057020040053;2004;ASSISTENCIA MEDICA E ODONTOLOGICA AOS SERVIDORES CIVIS, EMPR;0001;ASSISTENCIA MEDICA E ODONTOLOGICA DE CIVIS - COMPLEMENTACAO DA UNIAO;084780;AMO MEDICA;ASSIST MED ODONT- REEMB ASSIST MEDICA;0100;RECURSOS ORDINARIOS;2;ORCAMENTO DE SEGURIDADE SOCIAL;3;DESPESAS CORRENTES;3;OUTRAS DESPESAS CORRENTES;93;INDENIZACOES E RESTITUICOES;339093;INDENIZACOES E RESTITUICOES;33909308;RESSARCIMENTO ASSISTENCIA MEDICA/ODONTOLOGICA;3;ESTIMATIVO;08;NAO SE APLICA;-8;03/01/2018;JAN/2018;2018;070025000012018NE000023;REEMBOLSO;FOLHA DE PAGAMENTO DE SERVIDORES ATIVOS REFERENTE AO MES DE MARCO DE 2018 - PA SEI 0001307-08.2018.6.07.8100.  VALOR DA CEF.;070025;TRIBUNAL REGIONAL ELEITORAL DO D. FEDERAL;;;;;;;;0,00;0,00;3.931,68;;;;;;;;;0,00;3.931,68
14107;TRIBUNAL REGIONAL ELEITORAL DO DIST. FEDERAL;070025;TRIBUNAL REGIONAL ELEITORAL DO D. FEDERAL;02301057020040053;2004;ASSISTENCIA MEDICA E ODONTOLOGICA AOS SERVIDORES CIVIS, EMPR;0001;ASSISTENCIA MEDICA E ODONTOLOGICA DE CIVIS - COMPLEMENTACAO DA UNIAO;084780;AMO MEDICA;ASSIST MED ODONT- REEMB ASSIST MEDICA;0100;RECURSOS ORDINARIOS;2;ORCAMENTO DE SEGURIDADE SOCIAL;3;DESPESAS CORRENTES;3;OUTRAS DESPESAS CORRENTES;93;INDENIZACOES E RESTITUICOES;339093;INDENIZACOES E RESTITUICOES;33909308;RESSARCIMENTO ASSISTENCIA MEDICA/ODONTOLOGICA;3;ESTIMATIVO;08;NAO SE APLICA;-8;03/01/2018;JAN/2018;2018;070025000012018NE000023;REEMBOLSO;FOLHA DE PAGAMENTO DE SERVIDORES INATIVOS REFERENTE AO MES DE FEVEREIRO DE 2018 - PA SEI 0000707-84.2018.6.07.8100.;070025;TRIBUNAL REGIONAL ELEITORAL DO D. FEDERAL;;;;;;;;0,00;182,78;;;;;;;;;;182,78;
14107;TRIBUNAL REGIONAL ELEITORAL DO DIST. FEDERAL;070025;TRIBUNAL REGIONAL ELEITORAL DO D. FEDERAL;02301057020040053;2004;ASSISTENCIA MEDICA E ODONTOLOGICA AOS SERVIDORES CIVIS, EMPR;0001;ASSISTENCIA MEDICA E ODONTOLOGICA DE CIVIS - COMPLEMENTACAO DA UNIAO;084780;AMO MEDICA;ASSIST MED ODONT- REEMB ASSIST MEDICA;0100;RECURSOS ORDINARIOS;2;ORCAMENTO DE SEGURIDADE SOCIAL;3;DESPESAS CORRENTES;3;OUTRAS DESPESAS CORRENTES;93;INDENIZACOES E RESTITUICOES;339093;INDENIZACOES E RESTITUICOES;33909308;RESSARCIMENTO ASSISTENCIA MEDICA/ODONTOLOGICA;3;ESTIMATIVO;08;NAO SE APLICA;-8;03/01/2018;JAN/2018;2018;070025000012018NE000023;REEMBOLSO;FOLHA DE PAGAMENTO DE SERVIDORES INATIVOS REFERENTE AO MES DE FEVEREIRO DE 2018 - PA SEI 0000707-84.2018.6.07.8100. DADOS BANCARIOS CEF.;070025;TRIBUNAL REGIONAL ELEITORAL DO D. FEDERAL;;;;;;;;0,00;0,00;182,78;;;;;;;;;0,00;182,78
14107;TRIBUNAL REGIONAL ELEITORAL DO DIST. FEDERAL;070025;TRIBUNAL REGIONAL ELEITORAL DO D. FEDERAL;02301057020040053;2004;ASSISTENCIA MEDICA E ODONTOLOGICA AOS SERVIDORES CIVIS, EMPR;0001;ASSISTENCIA MEDICA E ODONTOLOGICA DE CIVIS - COMPLEMENTACAO DA UNIAO;084780;AMO MEDICA;ASSIST MED ODONT- REEMB ASSIST MEDICA;0100;RECURSOS ORDINARIOS;2;ORCAMENTO DE SEGURIDADE SOCIAL;3;DESPESAS CORRENTES;3;OUTRAS DESPESAS CORRENTES;93;INDENIZACOES E RESTITUICOES;339093;INDENIZACOES E RESTITUICOES;33909308;RESSARCIMENTO ASSISTENCIA MEDICA/ODONTOLOGICA;3;ESTIMATIVO;08;NAO SE APLICA;-8;03/01/2018;JAN/2018;2018;070025000012018NE000023;REEMBOLSO;FOLHA DE PAGAMENTO DO MES DE  JANEIRO/2018 DOS SERVIDORES ATIVOS. PA 0000050-45.2018.6.07.8100. CANCELAMENTOS PARA ACERTO DE ERRO DE APROPRIACAO;070025;TRIBUNAL REGIONAL ELEITORAL DO D. FEDERAL;;;;;;;;0,00;(9.831,35);;;;;;;;;;(9.831,35);
14107;TRIBUNAL REGIONAL ELEITORAL DO DIST. FEDERAL;070025;TRIBUNAL REGIONAL ELEITORAL DO D. FEDERAL;02301057020040053;2004;ASSISTENCIA MEDICA E ODONTOLOGICA AOS SERVIDORES CIVIS, EMPR;0001;ASSISTENCIA MEDICA E ODONTOLOGICA DE CIVIS - COMPLEMENTACAO DA UNIAO;084780;AMO MEDICA;ASSIST MED ODONT- REEMB ASSIST MEDICA;0100;RECURSOS ORDINARIOS;2;ORCAMENTO DE SEGURIDADE SOCIAL;3;DESPESAS CORRENTES;3;OUTRAS DESPESAS CORRENTES;93;INDENIZACOES E RESTITUICOES;339093;INDENIZACOES E RESTITUICOES;33909308;RESSARCIMENTO ASSISTENCIA MEDICA/ODONTOLOGICA;3;ESTIMATIVO;08;NAO SE APLICA;-8;03/01/2018;JAN/2018;2018;070025000012018NE000023;REEMBOLSO;FOLHA DE PAGAMENTO DO MES DE  JANEIRO/2018 DOS SERVIDORES ATIVOS. PA 0000050-45.2018.6.07.8100.CUSTEIO, BENEFICIOS, LIVRE ESCOLHA, AUXILIOS;070025;TRIBUNAL REGIONAL ELEITORAL DO D. FEDERAL;;;;;;;;0,00;9.831,35;;;;;;;;;;9.831,35;
14107;TRIBUNAL REGIONAL ELEITORAL DO DIST. FEDERAL;070025;TRIBUNAL REGIONAL ELEITORAL DO D. FEDERAL;02331057000M10053;00M1;BENEFICIOS ASSISTENCIAIS DECORRENTES DO AUXILIO-FUNERAL E NA;0001;AUXILIO-FUNERAL E NATALIDADE DE CIVIS;084776;AFN ATIVOS;AUXILIO FUNERAL ATIVOS;0100;RECURSOS ORDINARIOS;1;ORCAMENTO FISCAL;3;DESPESAS CORRENTES;3;OUTRAS DESPESAS CORRENTES;08;OUTROS BENEF.ASSIST. DO SERVIDOR E DO MILITAR;339008;OUTROS BENEF.ASSIST. DO SERVIDOR E DO MILITAR;33900801;AUXILIO-FUNERAL ATIVO CIVIL;5;GLOBAL;08;NAO SE APLICA;-8;02/01/2017;JAN/2017;2017;070025000012017NE000012;AUX. FUNERAL ATIVO;NAO SE APLICA;070025;TRIBUNAL REGIONAL ELEITORAL DO D. FEDERAL;;;;;;;;;;;;;20.000,00;;;;;20.000,00;;
14107;TRIBUNAL REGIONAL ELEITORAL DO DIST. FEDERAL;070025;TRIBUNAL REGIONAL ELEITORAL DO D. FEDERAL;02331057000M10053;00M1;BENEFICIOS ASSISTENCIAIS DECORRENTES DO AUXILIO-FUNERAL E NA;0001;AUXILIO-FUNERAL E NATALIDADE DE CIVIS;084776;AFN INATIV;AUXILIO FUNERAL INATIVOS;0100;RECURSOS ORDINARIOS;1;ORCAMENTO FISCAL;3;DESPESAS CORRENTES;3;OUTRAS DESPESAS CORRENTES;08;OUTROS BENEF.ASSIST. DO SERVIDOR E DO MILITAR;339008;OUTROS BENEF.ASSIST. DO SERVIDOR E DO MILITAR;33900803;AUXILIO-FUNERAL INATIVO CIVIL;5;GLOBAL;08;NAO SE APLICA;-8;02/01/2017;JAN/2017;2017;070025000012017NE000011;AUX. FUNERAL INATIVO;NAO SE APLICA;070025;TRIBUNAL REGIONAL ELEITORAL DO D. FEDERAL;;;;;;;;;;;;;5.704,78;;;;;5.704,78;;
14107;TRIBUNAL REGIONAL ELEITORAL DO DIST. FEDERAL;070025;TRIBUNAL REGIONAL ELEITORAL DO D. FEDERAL;02331057000M10053;00M1;BENEFICIOS ASSISTENCIAIS DECORRENTES DO AUXILIO-FUNERAL E NA;0001;AUXILIO-FUNERAL E NATALIDADE DE CIVIS;084776;ANA ATIVOS;AUXILIO NATALIDADE ATIVOS;0100;RECURSOS ORDINARIOS;1;ORCAMENTO FISCAL;3;DESPESAS CORRENTES;3;OUTRAS DESPESAS CORRENTES;08;OUTROS BENEF.ASSIST. DO SERVIDOR E DO MILITAR;339008;OUTROS BENEF.ASSIST. DO SERVIDOR E DO MILITAR;33900805;AUXILIO NATALIDADE ATIVO CIVIL;5;GLOBAL;08;NAO SE APLICA;-8;02/01/2017;JAN/2017;2017;070025000012017NE000010;AUX. NATALIDADE ATIV;NAO SE APLICA;070025;TRIBUNAL REGIONAL ELEITORAL DO D. FEDERAL;;;;;;;;;;;;;10.810,25;;;;;10.810,25;;
14107;TRIBUNAL REGIONAL ELEITORAL DO DIST. FEDERAL;070025;TRIBUNAL REGIONAL ELEITORAL DO D. FEDERAL;02331057020100053;2010;ASSISTENCIA PRE-ESCOLAR AOS DEPENDENTES DOS SERVIDORES CIVIS;0001;ASSISTENCIA PRE-ESCOLAR AOS DEPENDENTES DOS SERVIDORES CIVIS E DE EMPREGADOS;084777;APE NORMAL;ASSIST PRE-ESCOLAR NORMAL;0100;RECURSOS ORDINARIOS;1;ORCAMENTO FISCAL;3;DESPESAS CORRENTES;3;OUTRAS DESPESAS CORRENTES;08;OUTROS BENEF.ASSIST. DO SERVIDOR E DO MILITAR;339008;OUTROS BENEF.ASSIST. DO SERVIDOR E DO MILITAR;33900809;AUXILIO-CRECHE CIVIL;5;GLOBAL;08;NAO SE APLICA;-8;02/01/2017;JAN/2017;2017;070025000012017NE000008;AUXILIO -CRECHE;NAO SE APLICA;070025;TRIBUNAL REGIONAL ELEITORAL DO D. FEDERAL;;;;;;;;;;;;;25.973,10;;;;;25.973,10;;
14107;TRIBUNAL REGIONAL ELEITORAL DO DIST. FEDERAL;070025;TRIBUNAL REGIONAL ELEITORAL DO D. FEDERAL;02331057020110053;2011;AUXILIO-TRANSPORTE AOS SERVIDORES CIVIS, EMPREGADOS E MILITA;0001;AUXILIO-TRANSPORTE - CIVIS;084778;ATR URBANO;AUXILIO TRANSPORTE URBANO;0100;RECURSOS ORDINARIOS;1;ORCAMENTO FISCAL;3;DESPESAS CORRENTES;3;OUTRAS DESPESAS CORRENTES;49;AUXILIO-TRANSPORTE;339049;AUXILIO-TRANSPORTE;33904901;AUXILIO-TRANSPORTE CIVIS;5;GLOBAL;08;NAO SE APLICA;-8;04/01/2017;JAN/2017;2017;070025000012017NE000029;AUXILIO-TRANSPORTE;NAO SE APLICA;070025;TRIBUNAL REGIONAL ELEITORAL DO D. FEDERAL;;;;;;;;;;;;;7.162,46;;;;;7.162,46;;
14107;TRIBUNAL REGIONAL ELEITORAL DO DIST. FEDERAL;070025;TRIBUNAL REGIONAL ELEITORAL DO D. FEDERAL;02331057020120053;2012;AUXILIO-ALIMENTACAO AOS SERVIDORES CIVIS, EMPREGADOS E MILIT;0001;AUXILIO-ALIMENTACAO DE CIVIS;084779;AAL MANUTE;AUXILIO ALIMENTACAO;0100;RECURSOS ORDINARIOS;1;ORCAMENTO FISCAL;3;DESPESAS CORRENTES;3;OUTRAS DESPESAS CORRENTES;46;AUXILIO-ALIMENTACAO;339046;AUXILIO-ALIMENTACAO;33904601;AUXILIO-ALIMENTACAO CIVIS;5;GLOBAL;08;NAO SE APLICA;-8;02/01/2017;JAN/2017;2017;070025000012017NE000005;AUXILIO-ALIMENTACAO;NAO SE APLICA;070025;TRIBUNAL REGIONAL ELEITORAL DO D. FEDERAL;;;;;;;;;;;;;50.228,00;;;;;50.228,00;;
14107;TRIBUNAL REGIONAL ELEITORAL DO DIST. FEDERAL;070025;TRIBUNAL REGIONAL ELEITORAL DO D. FEDERAL;023310570212B0053;212B;BENEFICIOS OBRIGATORIOS AOS SERVIDORES CIVIS, EMPREGADOS, MI;0001;ASSISTENCIA PRE-ESCOLAR AOS DEPENDENTES DE SERVIDORES CIVIS E DE EMPREGADOS;137546;-8;SEM INFORMACAO;0100;RECURSOS ORDINARIOS;1;ORCAMENTO FISCAL;3;DESPESAS CORRENTES;3;OUTRAS DESPESAS CORRENTES;00;[A DETALHAR];339000;APLICACOES DIRETAS;339000-9;NAO SE APLICA;-9;NAO SE APLICA;-9;NAO SE APLICA;-9;NAO SE APLICA;NAO SE APLICA;-9;-9;-9;ALTERACAO PARA EMISSAO DE NE. AUXILIO PRE-ESCOLAR.;-9;NAO SE APLICA;(503.280,00);(503.280,00);;;(503.280,00);;;;;;;;;;;;;;;
14107;TRIBUNAL REGIONAL ELEITORAL DO DIST. FEDERAL;070025;TRIBUNAL REGIONAL ELEITORAL DO D. FEDERAL;023310570212B0053;212B;BENEFICIOS OBRIGATORIOS AOS SERVIDORES CIVIS, EMPREGADOS, MI;0001;ASSISTENCIA PRE-ESCOLAR AOS DEPENDENTES DE SERVIDORES CIVIS E DE EMPREGADOS;137546;-8;SEM INFORMACAO;0100;RECURSOS ORDINARIOS;1;ORCAMENTO FISCAL;3;DESPESAS CORRENTES;3;OUTRAS DESPESAS CORRENTES;00;[A DETALHAR];339000;APLICACOES DIRETAS;339000-9;NAO SE APLICA;-9;NAO SE APLICA;-9;NAO SE APLICA;-9;NAO SE APLICA;NAO SE APLICA;-9;-9;-9;DOCUMENTO LANCADO PELA FITA SOF ESB0009;-9;NAO SE APLICA;503.280,00;503.280,00;;;503.280,00;;;;;;;;;;;;;;;
14107;TRIBUNAL REGIONAL ELEITORAL DO DIST. FEDERAL;070025;TRIBUNAL REGIONAL ELEITORAL DO D. FEDERAL;023310570212B0053;212B;BENEFICIOS OBRIGATORIOS AOS SERVIDORES CIVIS, EMPREGADOS, MI;0001;ASSISTENCIA PRE-ESCOLAR AOS DEPENDENTES DE SERVIDORES CIVIS E DE EMPREGADOS;137546;APE NORMAL;ASSIST PRE-ESCOLAR NORMAL;0100;RECURSOS ORDINARIOS;1;ORCAMENTO FISCAL;3;DESPESAS CORRENTES;3;OUTRAS DESPESAS CORRENTES;08;OUTROS BENEF.ASSIST. DO SERVIDOR E DO MILITAR;339008;OUTROS BENEF.ASSIST. DO SERVIDOR E DO MILITAR;339008-9;NAO SE APLICA;-9;NAO SE APLICA;-9;NAO SE APLICA;-9;NAO SE APLICA;NAO SE APLICA;-9;-9;-9;2018NECT - AUXILIO-CRECHE.;-9;NAO SE APLICA;;;;;(503.280,00);;;;;;;;;;;;;;;
14107;TRIBUNAL REGIONAL ELEITORAL DO DIST. FEDERAL;070025;TRIBUNAL REGIONAL ELEITORAL DO D. FEDERAL;023310570212B0053;212B;BENEFICIOS OBRIGATORIOS AOS SERVIDORES CIVIS, EMPREGADOS, MI;0001;ASSISTENCIA PRE-ESCOLAR AOS DEPENDENTES DE SERVIDORES CIVIS E DE EMPREGADOS;137546;APE NORMAL;ASSIST PRE-ESCOLAR NORMAL;0100;RECURSOS ORDINARIOS;1;ORCAMENTO FISCAL;3;DESPESAS CORRENTES;3;OUTRAS DESPESAS CORRENTES;08;OUTROS BENEF.ASSIST. DO SERVIDOR E DO MILITAR;339008;OUTROS BENEF.ASSIST. DO SERVIDOR E DO MILITAR;339008-9;NAO SE APLICA;-9;NAO SE APLICA;-9;NAO SE APLICA;-9;NAO SE APLICA;NAO SE APLICA;-9;-9;-9;ALTERACAO PARA EMISSAO DE NE. AUXILIO PRE-ESCOLAR.;-9;NAO SE APLICA;503.280,00;503.280,00;;;503.280,00;;;;;;;;;;;;;;;
14107;TRIBUNAL REGIONAL ELEITORAL DO DIST. FEDERAL;070025;TRIBUNAL REGIONAL ELEITORAL DO D. FEDERAL;023310570212B0053;212B;BENEFICIOS OBRIGATORIOS AOS SERVIDORES CIVIS, EMPREGADOS, MI;0001;ASSISTENCIA PRE-ESCOLAR AOS DEPENDENTES DE SERVIDORES CIVIS E DE EMPREGADOS;137546;APE NORMAL;ASSIST PRE-ESCOLAR NORMAL;0100;RECURSOS ORDINARIOS;1;ORCAMENTO FISCAL;3;DESPESAS CORRENTES;3;OUTRAS DESPESAS CORRENTES;08;OUTROS BENEF.ASSIST. DO SERVIDOR E DO MILITAR;339008;OUTROS BENEF.ASSIST. DO SERVIDOR E DO MILITAR;33900809;AUXILIO-CRECHE CIVIL;5;GLOBAL;08;NAO SE APLICA;-8;03/01/2018;JAN/2018;2018;070025000012018NE000015;AUXILIO-CRECHE;2018NECT - AUXILIO-CRECHE.;070025;TRIBUNAL REGIONAL ELEITORAL DO D. FEDERAL;;;;;;;;503.280,00;;;;;;;;;;;;
14107;TRIBUNAL REGIONAL ELEITORAL DO DIST. FEDERAL;070025;TRIBUNAL REGIONAL ELEITORAL DO D. FEDERAL;023310570212B0053;212B;BENEFICIOS OBRIGATORIOS AOS SERVIDORES CIVIS, EMPREGADOS, MI;0001;ASSISTENCIA PRE-ESCOLAR AOS DEPENDENTES DE SERVIDORES CIVIS E DE EMPREGADOS;137546;APE NORMAL;ASSIST PRE-ESCOLAR NORMAL;0100;RECURSOS ORDINARIOS;1;ORCAMENTO FISCAL;3;DESPESAS CORRENTES;3;OUTRAS DESPESAS CORRENTES;08;OUTROS BENEF.ASSIST. DO SERVIDOR E DO MILITAR;339008;OUTROS BENEF.ASSIST. DO SERVIDOR E DO MILITAR;33900809;AUXILIO-CRECHE CIVIL;5;GLOBAL;08;NAO SE APLICA;-8;03/01/2018;JAN/2018;2018;070025000012018NE000015;AUXILIO-CRECHE;DEVOLUCAO DE AUXILIO ALIMENTACAO E DE PRE-ESCOLAR DO SERVIDOR ALCEU DE SOUZA ROCHA FILHO.;070025;TRIBUNAL REGIONAL ELEITORAL DO D. FEDERAL;;;;;;;;0,00;(192,78);(192,78);;;;;;;;;(192,78);(192,78)
14107;TRIBUNAL REGIONAL ELEITORAL DO DIST. FEDERAL;070025;TRIBUNAL REGIONAL ELEITORAL DO D. FEDERAL;023310570212B0053;212B;BENEFICIOS OBRIGATORIOS AOS SERVIDORES CIVIS, EMPREGADOS, MI;0001;ASSISTENCIA PRE-ESCOLAR AOS DEPENDENTES DE SERVIDORES CIVIS E DE EMPREGADOS;137546;APE NORMAL;ASSIST PRE-ESCOLAR NORMAL;0100;RECURSOS ORDINARIOS;1;ORCAMENTO FISCAL;3;DESPESAS CORRENTES;3;OUTRAS DESPESAS CORRENTES;08;OUTROS BENEF.ASSIST. DO SERVIDOR E DO MILITAR;339008;OUTROS BENEF.ASSIST. DO SERVIDOR E DO MILITAR;33900809;AUXILIO-CRECHE CIVIL;5;GLOBAL;08;NAO SE APLICA;-8;03/01/2018;JAN/2018;2018;070025000012018NE000015;AUXILIO-CRECHE;FOLHA DE PAGAMENTO DE SERVIDORES ATIVOS REFERENTE AO MES DE ABRIL DE 2018 - PA SEI 0001951-48.2018.6.07.8100;070025;TRIBUNAL REGIONAL ELEITORAL DO D. FEDERAL;;;;;;;;0,00;41.597,80;;;;;;;;;;41.597,80;
14107;TRIBUNAL REGIONAL ELEITORAL DO DIST. FEDERAL;070025;TRIBUNAL REGIONAL ELEITORAL DO D. FEDERAL;023310570212B0053;212B;BENEFICIOS OBRIGATORIOS AOS SERVIDORES CIVIS, EMPREGADOS, MI;0001;ASSISTENCIA PRE-ESCOLAR AOS DEPENDENTES DE SERVIDORES CIVIS E DE EMPREGADOS;137546;APE NORMAL;ASSIST PRE-ESCOLAR NORMAL;0100;RECURSOS ORDINARIOS;1;ORCAMENTO FISCAL;3;DESPESAS CORRENTES;3;OUTRAS DESPESAS CORRENTES;08;OUTROS BENEF.ASSIST. DO SERVIDOR E DO MILITAR;339008;OUTROS BENEF.ASSIST. DO SERVIDOR E DO MILITAR;33900809;AUXILIO-CRECHE CIVIL;5;GLOBAL;08;NAO SE APLICA;-8;03/01/2018;JAN/2018;2018;070025000012018NE000015;AUXILIO-CRECHE;FOLHA DE PAGAMENTO DE SERVIDORES ATIVOS REFERENTE AO MES DE ABRIL DE 2018 - PA SEI 0001951-48.2018.6.07.8100 ŽDEVOLUCAO VENCIMENTOS E SALARIOS, ANT. DE SALARIO E BENEFICIOS.;070025;TRIBUNAL REGIONAL ELEITORAL DO D. FEDERAL;;;;;;;;0,00;(1.311,00);0,00;;;;;;;;;(1.311,00);0,00
14107;TRIBUNAL REGIONAL ELEITORAL DO DIST. FEDERAL;070025;TRIBUNAL REGIONAL ELEITORAL DO D. FEDERAL;023310570212B0053;212B;BENEFICIOS OBRIGATORIOS AOS SERVIDORES CIVIS, EMPREGADOS, MI;0001;ASSISTENCIA PRE-ESCOLAR AOS DEPENDENTES DE SERVIDORES CIVIS E DE EMPREGADOS;137546;APE NORMAL;ASSIST PRE-ESCOLAR NORMAL;0100;RECURSOS ORDINARIOS;1;ORCAMENTO FISCAL;3;DESPESAS CORRENTES;3;OUTRAS DESPESAS CORRENTES;08;OUTROS BENEF.ASSIST. DO SERVIDOR E DO MILITAR;339008;OUTROS BENEF.ASSIST. DO SERVIDOR E DO MILITAR;33900809;AUXILIO-CRECHE CIVIL;5;GLOBAL;08;NAO SE APLICA;-8;03/01/2018;JAN/2018;2018;070025000012018NE000015;AUXILIO-CRECHE;FOLHA DE PAGAMENTO DE SERVIDORES ATIVOS REFERENTE AO MES DE ABRIL DE 2018 - PA SEI 0001951-48.2018.6.07.8100. DADOS BANCARIOS BANCO DO BRASIL.;070025;TRIBUNAL REGIONAL ELEITORAL DO D. FEDERAL;;;;;;;;0,00;0,00;40.286,80;;;;;;;;;0,00;40.286,80
14107;TRIBUNAL REGIONAL ELEITORAL DO DIST. FEDERAL;070025;TRIBUNAL REGIONAL ELEITORAL DO D. FEDERAL;023310570212B0053;212B;BENEFICIOS OBRIGATORIOS AOS SERVIDORES CIVIS, EMPREGADOS, MI;0001;ASSISTENCIA PRE-ESCOLAR AOS DEPENDENTES DE SERVIDORES CIVIS E DE EMPREGADOS;137546;APE NORMAL;ASSIST PRE-ESCOLAR NORMAL;0100;RECURSOS ORDINARIOS;1;ORCAMENTO FISCAL;3;DESPESAS CORRENTES;3;OUTRAS DESPESAS CORRENTES;08;OUTROS BENEF.ASSIST. DO SERVIDOR E DO MILITAR;339008;OUTROS BENEF.ASSIST. DO SERVIDOR E DO MILITAR;33900809;AUXILIO-CRECHE CIVIL;5;GLOBAL;08;NAO SE APLICA;-8;03/01/2018;JAN/2018;2018;070025000012018NE000015;AUXILIO-CRECHE;FOLHA DE PAGAMENTO DE SERVIDORES ATIVOS REFERENTE AO MES DE FEVEREIRO DE 2018 - PA SEI 0000707-84.2018.6.07.8100;070025;TRIBUNAL REGIONAL ELEITORAL DO D. FEDERAL;;;;;;;;0,00;39.144,00;;;;;;;;;;39.144,00;
14107;TRIBUNAL REGIONAL ELEITORAL DO DIST. FEDERAL;070025;TRIBUNAL REGIONAL ELEITORAL DO D. FEDERAL;023310570212B0053;212B;BENEFICIOS OBRIGATORIOS AOS SERVIDORES CIVIS, EMPREGADOS, MI;0001;ASSISTENCIA PRE-ESCOLAR AOS DEPENDENTES DE SERVIDORES CIVIS E DE EMPREGADOS;137546;APE NORMAL;ASSIST PRE-ESCOLAR NORMAL;0100;RECURSOS ORDINARIOS;1;ORCAMENTO FISCAL;3;DESPESAS CORRENTES;3;OUTRAS DESPESAS CORRENTES;08;OUTROS BENEF.ASSIST. DO SERVIDOR E DO MILITAR;339008;OUTROS BENEF.ASSIST. DO SERVIDOR E DO MILITAR;33900809;AUXILIO-CRECHE CIVIL;5;GLOBAL;08;NAO SE APLICA;-8;03/01/2018;JAN/2018;2018;070025000012018NE000015;AUXILIO-CRECHE;FOLHA DE PAGAMENTO DE SERVIDORES ATIVOS REFERENTE AO MES DE FEVEREIRO DE 2018 - PA SEI 0000707-84.2018.6.07.8100. DADOS BANCARIOS BANCO DO BRASIL.;070025;TRIBUNAL REGIONAL ELEITORAL DO D. FEDERAL;;;;;;;;0,00;0,00;37.885,80;;;;;;;;;0,00;37.885,80
14107;TRIBUNAL REGIONAL ELEITORAL DO DIST. FEDERAL;070025;TRIBUNAL REGIONAL ELEITORAL DO D. FEDERAL;023310570212B0053;212B;BENEFICIOS OBRIGATORIOS AOS SERVIDORES CIVIS, EMPREGADOS, MI;0001;ASSISTENCIA PRE-ESCOLAR AOS DEPENDENTES DE SERVIDORES CIVIS E DE EMPREGADOS;137546;APE NORMAL;ASSIST PRE-ESCOLAR NORMAL;0100;RECURSOS ORDINARIOS;1;ORCAMENTO FISCAL;3;DESPESAS CORRENTES;3;OUTRAS DESPESAS CORRENTES;08;OUTROS BENEF.ASSIST. DO SERVIDOR E DO MILITAR;339008;OUTROS BENEF.ASSIST. DO SERVIDOR E DO MILITAR;33900809;AUXILIO-CRECHE CIVIL;5;GLOBAL;08;NAO SE APLICA;-8;03/01/2018;JAN/2018;2018;070025000012018NE000015;AUXILIO-CRECHE;FOLHA DE PAGAMENTO DE SERVIDORES ATIVOS REFERENTE AO MES DE FEVEREIRO DE 2018 - PA SEI 0000707-84.2018.6.07.8100. DEVOLUCOES;070025;TRIBUNAL REGIONAL ELEITORAL DO D. FEDERAL;;;;;;;;0,00;(1.258,20);0,00;;;;;;;;;(1.258,20);0,00
14107;TRIBUNAL REGIONAL ELEITORAL DO DIST. FEDERAL;070025;TRIBUNAL REGIONAL ELEITORAL DO D. FEDERAL;023310570212B0053;212B;BENEFICIOS OBRIGATORIOS AOS SERVIDORES CIVIS, EMPREGADOS, MI;0001;ASSISTENCIA PRE-ESCOLAR AOS DEPENDENTES DE SERVIDORES CIVIS E DE EMPREGADOS;137546;APE NORMAL;ASSIST PRE-ESCOLAR NORMAL;0100;RECURSOS ORDINARIOS;1;ORCAMENTO FISCAL;3;DESPESAS CORRENTES;3;OUTRAS DESPESAS CORRENTES;08;OUTROS BENEF.ASSIST. DO SERVIDOR E DO MILITAR;339008;OUTROS BENEF.ASSIST. DO SERVIDOR E DO MILITAR;33900809;AUXILIO-CRECHE CIVIL;5;GLOBAL;08;NAO SE APLICA;-8;03/01/2018;JAN/2018;2018;070025000012018NE000015;AUXILIO-CRECHE;FOLHA DE PAGAMENTO DE SERVIDORES ATIVOS REFERENTE AO MES DE JANEIRO DE 2018 - PA SEI 0000050-45.2018.6.07.8100;070025;TRIBUNAL REGIONAL ELEITORAL DO D. FEDERAL;;;;;;;;0,00;39.094,48;;;;;;;;;;39.094,48;
14107;TRIBUNAL REGIONAL ELEITORAL DO DIST. FEDERAL;070025;TRIBUNAL REGIONAL ELEITORAL DO D. FEDERAL;023310570212B0053;212B;BENEFICIOS OBRIGATORIOS AOS SERVIDORES CIVIS, EMPREGADOS, MI;0001;ASSISTENCIA PRE-ESCOLAR AOS DEPENDENTES DE SERVIDORES CIVIS E DE EMPREGADOS;137546;APE NORMAL;ASSIST PRE-ESCOLAR NORMAL;0100;RECURSOS ORDINARIOS;1;ORCAMENTO FISCAL;3;DESPESAS CORRENTES;3;OUTRAS DESPESAS CORRENTES;08;OUTROS BENEF.ASSIST. DO SERVIDOR E DO MILITAR;339008;OUTROS BENEF.ASSIST. DO SERVIDOR E DO MILITAR;33900809;AUXILIO-CRECHE CIVIL;5;GLOBAL;08;NAO SE APLICA;-8;03/01/2018;JAN/2018;2018;070025000012018NE000015;AUXILIO-CRECHE;FOLHA DE PAGAMENTO DE SERVIDORES ATIVOS REFERENTE AO MES DE JANEIRO DE 2018 - PA SEI 0000050-45.2018.6.07.8100. DADOS BANCARIOS BANCO CEF;070025;TRIBUNAL REGIONAL ELEITORAL DO D. FEDERAL;;;;;;;;0,00;0,00;39.094,48;;;;;;;;;0,00;39.094,48
14107;TRIBUNAL REGIONAL ELEITORAL DO DIST. FEDERAL;070025;TRIBUNAL REGIONAL ELEITORAL DO D. FEDERAL;023310570212B0053;212B;BENEFICIOS OBRIGATORIOS AOS SERVIDORES CIVIS, EMPREGADOS, MI;0001;ASSISTENCIA PRE-ESCOLAR AOS DEPENDENTES DE SERVIDORES CIVIS E DE EMPREGADOS;137546;APE NORMAL;ASSIST PRE-ESCOLAR NORMAL;0100;RECURSOS ORDINARIOS;1;ORCAMENTO FISCAL;3;DESPESAS CORRENTES;3;OUTRAS DESPESAS CORRENTES;08;OUTROS BENEF.ASSIST. DO SERVIDOR E DO MILITAR;339008;OUTROS BENEF.ASSIST. DO SERVIDOR E DO MILITAR;33900809;AUXILIO-CRECHE CIVIL;5;GLOBAL;08;NAO SE APLICA;-8;03/01/2018;JAN/2018;2018;070025000012018NE000015;AUXILIO-CRECHE;FOLHA DE PAGAMENTO DE SERVIDORES ATIVOS REFERENTE AO MES DE MAIO DE 2018 - PA SEI 0002530-93.2018.6.07.8100.;070025;TRIBUNAL REGIONAL ELEITORAL DO D. FEDERAL;;;;;;;;0,00;39.493,50;;;;;;;;;;39.493,50;
14107;TRIBUNAL REGIONAL ELEITORAL DO DIST. FEDERAL;070025;TRIBUNAL REGIONAL ELEITORAL DO D. FEDERAL;023310570212B0053;212B;BENEFICIOS OBRIGATORIOS AOS SERVIDORES CIVIS, EMPREGADOS, MI;0001;ASSISTENCIA PRE-ESCOLAR AOS DEPENDENTES DE SERVIDORES CIVIS E DE EMPREGADOS;137546;APE NORMAL;ASSIST PRE-ESCOLAR NORMAL;0100;RECURSOS ORDINARIOS;1;ORCAMENTO FISCAL;3;DESPESAS CORRENTES;3;OUTRAS DESPESAS CORRENTES;08;OUTROS BENEF.ASSIST. DO SERVIDOR E DO MILITAR;339008;OUTROS BENEF.ASSIST. DO SERVIDOR E DO MILITAR;33900809;AUXILIO-CRECHE CIVIL;5;GLOBAL;08;NAO SE APLICA;-8;03/01/2018;JAN/2018;2018;070025000012018NE000015;AUXILIO-CRECHE;FOLHA DE PAGAMENTO DE SERVIDORES ATIVOS REFERENTE AO MES DE MAIO DE 2018 - PA SEI 0002530-93.2018.6.07.8100. DEDUCOES - CUSTEIO.;070025;TRIBUNAL REGIONAL ELEITORAL DO D. FEDERAL;;;;;;;;0,00;(1.170,83);0,00;;;;;;;;;(1.170,83);0,00
14107;TRIBUNAL REGIONAL ELEITORAL DO DIST. FEDERAL;070025;TRIBUNAL REGIONAL ELEITORAL DO D. FEDERAL;023310570212B0053;212B;BENEFICIOS OBRIGATORIOS AOS SERVIDORES CIVIS, EMPREGADOS, MI;0001;ASSISTENCIA PRE-ESCOLAR AOS DEPENDENTES DE SERVIDORES CIVIS E DE EMPREGADOS;137546;APE NORMAL;ASSIST PRE-ESCOLAR NORMAL;0100;RECURSOS ORDINARIOS;1;ORCAMENTO FISCAL;3;DESPESAS CORRENTES;3;OUTRAS DESPESAS CORRENTES;08;OUTROS BENEF.ASSIST. DO SERVIDOR E DO MILITAR;339008;OUTROS BENEF.ASSIST. DO SERVIDOR E DO MILITAR;33900809;AUXILIO-CRECHE CIVIL;5;GLOBAL;08;NAO SE APLICA;-8;03/01/2018;JAN/2018;2018;070025000012018NE000015;AUXILIO-CRECHE;FOLHA DE PAGAMENTO DE SERVIDORES ATIVOS REFERENTE AO MES DE MARCO DE 2018 - PA SEI 0001307-08.2018.6.07.8100;070025;TRIBUNAL REGIONAL ELEITORAL DO D. FEDERAL;;;;;;;;0,00;39.843,00;;;;;;;;;;39.843,00;
14107;TRIBUNAL REGIONAL ELEITORAL DO DIST. FEDERAL;070025;TRIBUNAL REGIONAL ELEITORAL DO D. FEDERAL;023310570212B0053;212B;BENEFICIOS OBRIGATORIOS AOS SERVIDORES CIVIS, EMPREGADOS, MI;0001;ASSISTENCIA PRE-ESCOLAR AOS DEPENDENTES DE SERVIDORES CIVIS E DE EMPREGADOS;137546;APE NORMAL;ASSIST PRE-ESCOLAR NORMAL;0100;RECURSOS ORDINARIOS;1;ORCAMENTO FISCAL;3;DESPESAS CORRENTES;3;OUTRAS DESPESAS CORRENTES;08;OUTROS BENEF.ASSIST. DO SERVIDOR E DO MILITAR;339008;OUTROS BENEF.ASSIST. DO SERVIDOR E DO MILITAR;33900809;AUXILIO-CRECHE CIVIL;5;GLOBAL;08;NAO SE APLICA;-8;03/01/2018;JAN/2018;2018;070025000012018NE000015;AUXILIO-CRECHE;FOLHA DE PAGAMENTO DE SERVIDORES ATIVOS REFERENTE AO MES DE MARCO DE 2018 - PA SEI 0001307-08.2018.6.07.8100 ŽDEVOLUCAO DE AUX. TRANSPORTE E PRE-ESCOLAR.;070025;TRIBUNAL REGIONAL ELEITORAL DO D. FEDERAL;;;;;;;;0,00;(1.223,25);0,00;;;;;;;;;(1.223,25);0,00
14107;TRIBUNAL REGIONAL ELEITORAL DO DIST. FEDERAL;070025;TRIBUNAL REGIONAL ELEITORAL DO D. FEDERAL;023310570212B0053;212B;BENEFICIOS OBRIGATORIOS AOS SERVIDORES CIVIS, EMPREGADOS, MI;0001;ASSISTENCIA PRE-ESCOLAR AOS DEPENDENTES DE SERVIDORES CIVIS E DE EMPREGADOS;137546;APE NORMAL;ASSIST PRE-ESCOLAR NORMAL;0100;RECURSOS ORDINARIOS;1;ORCAMENTO FISCAL;3;DESPESAS CORRENTES;3;OUTRAS DESPESAS CORRENTES;08;OUTROS BENEF.ASSIST. DO SERVIDOR E DO MILITAR;339008;OUTROS BENEF.ASSIST. DO SERVIDOR E DO MILITAR;33900809;AUXILIO-CRECHE CIVIL;5;GLOBAL;08;NAO SE APLICA;-8;03/01/2018;JAN/2018;2018;070025000012018NE000015;AUXILIO-CRECHE;FOLHA DE PAGAMENTO DE SERVIDORES ATIVOS REFERENTE AO MES DE MARCO DE 2018 - PA SEI 0001307-08.2018.6.07.8100.  VALOR DA CEF.;070025;TRIBUNAL REGIONAL ELEITORAL DO D. FEDERAL;;;;;;;;0,00;0,00;38.619,75;;;;;;;;;0,00;38.619,75
14107;TRIBUNAL REGIONAL ELEITORAL DO DIST. FEDERAL;070025;TRIBUNAL REGIONAL ELEITORAL DO D. FEDERAL;023310570212B0053;212B;BENEFICIOS OBRIGATORIOS AOS SERVIDORES CIVIS, EMPREGADOS, MI;0001;ASSISTENCIA PRE-ESCOLAR AOS DEPENDENTES DE SERVIDORES CIVIS E DE EMPREGADOS;137546;APE NORMAL;ASSIST PRE-ESCOLAR NORMAL;0100;RECURSOS ORDINARIOS;1;ORCAMENTO FISCAL;3;DESPESAS CORRENTES;3;OUTRAS DESPESAS CORRENTES;08;OUTROS BENEF.ASSIST. DO SERVIDOR E DO MILITAR;339008;OUTROS BENEF.ASSIST. DO SERVIDOR E DO MILITAR;33900809;AUXILIO-CRECHE CIVIL;5;GLOBAL;08;NAO SE APLICA;-8;03/01/2018;JAN/2018;2018;070025000012018NE000015;AUXILIO-CRECHE;FOLHA DE PAGAMENTO DO MES DE  JANEIRO/2018 DOS SERVIDORES ATIVOS. PA 0000050-45.2018.6.07.8100. CANCELAMENTOS PARA ACERTO DE ERRO DE APROPRIACAO;070025;TRIBUNAL REGIONAL ELEITORAL DO D. FEDERAL;;;;;;;;0,00;(39.094,48);;;;;;;;;;(39.094,48);
14107;TRIBUNAL REGIONAL ELEITORAL DO DIST. FEDERAL;070025;TRIBUNAL REGIONAL ELEITORAL DO D. FEDERAL;023310570212B0053;212B;BENEFICIOS OBRIGATORIOS AOS SERVIDORES CIVIS, EMPREGADOS, MI;0001;ASSISTENCIA PRE-ESCOLAR AOS DEPENDENTES DE SERVIDORES CIVIS E DE EMPREGADOS;137546;APE NORMAL;ASSIST PRE-ESCOLAR NORMAL;0100;RECURSOS ORDINARIOS;1;ORCAMENTO FISCAL;3;DESPESAS CORRENTES;3;OUTRAS DESPESAS CORRENTES;08;OUTROS BENEF.ASSIST. DO SERVIDOR E DO MILITAR;339008;OUTROS BENEF.ASSIST. DO SERVIDOR E DO MILITAR;33900809;AUXILIO-CRECHE CIVIL;5;GLOBAL;08;NAO SE APLICA;-8;03/01/2018;JAN/2018;2018;070025000012018NE000015;AUXILIO-CRECHE;FOLHA DE PAGAMENTO DO MES DE  JANEIRO/2018 DOS SERVIDORES ATIVOS. PA 0000050-45.2018.6.07.8100.CUSTEIO, BENEFICIOS, LIVRE ESCOLHA, AUXILIOS;070025;TRIBUNAL REGIONAL ELEITORAL DO D. FEDERAL;;;;;;;;0,00;39.094,48;;;;;;;;;;39.094,48;
14107;TRIBUNAL REGIONAL ELEITORAL DO DIST. FEDERAL;070025;TRIBUNAL REGIONAL ELEITORAL DO D. FEDERAL;023310570212B0053;212B;BENEFICIOS OBRIGATORIOS AOS SERVIDORES CIVIS, EMPREGADOS, MI;0003;AUXILIO-TRANSPORTE DE CIVIS;137547;-8;SEM INFORMACAO;0100;RECURSOS ORDINARIOS;1;ORCAMENTO FISCAL;3;DESPESAS CORRENTES;3;OUTRAS DESPESAS CORRENTES;00;[A DETALHAR];339000;APLICACOES DIRETAS;339000-9;NAO SE APLICA;-9;NAO SE APLICA;-9;NAO SE APLICA;-9;NAO SE APLICA;NAO SE APLICA;-9;-9;-9;ALTERACAO PARA EMISSAO DE NE. AUXILIO TRANSPORTE.;-9;NAO SE APLICA;(15.984,00);(15.984,00);;;(15.984,00);;;;;;;;;;;;;;;
14107;TRIBUNAL REGIONAL ELEITORAL DO DIST. FEDERAL;070025;TRIBUNAL REGIONAL ELEITORAL DO D. FEDERAL;023310570212B0053;212B;BENEFICIOS OBRIGATORIOS AOS SERVIDORES CIVIS, EMPREGADOS, MI;0003;AUXILIO-TRANSPORTE DE CIVIS;137547;-8;SEM INFORMACAO;0100;RECURSOS ORDINARIOS;1;ORCAMENTO FISCAL;3;DESPESAS CORRENTES;3;OUTRAS DESPESAS CORRENTES;00;[A DETALHAR];339000;APLICACOES DIRETAS;339000-9;NAO SE APLICA;-9;NAO SE APLICA;-9;NAO SE APLICA;-9;NAO SE APLICA;NAO SE APLICA;-9;-9;-9;DOCUMENTO LANCADO PELA FITA SOF ESB0009;-9;NAO SE APLICA;15.984,00;15.984,00;;;15.984,00;;;;;;;;;;;;;;;
14107;TRIBUNAL REGIONAL ELEITORAL DO DIST. FEDERAL;070025;TRIBUNAL REGIONAL ELEITORAL DO D. FEDERAL;023310570212B0053;212B;BENEFICIOS OBRIGATORIOS AOS SERVIDORES CIVIS, EMPREGADOS, MI;0003;AUXILIO-TRANSPORTE DE CIVIS;137547;-8;SEM INFORMACAO;0100;RECURSOS ORDINARIOS;1;ORCAMENTO FISCAL;3;DESPESAS CORRENTES;3;OUTRAS DESPESAS CORRENTES;00;[A DETALHAR];339000;APLICACOES DIRETAS;339000-9;NAO SE APLICA;-9;NAO SE APLICA;-9;NAO SE APLICA;-9;NAO SE APLICA;NAO SE APLICA;-9;-9;-9;DOCUMENTO LANCADO PELA FITA SOF ESB01CD;-9;NAO SE APLICA;;6.000,00;;;6.000,00;;;;;;;;;;;;;;;
14107;TRIBUNAL REGIONAL ELEITORAL DO DIST. FEDERAL;070025;TRIBUNAL REGIONAL ELEITORAL DO D. FEDERAL;023310570212B0053;212B;BENEFICIOS OBRIGATORIOS AOS SERVIDORES CIVIS, EMPREGADOS, MI;0003;AUXILIO-TRANSPORTE DE CIVIS;137547;-8;SEM INFORMACAO;0100;RECURSOS ORDINARIOS;1;ORCAMENTO FISCAL;3;DESPESAS CORRENTES;3;OUTRAS DESPESAS CORRENTES;00;[A DETALHAR];339000;APLICACOES DIRETAS;339000-9;NAO SE APLICA;-9;NAO SE APLICA;-9;NAO SE APLICA;-9;NAO SE APLICA;NAO SE APLICA;-9;-9;-9;REFORCO DA NE Nº 16 - AUXILIO-TRANSPORTE.;-9;NAO SE APLICA;(6.000,00);(6.000,00);;;(6.000,00);;;;;;;;;;;;;;;
14107;TRIBUNAL REGIONAL ELEITORAL DO DIST. FEDERAL;070025;TRIBUNAL REGIONAL ELEITORAL DO D. FEDERAL;023310570212B0053;212B;BENEFICIOS OBRIGATORIOS AOS SERVIDORES CIVIS, EMPREGADOS, MI;0003;AUXILIO-TRANSPORTE DE CIVIS;137547;ATR URBANO;AUXILIO TRANSPORTE URBANO;0100;RECURSOS ORDINARIOS;1;ORCAMENTO FISCAL;3;DESPESAS CORRENTES;3;OUTRAS DESPESAS CORRENTES;49;AUXILIO-TRANSPORTE;339049;AUXILIO-TRANSPORTE;339049-9;NAO SE APLICA;-9;NAO SE APLICA;-9;NAO SE APLICA;-9;NAO SE APLICA;NAO SE APLICA;-9;-9;-9;2018NECT - AUXILIO-TRANSPORTE.;-9;NAO SE APLICA;;;;;(21.984,00);;;;;;;;;;;;;;;
14107;TRIBUNAL REGIONAL ELEITORAL DO DIST. FEDERAL;070025;TRIBUNAL REGIONAL ELEITORAL DO D. FEDERAL;023310570212B0053;212B;BENEFICIOS OBRIGATORIOS AOS SERVIDORES CIVIS, EMPREGADOS, MI;0003;AUXILIO-TRANSPORTE DE CIVIS;137547;ATR URBANO;AUXILIO TRANSPORTE URBANO;0100;RECURSOS ORDINARIOS;1;ORCAMENTO FISCAL;3;DESPESAS CORRENTES;3;OUTRAS DESPESAS CORRENTES;49;AUXILIO-TRANSPORTE;339049;AUXILIO-TRANSPORTE;339049-9;NAO SE APLICA;-9;NAO SE APLICA;-9;NAO SE APLICA;-9;NAO SE APLICA;NAO SE APLICA;-9;-9;-9;ALTERACAO PARA EMISSAO DE NE. AUXILIO TRANSPORTE.;-9;NAO SE APLICA;15.984,00;15.984,00;;;15.984,00;;;;;;;;;;;;;;;
14107;TRIBUNAL REGIONAL ELEITORAL DO DIST. FEDERAL;070025;TRIBUNAL REGIONAL ELEITORAL DO D. FEDERAL;023310570212B0053;212B;BENEFICIOS OBRIGATORIOS AOS SERVIDORES CIVIS, EMPREGADOS, MI;0003;AUXILIO-TRANSPORTE DE CIVIS;137547;ATR URBANO;AUXILIO TRANSPORTE URBANO;0100;RECURSOS ORDINARIOS;1;ORCAMENTO FISCAL;3;DESPESAS CORRENTES;3;OUTRAS DESPESAS CORRENTES;49;AUXILIO-TRANSPORTE;339049;AUXILIO-TRANSPORTE;339049-9;NAO SE APLICA;-9;NAO SE APLICA;-9;NAO SE APLICA;-9;NAO SE APLICA;NAO SE APLICA;-9;-9;-9;REFORCO DA NE Nº 16 - AUXILIO-TRANSPORTE.;-9;NAO SE APLICA;6.000,00;6.000,00;;;6.000,00;;;;;;;;;;;;;;;
14107;TRIBUNAL REGIONAL ELEITORAL DO DIST. FEDERAL;070025;TRIBUNAL REGIONAL ELEITORAL DO D. FEDERAL;023310570212B0053;212B;BENEFICIOS OBRIGATORIOS AOS SERVIDORES CIVIS, EMPREGADOS, MI;0003;AUXILIO-TRANSPORTE DE CIVIS;137547;ATR URBANO;AUXILIO TRANSPORTE URBANO;0100;RECURSOS ORDINARIOS;1;ORCAMENTO FISCAL;3;DESPESAS CORRENTES;3;OUTRAS DESPESAS CORRENTES;49;AUXILIO-TRANSPORTE;339049;AUXILIO-TRANSPORTE;33904901;AUXILIO-TRANSPORTE CIVIS;5;GLOBAL;08;NAO SE APLICA;-8;03/01/2018;JAN/2018;2018;070025000012018NE000016;AUXILIO-TRANSPORTE;2018NECT - AUXILIO-TRANSPORTE.;070025;TRIBUNAL REGIONAL ELEITORAL DO D. FEDERAL;;;;;;;;21.984,00;;;;;;;;;;;;
14107;TRIBUNAL REGIONAL ELEITORAL DO DIST. FEDERAL;070025;TRIBUNAL REGIONAL ELEITORAL DO D. FEDERAL;023310570212B0053;212B;BENEFICIOS OBRIGATORIOS AOS SERVIDORES CIVIS, EMPREGADOS, MI;0003;AUXILIO-TRANSPORTE DE CIVIS;137547;ATR URBANO;AUXILIO TRANSPORTE URBANO;0100;RECURSOS ORDINARIOS;1;ORCAMENTO FISCAL;3;DESPESAS CORRENTES;3;OUTRAS DESPESAS CORRENTES;49;AUXILIO-TRANSPORTE;339049;AUXILIO-TRANSPORTE;33904901;AUXILIO-TRANSPORTE CIVIS;5;GLOBAL;08;NAO SE APLICA;-8;03/01/2018;JAN/2018;2018;070025000012018NE000016;AUXILIO-TRANSPORTE;FOLHA DE PAGAMENTO DE SERVIDORES ATIVOS REFERENTE AO MES DE ABRIL DE 2018 - PA SEI 0001951-48.2018.6.07.8100;070025;TRIBUNAL REGIONAL ELEITORAL DO D. FEDERAL;;;;;;;;0,00;3.098,00;;;;;;;;;;3.098,00;
14107;TRIBUNAL REGIONAL ELEITORAL DO DIST. FEDERAL;070025;TRIBUNAL REGIONAL ELEITORAL DO D. FEDERAL;023310570212B0053;212B;BENEFICIOS OBRIGATORIOS AOS SERVIDORES CIVIS, EMPREGADOS, MI;0003;AUXILIO-TRANSPORTE DE CIVIS;137547;ATR URBANO;AUXILIO TRANSPORTE URBANO;0100;RECURSOS ORDINARIOS;1;ORCAMENTO FISCAL;3;DESPESAS CORRENTES;3;OUTRAS DESPESAS CORRENTES;49;AUXILIO-TRANSPORTE;339049;AUXILIO-TRANSPORTE;33904901;AUXILIO-TRANSPORTE CIVIS;5;GLOBAL;08;NAO SE APLICA;-8;03/01/2018;JAN/2018;2018;070025000012018NE000016;AUXILIO-TRANSPORTE;FOLHA DE PAGAMENTO DE SERVIDORES ATIVOS REFERENTE AO MES DE ABRIL DE 2018 - PA SEI 0001951-48.2018.6.07.8100 ŽDEVOLUCAO VENCIMENTOS E SALARIOS, ANT. DE SALARIO E BENEFICIOS.;070025;TRIBUNAL REGIONAL ELEITORAL DO D. FEDERAL;;;;;;;;0,00;(1.344,53);0,00;;;;;;;;;(1.344,53);0,00
14107;TRIBUNAL REGIONAL ELEITORAL DO DIST. FEDERAL;070025;TRIBUNAL REGIONAL ELEITORAL DO D. FEDERAL;023310570212B0053;212B;BENEFICIOS OBRIGATORIOS AOS SERVIDORES CIVIS, EMPREGADOS, MI;0003;AUXILIO-TRANSPORTE DE CIVIS;137547;ATR URBANO;AUXILIO TRANSPORTE URBANO;0100;RECURSOS ORDINARIOS;1;ORCAMENTO FISCAL;3;DESPESAS CORRENTES;3;OUTRAS DESPESAS CORRENTES;49;AUXILIO-TRANSPORTE;339049;AUXILIO-TRANSPORTE;33904901;AUXILIO-TRANSPORTE CIVIS;5;GLOBAL;08;NAO SE APLICA;-8;03/01/2018;JAN/2018;2018;070025000012018NE000016;AUXILIO-TRANSPORTE;FOLHA DE PAGAMENTO DE SERVIDORES ATIVOS REFERENTE AO MES DE ABRIL DE 2018 - PA SEI 0001951-48.2018.6.07.8100. DADOS BANCARIOS BANCO DO BRASIL.;070025;TRIBUNAL REGIONAL ELEITORAL DO D. FEDERAL;;;;;;;;0,00;0,00;1.753,47;;;;;;;;;0,00;1.753,47
14107;TRIBUNAL REGIONAL ELEITORAL DO DIST. FEDERAL;070025;TRIBUNAL REGIONAL ELEITORAL DO D. FEDERAL;023310570212B0053;212B;BENEFICIOS OBRIGATORIOS AOS SERVIDORES CIVIS, EMPREGADOS, MI;0003;AUXILIO-TRANSPORTE DE CIVIS;137547;ATR URBANO;AUXILIO TRANSPORTE URBANO;0100;RECURSOS ORDINARIOS;1;ORCAMENTO FISCAL;3;DESPESAS CORRENTES;3;OUTRAS DESPESAS CORRENTES;49;AUXILIO-TRANSPORTE;339049;AUXILIO-TRANSPORTE;33904901;AUXILIO-TRANSPORTE CIVIS;5;GLOBAL;08;NAO SE APLICA;-8;03/01/2018;JAN/2018;2018;070025000012018NE000016;AUXILIO-TRANSPORTE;FOLHA DE PAGAMENTO DE SERVIDORES ATIVOS REFERENTE AO MES DE FEVEREIRO DE 2018 - PA SEI 0000707-84.2018.6.07.8100;070025;TRIBUNAL REGIONAL ELEITORAL DO D. FEDERAL;;;;;;;;0,00;2.850,00;;;;;;;;;;2.850,00;
14107;TRIBUNAL REGIONAL ELEITORAL DO DIST. FEDERAL;070025;TRIBUNAL REGIONAL ELEITORAL DO D. FEDERAL;023310570212B0053;212B;BENEFICIOS OBRIGATORIOS AOS SERVIDORES CIVIS, EMPREGADOS, MI;0003;AUXILIO-TRANSPORTE DE CIVIS;137547;ATR URBANO;AUXILIO TRANSPORTE URBANO;0100;RECURSOS ORDINARIOS;1;ORCAMENTO FISCAL;3;DESPESAS CORRENTES;3;OUTRAS DESPESAS CORRENTES;49;AUXILIO-TRANSPORTE;339049;AUXILIO-TRANSPORTE;33904901;AUXILIO-TRANSPORTE CIVIS;5;GLOBAL;08;NAO SE APLICA;-8;03/01/2018;JAN/2018;2018;070025000012018NE000016;AUXILIO-TRANSPORTE;FOLHA DE PAGAMENTO DE SERVIDORES ATIVOS REFERENTE AO MES DE FEVEREIRO DE 2018 - PA SEI 0000707-84.2018.6.07.8100. DADOS BANCARIOS BANCO ITAU.;070025;TRIBUNAL REGIONAL ELEITORAL DO D. FEDERAL;;;;;;;;0,00;0,00;1.582,23;;;;;;;;;0,00;1.582,23
14107;TRIBUNAL REGIONAL ELEITORAL DO DIST. FEDERAL;070025;TRIBUNAL REGIONAL ELEITORAL DO D. FEDERAL;023310570212B0053;212B;BENEFICIOS OBRIGATORIOS AOS SERVIDORES CIVIS, EMPREGADOS, MI;0003;AUXILIO-TRANSPORTE DE CIVIS;137547;ATR URBANO;AUXILIO TRANSPORTE URBANO;0100;RECURSOS ORDINARIOS;1;ORCAMENTO FISCAL;3;DESPESAS CORRENTES;3;OUTRAS DESPESAS CORRENTES;49;AUXILIO-TRANSPORTE;339049;AUXILIO-TRANSPORTE;33904901;AUXILIO-TRANSPORTE CIVIS;5;GLOBAL;08;NAO SE APLICA;-8;03/01/2018;JAN/2018;2018;070025000012018NE000016;AUXILIO-TRANSPORTE;FOLHA DE PAGAMENTO DE SERVIDORES ATIVOS REFERENTE AO MES DE FEVEREIRO DE 2018 - PA SEI 0000707-84.2018.6.07.8100. DEVOLUCOES;070025;TRIBUNAL REGIONAL ELEITORAL DO D. FEDERAL;;;;;;;;0,00;(1.267,77);0,00;;;;;;;;;(1.267,77);0,00
14107;TRIBUNAL REGIONAL ELEITORAL DO DIST. FEDERAL;070025;TRIBUNAL REGIONAL ELEITORAL DO D. FEDERAL;023310570212B0053;212B;BENEFICIOS OBRIGATORIOS AOS SERVIDORES CIVIS, EMPREGADOS, MI;0003;AUXILIO-TRANSPORTE DE CIVIS;137547;ATR URBANO;AUXILIO TRANSPORTE URBANO;0100;RECURSOS ORDINARIOS;1;ORCAMENTO FISCAL;3;DESPESAS CORRENTES;3;OUTRAS DESPESAS CORRENTES;49;AUXILIO-TRANSPORTE;339049;AUXILIO-TRANSPORTE;33904901;AUXILIO-TRANSPORTE CIVIS;5;GLOBAL;08;NAO SE APLICA;-8;03/01/2018;JAN/2018;2018;070025000012018NE000016;AUXILIO-TRANSPORTE;FOLHA DE PAGAMENTO DE SERVIDORES ATIVOS REFERENTE AO MES DE JANEIRO DE 2018 - PA SEI 0000050-45.2018.6.07.8100;070025;TRIBUNAL REGIONAL ELEITORAL DO D. FEDERAL;;;;;;;;0,00;1.642,77;;;;;;;;;;1.642,77;
14107;TRIBUNAL REGIONAL ELEITORAL DO DIST. FEDERAL;070025;TRIBUNAL REGIONAL ELEITORAL DO D. FEDERAL;023310570212B0053;212B;BENEFICIOS OBRIGATORIOS AOS SERVIDORES CIVIS, EMPREGADOS, MI;0003;AUXILIO-TRANSPORTE DE CIVIS;137547;ATR URBANO;AUXILIO TRANSPORTE URBANO;0100;RECURSOS ORDINARIOS;1;ORCAMENTO FISCAL;3;DESPESAS CORRENTES;3;OUTRAS DESPESAS CORRENTES;49;AUXILIO-TRANSPORTE;339049;AUXILIO-TRANSPORTE;33904901;AUXILIO-TRANSPORTE CIVIS;5;GLOBAL;08;NAO SE APLICA;-8;03/01/2018;JAN/2018;2018;070025000012018NE000016;AUXILIO-TRANSPORTE;FOLHA DE PAGAMENTO DE SERVIDORES ATIVOS REFERENTE AO MES DE JANEIRO DE 2018 - PA SEI 0000050-45.2018.6.07.8100. DADOS BANCARIOS ITAU;070025;TRIBUNAL REGIONAL ELEITORAL DO D. FEDERAL;;;;;;;;0,00;0,00;1.642,77;;;;;;;;;0,00;1.642,77
14107;TRIBUNAL REGIONAL ELEITORAL DO DIST. FEDERAL;070025;TRIBUNAL REGIONAL ELEITORAL DO D. FEDERAL;023310570212B0053;212B;BENEFICIOS OBRIGATORIOS AOS SERVIDORES CIVIS, EMPREGADOS, MI;0003;AUXILIO-TRANSPORTE DE CIVIS;137547;ATR URBANO;AUXILIO TRANSPORTE URBANO;0100;RECURSOS ORDINARIOS;1;ORCAMENTO FISCAL;3;DESPESAS CORRENTES;3;OUTRAS DESPESAS CORRENTES;49;AUXILIO-TRANSPORTE;339049;AUXILIO-TRANSPORTE;33904901;AUXILIO-TRANSPORTE CIVIS;5;GLOBAL;08;NAO SE APLICA;-8;03/01/2018;JAN/2018;2018;070025000012018NE000016;AUXILIO-TRANSPORTE;FOLHA DE PAGAMENTO DE SERVIDORES ATIVOS REFERENTE AO MES DE MAIO DE 2018 - PA SEI 0002530-93.2018.6.07.8100.;070025;TRIBUNAL REGIONAL ELEITORAL DO D. FEDERAL;;;;;;;;0,00;3.138,00;;;;;;;;;;3.138,00;
14107;TRIBUNAL REGIONAL ELEITORAL DO DIST. FEDERAL;070025;TRIBUNAL REGIONAL ELEITORAL DO D. FEDERAL;023310570212B0053;212B;BENEFICIOS OBRIGATORIOS AOS SERVIDORES CIVIS, EMPREGADOS, MI;0003;AUXILIO-TRANSPORTE DE CIVIS;137547;ATR URBANO;AUXILIO TRANSPORTE URBANO;0100;RECURSOS ORDINARIOS;1;ORCAMENTO FISCAL;3;DESPESAS CORRENTES;3;OUTRAS DESPESAS CORRENTES;49;AUXILIO-TRANSPORTE;339049;AUXILIO-TRANSPORTE;33904901;AUXILIO-TRANSPORTE CIVIS;5;GLOBAL;08;NAO SE APLICA;-8;03/01/2018;JAN/2018;2018;070025000012018NE000016;AUXILIO-TRANSPORTE;FOLHA DE PAGAMENTO DE SERVIDORES ATIVOS REFERENTE AO MES DE MAIO DE 2018 - PA SEI 0002530-93.2018.6.07.8100. DEDUCOES - CUSTEIO.;070025;TRIBUNAL REGIONAL ELEITORAL DO D. FEDERAL;;;;;;;;0,00;(1.329,38);0,00;;;;;;;;;(1.329,38);0,00
14107;TRIBUNAL REGIONAL ELEITORAL DO DIST. FEDERAL;070025;TRIBUNAL REGIONAL ELEITORAL DO D. FEDERAL;023310570212B0053;212B;BENEFICIOS OBRIGATORIOS AOS SERVIDORES CIVIS, EMPREGADOS, MI;0003;AUXILIO-TRANSPORTE DE CIVIS;137547;ATR URBANO;AUXILIO TRANSPORTE URBANO;0100;RECURSOS ORDINARIOS;1;ORCAMENTO FISCAL;3;DESPESAS CORRENTES;3;OUTRAS DESPESAS CORRENTES;49;AUXILIO-TRANSPORTE;339049;AUXILIO-TRANSPORTE;33904901;AUXILIO-TRANSPORTE CIVIS;5;GLOBAL;08;NAO SE APLICA;-8;03/01/2018;JAN/2018;2018;070025000012018NE000016;AUXILIO-TRANSPORTE;FOLHA DE PAGAMENTO DE SERVIDORES ATIVOS REFERENTE AO MES DE MARCO DE 2018 - PA SEI 0001307-08.2018.6.07.8100;070025;TRIBUNAL REGIONAL ELEITORAL DO D. FEDERAL;;;;;;;;0,00;3.234,00;;;;;;;;;;3.234,00;
14107;TRIBUNAL REGIONAL ELEITORAL DO DIST. FEDERAL;070025;TRIBUNAL REGIONAL ELEITORAL DO D. FEDERAL;023310570212B0053;212B;BENEFICIOS OBRIGATORIOS AOS SERVIDORES CIVIS, EMPREGADOS, MI;0003;AUXILIO-TRANSPORTE DE CIVIS;137547;ATR URBANO;AUXILIO TRANSPORTE URBANO;0100;RECURSOS ORDINARIOS;1;ORCAMENTO FISCAL;3;DESPESAS CORRENTES;3;OUTRAS DESPESAS CORRENTES;49;AUXILIO-TRANSPORTE;339049;AUXILIO-TRANSPORTE;33904901;AUXILIO-TRANSPORTE CIVIS;5;GLOBAL;08;NAO SE APLICA;-8;03/01/2018;JAN/2018;2018;070025000012018NE000016;AUXILIO-TRANSPORTE;FOLHA DE PAGAMENTO DE SERVIDORES ATIVOS REFERENTE AO MES DE MARCO DE 2018 - PA SEI 0001307-08.2018.6.07.8100 ŽDEVOLUCAO DE AUX. TRANSPORTE E PRE-ESCOLAR.;070025;TRIBUNAL REGIONAL ELEITORAL DO D. FEDERAL;;;;;;;;0,00;(1.390,01);0,00;;;;;;;;;(1.390,01);0,00
14107;TRIBUNAL REGIONAL ELEITORAL DO DIST. FEDERAL;070025;TRIBUNAL REGIONAL ELEITORAL DO D. FEDERAL;023310570212B0053;212B;BENEFICIOS OBRIGATORIOS AOS SERVIDORES CIVIS, EMPREGADOS, MI;0003;AUXILIO-TRANSPORTE DE CIVIS;137547;ATR URBANO;AUXILIO TRANSPORTE URBANO;0100;RECURSOS ORDINARIOS;1;ORCAMENTO FISCAL;3;DESPESAS CORRENTES;3;OUTRAS DESPESAS CORRENTES;49;AUXILIO-TRANSPORTE;339049;AUXILIO-TRANSPORTE;33904901;AUXILIO-TRANSPORTE CIVIS;5;GLOBAL;08;NAO SE APLICA;-8;03/01/2018;JAN/2018;2018;070025000012018NE000016;AUXILIO-TRANSPORTE;FOLHA DE PAGAMENTO DE SERVIDORES ATIVOS REFERENTE AO MES DE MARCO DE 2018 - PA SEI 0001307-08.2018.6.07.8100.  VALOR DO ITAU.;070025;TRIBUNAL REGIONAL ELEITORAL DO D. FEDERAL;;;;;;;;0,00;0,00;1.843,99;;;;;;;;;0,00;1.843,99
14107;TRIBUNAL REGIONAL ELEITORAL DO DIST. FEDERAL;070025;TRIBUNAL REGIONAL ELEITORAL DO D. FEDERAL;023310570212B0053;212B;BENEFICIOS OBRIGATORIOS AOS SERVIDORES CIVIS, EMPREGADOS, MI;0003;AUXILIO-TRANSPORTE DE CIVIS;137547;ATR URBANO;AUXILIO TRANSPORTE URBANO;0100;RECURSOS ORDINARIOS;1;ORCAMENTO FISCAL;3;DESPESAS CORRENTES;3;OUTRAS DESPESAS CORRENTES;49;AUXILIO-TRANSPORTE;339049;AUXILIO-TRANSPORTE;33904901;AUXILIO-TRANSPORTE CIVIS;5;GLOBAL;08;NAO SE APLICA;-8;03/01/2018;JAN/2018;2018;070025000012018NE000016;AUXILIO-TRANSPORTE;FOLHA DE PAGAMENTO DO MES DE  JANEIRO/2018 DOS SERVIDORES ATIVOS. PA 0000050-45.2018.6.07.8100. CANCELAMENTOS PARA ACERTO DE ERRO DE APROPRIACAO;070025;TRIBUNAL REGIONAL ELEITORAL DO D. FEDERAL;;;;;;;;0,00;(1.642,77);;;;;;;;;;(1.642,77);
14107;TRIBUNAL REGIONAL ELEITORAL DO DIST. FEDERAL;070025;TRIBUNAL REGIONAL ELEITORAL DO D. FEDERAL;023310570212B0053;212B;BENEFICIOS OBRIGATORIOS AOS SERVIDORES CIVIS, EMPREGADOS, MI;0003;AUXILIO-TRANSPORTE DE CIVIS;137547;ATR URBANO;AUXILIO TRANSPORTE URBANO;0100;RECURSOS ORDINARIOS;1;ORCAMENTO FISCAL;3;DESPESAS CORRENTES;3;OUTRAS DESPESAS CORRENTES;49;AUXILIO-TRANSPORTE;339049;AUXILIO-TRANSPORTE;33904901;AUXILIO-TRANSPORTE CIVIS;5;GLOBAL;08;NAO SE APLICA;-8;03/01/2018;JAN/2018;2018;070025000012018NE000016;AUXILIO-TRANSPORTE;FOLHA DE PAGAMENTO DO MES DE  JANEIRO/2018 DOS SERVIDORES ATIVOS. PA 0000050-45.2018.6.07.8100.CUSTEIO, BENEFICIOS, LIVRE ESCOLHA, AUXILIOS;070025;TRIBUNAL REGIONAL ELEITORAL DO D. FEDERAL;;;;;;;;0,00;1.642,77;;;;;;;;;;1.642,77;
14107;TRIBUNAL REGIONAL ELEITORAL DO DIST. FEDERAL;070025;TRIBUNAL REGIONAL ELEITORAL DO D. FEDERAL;023310570212B0053;212B;BENEFICIOS OBRIGATORIOS AOS SERVIDORES CIVIS, EMPREGADOS, MI;0005;AUXILIO-ALIMENTACAO DE CIVIS;137548;-8;SEM INFORMACAO;0100;RECURSOS ORDINARIOS;1;ORCAMENTO FISCAL;3;DESPESAS CORRENTES;3;OUTRAS DESPESAS CORRENTES;00;[A DETALHAR];339000;APLICACOES DIRETAS;339000-9;NAO SE APLICA;-9;NAO SE APLICA;-9;NAO SE APLICA;-9;NAO SE APLICA;NAO SE APLICA;-9;-9;-9;ALTERACAO PARA EMISSAO DE NE. AUXILIO-ALIMENTACAO.;-9;NAO SE APLICA;(4.306.848,00);(4.306.848,00);;;(4.306.848,00);;;;;;;;;;;;;;;
14107;TRIBUNAL REGIONAL ELEITORAL DO DIST. FEDERAL;070025;TRIBUNAL REGIONAL ELEITORAL DO D. FEDERAL;023310570212B0053;212B;BENEFICIOS OBRIGATORIOS AOS SERVIDORES CIVIS, EMPREGADOS, MI;0005;AUXILIO-ALIMENTACAO DE CIVIS;137548;-8;SEM INFORMACAO;0100;RECURSOS ORDINARIOS;1;ORCAMENTO FISCAL;3;DESPESAS CORRENTES;3;OUTRAS DESPESAS CORRENTES;00;[A DETALHAR];339000;APLICACOES DIRETAS;339000-9;NAO SE APLICA;-9;NAO SE APLICA;-9;NAO SE APLICA;-9;NAO SE APLICA;NAO SE APLICA;-9;-9;-9;DOCUMENTO LANCADO PELA FITA SOF ESB0009;-9;NAO SE APLICA;4.306.848,00;4.306.848,00;;;4.306.848,00;;;;;;;;;;;;;;;
14107;TRIBUNAL REGIONAL ELEITORAL DO DIST. FEDERAL;070025;TRIBUNAL REGIONAL ELEITORAL DO D. FEDERAL;023310570212B0053;212B;BENEFICIOS OBRIGATORIOS AOS SERVIDORES CIVIS, EMPREGADOS, MI;0005;AUXILIO-ALIMENTACAO DE CIVIS;137548;AAL MANUTE;AUXILIO ALIMENTACAO;0100;RECURSOS ORDINARIOS;1;ORCAMENTO FISCAL;3;DESPESAS CORRENTES;3;OUTRAS DESPESAS CORRENTES;46;AUXILIO-ALIMENTACAO;339046;AUXILIO-ALIMENTACAO;339046-9;NAO SE APLICA;-9;NAO SE APLICA;-9;NAO SE APLICA;-9;NAO SE APLICA;NAO SE APLICA;-9;-9;-9;2018NECT - AUXILIO-ALIMENTACAO.;-9;NAO SE APLICA;;;;;(4.306.848,00);;;;;;;;;;;;;;;
14107;TRIBUNAL REGIONAL ELEITORAL DO DIST. FEDERAL;070025;TRIBUNAL REGIONAL ELEITORAL DO D. FEDERAL;023310570212B0053;212B;BENEFICIOS OBRIGATORIOS AOS SERVIDORES CIVIS, EMPREGADOS, MI;0005;AUXILIO-ALIMENTACAO DE CIVIS;137548;AAL MANUTE;AUXILIO ALIMENTACAO;0100;RECURSOS ORDINARIOS;1;ORCAMENTO FISCAL;3;DESPESAS CORRENTES;3;OUTRAS DESPESAS CORRENTES;46;AUXILIO-ALIMENTACAO;339046;AUXILIO-ALIMENTACAO;339046-9;NAO SE APLICA;-9;NAO SE APLICA;-9;NAO SE APLICA;-9;NAO SE APLICA;NAO SE APLICA;-9;-9;-9;ALTERACAO PARA EMISSAO DE NE. AUXILIO-ALIMENTACAO.;-9;NAO SE APLICA;4.306.848,00;4.306.848,00;;;4.306.848,00;;;;;;;;;;;;;;;
14107;TRIBUNAL REGIONAL ELEITORAL DO DIST. FEDERAL;070025;TRIBUNAL REGIONAL ELEITORAL DO D. FEDERAL;023310570212B0053;212B;BENEFICIOS OBRIGATORIOS AOS SERVIDORES CIVIS, EMPREGADOS, MI;0005;AUXILIO-ALIMENTACAO DE CIVIS;137548;AAL MANUTE;AUXILIO ALIMENTACAO;0100;RECURSOS ORDINARIOS;1;ORCAMENTO FISCAL;3;DESPESAS CORRENTES;3;OUTRAS DESPESAS CORRENTES;46;AUXILIO-ALIMENTACAO;339046;AUXILIO-ALIMENTACAO;33904601;AUXILIO-ALIMENTACAO CIVIS;5;GLOBAL;08;NAO SE APLICA;-8;03/01/2018;JAN/2018;2018;070025000012018NE000017;AUXILIO-ALIMENTACAO;2018NECT - AUXILIO-ALIMENTACAO.;070025;TRIBUNAL REGIONAL ELEITORAL DO D. FEDERAL;;;;;;;;4.306.848,00;;;;;;;;;;;;
14107;TRIBUNAL REGIONAL ELEITORAL DO DIST. FEDERAL;070025;TRIBUNAL REGIONAL ELEITORAL DO D. FEDERAL;023310570212B0053;212B;BENEFICIOS OBRIGATORIOS AOS SERVIDORES CIVIS, EMPREGADOS, MI;0005;AUXILIO-ALIMENTACAO DE CIVIS;137548;AAL MANUTE;AUXILIO ALIMENTACAO;0100;RECURSOS ORDINARIOS;1;ORCAMENTO FISCAL;3;DESPESAS CORRENTES;3;OUTRAS DESPESAS CORRENTES;46;AUXILIO-ALIMENTACAO;339046;AUXILIO-ALIMENTACAO;33904601;AUXILIO-ALIMENTACAO CIVIS;5;GLOBAL;08;NAO SE APLICA;-8;03/01/2018;JAN/2018;2018;070025000012018NE000017;AUXILIO-ALIMENTACAO;CANCELA;070025;TRIBUNAL REGIONAL ELEITORAL DO D. FEDERAL;;;;;;;;0,00;120,55;120,55;;;;;;;;;120,55;120,55
14107;TRIBUNAL REGIONAL ELEITORAL DO DIST. FEDERAL;070025;TRIBUNAL REGIONAL ELEITORAL DO D. FEDERAL;023310570212B0053;212B;BENEFICIOS OBRIGATORIOS AOS SERVIDORES CIVIS, EMPREGADOS, MI;0005;AUXILIO-ALIMENTACAO DE CIVIS;137548;AAL MANUTE;AUXILIO ALIMENTACAO;0100;RECURSOS ORDINARIOS;1;ORCAMENTO FISCAL;3;DESPESAS CORRENTES;3;OUTRAS DESPESAS CORRENTES;46;AUXILIO-ALIMENTACAO;339046;AUXILIO-ALIMENTACAO;33904601;AUXILIO-ALIMENTACAO CIVIS;5;GLOBAL;08;NAO SE APLICA;-8;03/01/2018;JAN/2018;2018;070025000012018NE000017;AUXILIO-ALIMENTACAO;DEVOLUCAO DE AUXILIO ALIMENTACAO DA SERVIDORA EVANIA DA SILVA OLIVEIRA.;070025;TRIBUNAL REGIONAL ELEITORAL DO D. FEDERAL;;;;;;;;0,00;(562,55);(562,55);;;;;;;;;(562,55);(562,55)
14107;TRIBUNAL REGIONAL ELEITORAL DO DIST. FEDERAL;070025;TRIBUNAL REGIONAL ELEITORAL DO D. FEDERAL;023310570212B0053;212B;BENEFICIOS OBRIGATORIOS AOS SERVIDORES CIVIS, EMPREGADOS, MI;0005;AUXILIO-ALIMENTACAO DE CIVIS;137548;AAL MANUTE;AUXILIO ALIMENTACAO;0100;RECURSOS ORDINARIOS;1;ORCAMENTO FISCAL;3;DESPESAS CORRENTES;3;OUTRAS DESPESAS CORRENTES;46;AUXILIO-ALIMENTACAO;339046;AUXILIO-ALIMENTACAO;33904601;AUXILIO-ALIMENTACAO CIVIS;5;GLOBAL;08;NAO SE APLICA;-8;03/01/2018;JAN/2018;2018;070025000012018NE000017;AUXILIO-ALIMENTACAO;DEVOLUCAO DE AUXILIO ALIMENTACAO DA SERVIDORA MARIA DAS DORES FERNANDES VILLAS BOAS.;070025;TRIBUNAL REGIONAL ELEITORAL DO D. FEDERAL;;;;;;;;0,00;(763,42);(763,42);;;;;;;;;(763,42);(763,42)
14107;TRIBUNAL REGIONAL ELEITORAL DO DIST. FEDERAL;070025;TRIBUNAL REGIONAL ELEITORAL DO D. FEDERAL;023310570212B0053;212B;BENEFICIOS OBRIGATORIOS AOS SERVIDORES CIVIS, EMPREGADOS, MI;0005;AUXILIO-ALIMENTACAO DE CIVIS;137548;AAL MANUTE;AUXILIO ALIMENTACAO;0100;RECURSOS ORDINARIOS;1;ORCAMENTO FISCAL;3;DESPESAS CORRENTES;3;OUTRAS DESPESAS CORRENTES;46;AUXILIO-ALIMENTACAO;339046;AUXILIO-ALIMENTACAO;33904601;AUXILIO-ALIMENTACAO CIVIS;5;GLOBAL;08;NAO SE APLICA;-8;03/01/2018;JAN/2018;2018;070025000012018NE000017;AUXILIO-ALIMENTACAO;DEVOLUCAO DE AUXILIO ALIMENTACAO DA SERVIDORA MARIA DULCE DE SOUZA MELO.;070025;TRIBUNAL REGIONAL ELEITORAL DO D. FEDERAL;;;;;;;;0,00;(642,91);(642,91);;;;;;;;;(642,91);(642,91)
14107;TRIBUNAL REGIONAL ELEITORAL DO DIST. FEDERAL;070025;TRIBUNAL REGIONAL ELEITORAL DO D. FEDERAL;023310570212B0053;212B;BENEFICIOS OBRIGATORIOS AOS SERVIDORES CIVIS, EMPREGADOS, MI;0005;AUXILIO-ALIMENTACAO DE CIVIS;137548;AAL MANUTE;AUXILIO ALIMENTACAO;0100;RECURSOS ORDINARIOS;1;ORCAMENTO FISCAL;3;DESPESAS CORRENTES;3;OUTRAS DESPESAS CORRENTES;46;AUXILIO-ALIMENTACAO;339046;AUXILIO-ALIMENTACAO;33904601;AUXILIO-ALIMENTACAO CIVIS;5;GLOBAL;08;NAO SE APLICA;-8;03/01/2018;JAN/2018;2018;070025000012018NE000017;AUXILIO-ALIMENTACAO;DEVOLUCAO DE AUXILIO ALIMENTACAO DO SERVIDOR ADEILTO GALVAO DA SILVA.;070025;TRIBUNAL REGIONAL ELEITORAL DO D. FEDERAL;;;;;;;;0,00;(1.768,00);(1.768,00);;;;;;;;;(1.768,00);(1.768,00)
14107;TRIBUNAL REGIONAL ELEITORAL DO DIST. FEDERAL;070025;TRIBUNAL REGIONAL ELEITORAL DO D. FEDERAL;023310570212B0053;212B;BENEFICIOS OBRIGATORIOS AOS SERVIDORES CIVIS, EMPREGADOS, MI;0005;AUXILIO-ALIMENTACAO DE CIVIS;137548;AAL MANUTE;AUXILIO ALIMENTACAO;0100;RECURSOS ORDINARIOS;1;ORCAMENTO FISCAL;3;DESPESAS CORRENTES;3;OUTRAS DESPESAS CORRENTES;46;AUXILIO-ALIMENTACAO;339046;AUXILIO-ALIMENTACAO;33904601;AUXILIO-ALIMENTACAO CIVIS;5;GLOBAL;08;NAO SE APLICA;-8;03/01/2018;JAN/2018;2018;070025000012018NE000017;AUXILIO-ALIMENTACAO;DEVOLUCAO DE AUXILIO ALIMENTACAO DO SERVIDOR EMERSON CARLOS PARENTE MACIEL DA SILVA.;070025;TRIBUNAL REGIONAL ELEITORAL DO D. FEDERAL;;;;;;;;0,00;(321,44);(321,44);;;;;;;;;(321,44);(321,44)
14107;TRIBUNAL REGIONAL ELEITORAL DO DIST. FEDERAL;070025;TRIBUNAL REGIONAL ELEITORAL DO D. FEDERAL;023310570212B0053;212B;BENEFICIOS OBRIGATORIOS AOS SERVIDORES CIVIS, EMPREGADOS, MI;0005;AUXILIO-ALIMENTACAO DE CIVIS;137548;AAL MANUTE;AUXILIO ALIMENTACAO;0100;RECURSOS ORDINARIOS;1;ORCAMENTO FISCAL;3;DESPESAS CORRENTES;3;OUTRAS DESPESAS CORRENTES;46;AUXILIO-ALIMENTACAO;339046;AUXILIO-ALIMENTACAO;33904601;AUXILIO-ALIMENTACAO CIVIS;5;GLOBAL;08;NAO SE APLICA;-8;03/01/2018;JAN/2018;2018;070025000012018NE000017;AUXILIO-ALIMENTACAO;DEVOLUCAO DE AUXILIO ALIMENTACAO DO SERVIDOR NORMANDI VITOR SILVA.;070025;TRIBUNAL REGIONAL ELEITORAL DO D. FEDERAL;;;;;;;;0,00;(1.446,52);(1.446,52);;;;;;;;;(1.446,52);(1.446,52)
14107;TRIBUNAL REGIONAL ELEITORAL DO DIST. FEDERAL;070025;TRIBUNAL REGIONAL ELEITORAL DO D. FEDERAL;023310570212B0053;212B;BENEFICIOS OBRIGATORIOS AOS SERVIDORES CIVIS, EMPREGADOS, MI;0005;AUXILIO-ALIMENTACAO DE CIVIS;137548;AAL MANUTE;AUXILIO ALIMENTACAO;0100;RECURSOS ORDINARIOS;1;ORCAMENTO FISCAL;3;DESPESAS CORRENTES;3;OUTRAS DESPESAS CORRENTES;46;AUXILIO-ALIMENTACAO;339046;AUXILIO-ALIMENTACAO;33904601;AUXILIO-ALIMENTACAO CIVIS;5;GLOBAL;08;NAO SE APLICA;-8;03/01/2018;JAN/2018;2018;070025000012018NE000017;AUXILIO-ALIMENTACAO;DEVOLUCAO DE AUXILIO ALIMENTACAO E DE PRE-ESCOLAR DO SERVIDOR ALCEU DE SOUZA ROCHA FILHO.;070025;TRIBUNAL REGIONAL ELEITORAL DO D. FEDERAL;;;;;;;;0,00;(1.004,54);(1.004,54);;;;;;;;;(1.004,54);(1.004,54)
14107;TRIBUNAL REGIONAL ELEITORAL DO DIST. FEDERAL;070025;TRIBUNAL REGIONAL ELEITORAL DO D. FEDERAL;023310570212B0053;212B;BENEFICIOS OBRIGATORIOS AOS SERVIDORES CIVIS, EMPREGADOS, MI;0005;AUXILIO-ALIMENTACAO DE CIVIS;137548;AAL MANUTE;AUXILIO ALIMENTACAO;0100;RECURSOS ORDINARIOS;1;ORCAMENTO FISCAL;3;DESPESAS CORRENTES;3;OUTRAS DESPESAS CORRENTES;46;AUXILIO-ALIMENTACAO;339046;AUXILIO-ALIMENTACAO;33904601;AUXILIO-ALIMENTACAO CIVIS;5;GLOBAL;08;NAO SE APLICA;-8;03/01/2018;JAN/2018;2018;070025000012018NE000017;AUXILIO-ALIMENTACAO;FOLHA DE PAGAMENTO DE SERVIDORES ATIVOS REFERENTE AO MES DE ABRIL DE 2018 - PA SEI 0001951-48.2018.6.07.8100;070025;TRIBUNAL REGIONAL ELEITORAL DO D. FEDERAL;;;;;;;;0,00;374.160,93;;;;;;;;;;374.160,93;
14107;TRIBUNAL REGIONAL ELEITORAL DO DIST. FEDERAL;070025;TRIBUNAL REGIONAL ELEITORAL DO D. FEDERAL;023310570212B0053;212B;BENEFICIOS OBRIGATORIOS AOS SERVIDORES CIVIS, EMPREGADOS, MI;0005;AUXILIO-ALIMENTACAO DE CIVIS;137548;AAL MANUTE;AUXILIO ALIMENTACAO;0100;RECURSOS ORDINARIOS;1;ORCAMENTO FISCAL;3;DESPESAS CORRENTES;3;OUTRAS DESPESAS CORRENTES;46;AUXILIO-ALIMENTACAO;339046;AUXILIO-ALIMENTACAO;33904601;AUXILIO-ALIMENTACAO CIVIS;5;GLOBAL;08;NAO SE APLICA;-8;03/01/2018;JAN/2018;2018;070025000012018NE000017;AUXILIO-ALIMENTACAO;FOLHA DE PAGAMENTO DE SERVIDORES ATIVOS REFERENTE AO MES DE ABRIL DE 2018 - PA SEI 0001951-48.2018.6.07.8100. DADOS BANCARIOS BANCO DO BRASIL.;070025;TRIBUNAL REGIONAL ELEITORAL DO D. FEDERAL;;;;;;;;0,00;0,00;374.160,93;;;;;;;;;0,00;374.160,93
14107;TRIBUNAL REGIONAL ELEITORAL DO DIST. FEDERAL;070025;TRIBUNAL REGIONAL ELEITORAL DO D. FEDERAL;023310570212B0053;212B;BENEFICIOS OBRIGATORIOS AOS SERVIDORES CIVIS, EMPREGADOS, MI;0005;AUXILIO-ALIMENTACAO DE CIVIS;137548;AAL MANUTE;AUXILIO ALIMENTACAO;0100;RECURSOS ORDINARIOS;1;ORCAMENTO FISCAL;3;DESPESAS CORRENTES;3;OUTRAS DESPESAS CORRENTES;46;AUXILIO-ALIMENTACAO;339046;AUXILIO-ALIMENTACAO;33904601;AUXILIO-ALIMENTACAO CIVIS;5;GLOBAL;08;NAO SE APLICA;-8;03/01/2018;JAN/2018;2018;070025000012018NE000017;AUXILIO-ALIMENTACAO;FOLHA DE PAGAMENTO DE SERVIDORES ATIVOS REFERENTE AO MES DE FEVEREIRO DE 2018 - PA SEI 0000707-84.2018.6.07.8100;070025;TRIBUNAL REGIONAL ELEITORAL DO D. FEDERAL;;;;;;;;0,00;377.617,36;;;;;;;;;;377.617,36;
14107;TRIBUNAL REGIONAL ELEITORAL DO DIST. FEDERAL;070025;TRIBUNAL REGIONAL ELEITORAL DO D. FEDERAL;023310570212B0053;212B;BENEFICIOS OBRIGATORIOS AOS SERVIDORES CIVIS, EMPREGADOS, MI;0005;AUXILIO-ALIMENTACAO DE CIVIS;137548;AAL MANUTE;AUXILIO ALIMENTACAO;0100;RECURSOS ORDINARIOS;1;ORCAMENTO FISCAL;3;DESPESAS CORRENTES;3;OUTRAS DESPESAS CORRENTES;46;AUXILIO-ALIMENTACAO;339046;AUXILIO-ALIMENTACAO;33904601;AUXILIO-ALIMENTACAO CIVIS;5;GLOBAL;08;NAO SE APLICA;-8;03/01/2018;JAN/2018;2018;070025000012018NE000017;AUXILIO-ALIMENTACAO;FOLHA DE PAGAMENTO DE SERVIDORES ATIVOS REFERENTE AO MES DE FEVEREIRO DE 2018 - PA SEI 0000707-84.2018.6.07.8100. DADOS BANCARIOS BANCO DO BRASIL.;070025;TRIBUNAL REGIONAL ELEITORAL DO D. FEDERAL;;;;;;;;0,00;0,00;281.782,86;;;;;;;;;0,00;281.782,86
14107;TRIBUNAL REGIONAL ELEITORAL DO DIST. FEDERAL;070025;TRIBUNAL REGIONAL ELEITORAL DO D. FEDERAL;023310570212B0053;212B;BENEFICIOS OBRIGATORIOS AOS SERVIDORES CIVIS, EMPREGADOS, MI;0005;AUXILIO-ALIMENTACAO DE CIVIS;137548;AAL MANUTE;AUXILIO ALIMENTACAO;0100;RECURSOS ORDINARIOS;1;ORCAMENTO FISCAL;3;DESPESAS CORRENTES;3;OUTRAS DESPESAS CORRENTES;46;AUXILIO-ALIMENTACAO;339046;AUXILIO-ALIMENTACAO;33904601;AUXILIO-ALIMENTACAO CIVIS;5;GLOBAL;08;NAO SE APLICA;-8;03/01/2018;JAN/2018;2018;070025000012018NE000017;AUXILIO-ALIMENTACAO;FOLHA DE PAGAMENTO DE SERVIDORES ATIVOS REFERENTE AO MES DE FEVEREIRO DE 2018 - PA SEI 0000707-84.2018.6.07.8100. DADOS BANCARIOS BANCO ITAU.;070025;TRIBUNAL REGIONAL ELEITORAL DO D. FEDERAL;;;;;;;;0,00;0,00;95.834,50;;;;;;;;;0,00;95.834,50
14107;TRIBUNAL REGIONAL ELEITORAL DO DIST. FEDERAL;070025;TRIBUNAL REGIONAL ELEITORAL DO D. FEDERAL;023310570212B0053;212B;BENEFICIOS OBRIGATORIOS AOS SERVIDORES CIVIS, EMPREGADOS, MI;0005;AUXILIO-ALIMENTACAO DE CIVIS;137548;AAL MANUTE;AUXILIO ALIMENTACAO;0100;RECURSOS ORDINARIOS;1;ORCAMENTO FISCAL;3;DESPESAS CORRENTES;3;OUTRAS DESPESAS CORRENTES;46;AUXILIO-ALIMENTACAO;339046;AUXILIO-ALIMENTACAO;33904601;AUXILIO-ALIMENTACAO CIVIS;5;GLOBAL;08;NAO SE APLICA;-8;03/01/2018;JAN/2018;2018;070025000012018NE000017;AUXILIO-ALIMENTACAO;FOLHA DE PAGAMENTO DE SERVIDORES ATIVOS REFERENTE AO MES DE JANEIRO DE 2018 - PA SEI 0000050-45.2018.6.07.8100;070025;TRIBUNAL REGIONAL ELEITORAL DO D. FEDERAL;;;;;;;;0,00;371.389,24;;;;;;;;;;371.389,24;
14107;TRIBUNAL REGIONAL ELEITORAL DO DIST. FEDERAL;070025;TRIBUNAL REGIONAL ELEITORAL DO D. FEDERAL;023310570212B0053;212B;BENEFICIOS OBRIGATORIOS AOS SERVIDORES CIVIS, EMPREGADOS, MI;0005;AUXILIO-ALIMENTACAO DE CIVIS;137548;AAL MANUTE;AUXILIO ALIMENTACAO;0100;RECURSOS ORDINARIOS;1;ORCAMENTO FISCAL;3;DESPESAS CORRENTES;3;OUTRAS DESPESAS CORRENTES;46;AUXILIO-ALIMENTACAO;339046;AUXILIO-ALIMENTACAO;33904601;AUXILIO-ALIMENTACAO CIVIS;5;GLOBAL;08;NAO SE APLICA;-8;03/01/2018;JAN/2018;2018;070025000012018NE000017;AUXILIO-ALIMENTACAO;FOLHA DE PAGAMENTO DE SERVIDORES ATIVOS REFERENTE AO MES DE JANEIRO DE 2018 - PA SEI 0000050-45.2018.6.07.8100. DADOS BANCARIOS BANCO CEF;070025;TRIBUNAL REGIONAL ELEITORAL DO D. FEDERAL;;;;;;;;0,00;0,00;220.462,59;;;;;;;;;0,00;220.462,59
14107;TRIBUNAL REGIONAL ELEITORAL DO DIST. FEDERAL;070025;TRIBUNAL REGIONAL ELEITORAL DO D. FEDERAL;023310570212B0053;212B;BENEFICIOS OBRIGATORIOS AOS SERVIDORES CIVIS, EMPREGADOS, MI;0005;AUXILIO-ALIMENTACAO DE CIVIS;137548;AAL MANUTE;AUXILIO ALIMENTACAO;0100;RECURSOS ORDINARIOS;1;ORCAMENTO FISCAL;3;DESPESAS CORRENTES;3;OUTRAS DESPESAS CORRENTES;46;AUXILIO-ALIMENTACAO;339046;AUXILIO-ALIMENTACAO;33904601;AUXILIO-ALIMENTACAO CIVIS;5;GLOBAL;08;NAO SE APLICA;-8;03/01/2018;JAN/2018;2018;070025000012018NE000017;AUXILIO-ALIMENTACAO;FOLHA DE PAGAMENTO DE SERVIDORES ATIVOS REFERENTE AO MES DE JANEIRO DE 2018 - PA SEI 0000050-45.2018.6.07.8100. DADOS BANCARIOS ITAU;070025;TRIBUNAL REGIONAL ELEITORAL DO D. FEDERAL;;;;;;;;0,00;0,00;150.926,65;;;;;;;;;0,00;150.926,65
14107;TRIBUNAL REGIONAL ELEITORAL DO DIST. FEDERAL;070025;TRIBUNAL REGIONAL ELEITORAL DO D. FEDERAL;023310570212B0053;212B;BENEFICIOS OBRIGATORIOS AOS SERVIDORES CIVIS, EMPREGADOS, MI;0005;AUXILIO-ALIMENTACAO DE CIVIS;137548;AAL MANUTE;AUXILIO ALIMENTACAO;0100;RECURSOS ORDINARIOS;1;ORCAMENTO FISCAL;3;DESPESAS CORRENTES;3;OUTRAS DESPESAS CORRENTES;46;AUXILIO-ALIMENTACAO;339046;AUXILIO-ALIMENTACAO;33904601;AUXILIO-ALIMENTACAO CIVIS;5;GLOBAL;08;NAO SE APLICA;-8;03/01/2018;JAN/2018;2018;070025000012018NE000017;AUXILIO-ALIMENTACAO;FOLHA DE PAGAMENTO DE SERVIDORES ATIVOS REFERENTE AO MES DE MAIO DE 2018 - PA SEI 0002530-93.2018.6.07.8100.;070025;TRIBUNAL REGIONAL ELEITORAL DO D. FEDERAL;;;;;;;;0,00;370.505,24;;;;;;;;;;370.505,24;
14107;TRIBUNAL REGIONAL ELEITORAL DO DIST. FEDERAL;070025;TRIBUNAL REGIONAL ELEITORAL DO D. FEDERAL;023310570212B0053;212B;BENEFICIOS OBRIGATORIOS AOS SERVIDORES CIVIS, EMPREGADOS, MI;0005;AUXILIO-ALIMENTACAO DE CIVIS;137548;AAL MANUTE;AUXILIO ALIMENTACAO;0100;RECURSOS ORDINARIOS;1;ORCAMENTO FISCAL;3;DESPESAS CORRENTES;3;OUTRAS DESPESAS CORRENTES;46;AUXILIO-ALIMENTACAO;339046;AUXILIO-ALIMENTACAO;33904601;AUXILIO-ALIMENTACAO CIVIS;5;GLOBAL;08;NAO SE APLICA;-8;03/01/2018;JAN/2018;2018;070025000012018NE000017;AUXILIO-ALIMENTACAO;FOLHA DE PAGAMENTO DE SERVIDORES ATIVOS REFERENTE AO MES DE MARCO DE 2018 - PA SEI 0001307-08.2018.6.07.8100;070025;TRIBUNAL REGIONAL ELEITORAL DO D. FEDERAL;;;;;;;;0,00;370.505,24;;;;;;;;;;370.505,24;
14107;TRIBUNAL REGIONAL ELEITORAL DO DIST. FEDERAL;070025;TRIBUNAL REGIONAL ELEITORAL DO D. FEDERAL;023310570212B0053;212B;BENEFICIOS OBRIGATORIOS AOS SERVIDORES CIVIS, EMPREGADOS, MI;0005;AUXILIO-ALIMENTACAO DE CIVIS;137548;AAL MANUTE;AUXILIO ALIMENTACAO;0100;RECURSOS ORDINARIOS;1;ORCAMENTO FISCAL;3;DESPESAS CORRENTES;3;OUTRAS DESPESAS CORRENTES;46;AUXILIO-ALIMENTACAO;339046;AUXILIO-ALIMENTACAO;33904601;AUXILIO-ALIMENTACAO CIVIS;5;GLOBAL;08;NAO SE APLICA;-8;03/01/2018;JAN/2018;2018;070025000012018NE000017;AUXILIO-ALIMENTACAO;FOLHA DE PAGAMENTO DE SERVIDORES ATIVOS REFERENTE AO MES DE MARCO DE 2018 - PA SEI 0001307-08.2018.6.07.8100.  VALOR DA CEF.;070025;TRIBUNAL REGIONAL ELEITORAL DO D. FEDERAL;;;;;;;;0,00;0,00;276.687,01;;;;;;;;;0,00;276.687,01
14107;TRIBUNAL REGIONAL ELEITORAL DO DIST. FEDERAL;070025;TRIBUNAL REGIONAL ELEITORAL DO D. FEDERAL;023310570212B0053;212B;BENEFICIOS OBRIGATORIOS AOS SERVIDORES CIVIS, EMPREGADOS, MI;0005;AUXILIO-ALIMENTACAO DE CIVIS;137548;AAL MANUTE;AUXILIO ALIMENTACAO;0100;RECURSOS ORDINARIOS;1;ORCAMENTO FISCAL;3;DESPESAS CORRENTES;3;OUTRAS DESPESAS CORRENTES;46;AUXILIO-ALIMENTACAO;339046;AUXILIO-ALIMENTACAO;33904601;AUXILIO-ALIMENTACAO CIVIS;5;GLOBAL;08;NAO SE APLICA;-8;03/01/2018;JAN/2018;2018;070025000012018NE000017;AUXILIO-ALIMENTACAO;FOLHA DE PAGAMENTO DE SERVIDORES ATIVOS REFERENTE AO MES DE MARCO DE 2018 - PA SEI 0001307-08.2018.6.07.8100.  VALOR DO ITAU.;070025;TRIBUNAL REGIONAL ELEITORAL DO D. FEDERAL;;;;;;;;0,00;0,00;93.818,23;;;;;;;;;0,00;93.818,23
14107;TRIBUNAL REGIONAL ELEITORAL DO DIST. FEDERAL;070025;TRIBUNAL REGIONAL ELEITORAL DO D. FEDERAL;023310570212B0053;212B;BENEFICIOS OBRIGATORIOS AOS SERVIDORES CIVIS, EMPREGADOS, MI;0005;AUXILIO-ALIMENTACAO DE CIVIS;137548;AAL MANUTE;AUXILIO ALIMENTACAO;0100;RECURSOS ORDINARIOS;1;ORCAMENTO FISCAL;3;DESPESAS CORRENTES;3;OUTRAS DESPESAS CORRENTES;46;AUXILIO-ALIMENTACAO;339046;AUXILIO-ALIMENTACAO;33904601;AUXILIO-ALIMENTACAO CIVIS;5;GLOBAL;08;NAO SE APLICA;-8;03/01/2018;JAN/2018;2018;070025000012018NE000017;AUXILIO-ALIMENTACAO;FOLHA DE PAGAMENTO DO MES DE  JANEIRO/2018 DOS SERVIDORES ATIVOS. PA 0000050-45.2018.6.07.8100. CANCELAMENTOS PARA ACERTO DE ERRO DE APROPRIACAO;070025;TRIBUNAL REGIONAL ELEITORAL DO D. FEDERAL;;;;;;;;0,00;(371.389,24);;;;;;;;;;(371.389,24);
14107;TRIBUNAL REGIONAL ELEITORAL DO DIST. FEDERAL;070025;TRIBUNAL REGIONAL ELEITORAL DO D. FEDERAL;023310570212B0053;212B;BENEFICIOS OBRIGATORIOS AOS SERVIDORES CIVIS, EMPREGADOS, MI;0005;AUXILIO-ALIMENTACAO DE CIVIS;137548;AAL MANUTE;AUXILIO ALIMENTACAO;0100;RECURSOS ORDINARIOS;1;ORCAMENTO FISCAL;3;DESPESAS CORRENTES;3;OUTRAS DESPESAS CORRENTES;46;AUXILIO-ALIMENTACAO;339046;AUXILIO-ALIMENTACAO;33904601;AUXILIO-ALIMENTACAO CIVIS;5;GLOBAL;08;NAO SE APLICA;-8;03/01/2018;JAN/2018;2018;070025000012018NE000017;AUXILIO-ALIMENTACAO;FOLHA DE PAGAMENTO DO MES DE  JANEIRO/2018 DOS SERVIDORES ATIVOS. PA 0000050-45.2018.6.07.8100.CUSTEIO, BENEFICIOS, LIVRE ESCOLHA, AUXILIOS;070025;TRIBUNAL REGIONAL ELEITORAL DO D. FEDERAL;;;;;;;;0,00;371.389,24;;;;;;;;;;371.389,24;
14107;TRIBUNAL REGIONAL ELEITORAL DO DIST. FEDERAL;070025;TRIBUNAL REGIONAL ELEITORAL DO D. FEDERAL;023310570212B0053;212B;BENEFICIOS OBRIGATORIOS AOS SERVIDORES CIVIS, EMPREGADOS, MI;0005;AUXILIO-ALIMENTACAO DE CIVIS;137548;AAL MANUTE;AUXILIO ALIMENTACAO;0100;RECURSOS ORDINARIOS;1;ORCAMENTO FISCAL;3;DESPESAS CORRENTES;3;OUTRAS DESPESAS CORRENTES;46;AUXILIO-ALIMENTACAO;339046;AUXILIO-ALIMENTACAO;33904601;AUXILIO-ALIMENTACAO CIVIS;5;GLOBAL;08;NAO SE APLICA;-8;03/01/2018;JAN/2018;2018;070025000012018NE000017;AUXILIO-ALIMENTACAO;PAGTO 2,5 DIARIAS PARA PARTICIPACAO NO WORKSHOP SOBRE INFRAESTRUTURA HIPERCORVERGENTE, DE 6 A 8/3/2018 EM PALMAS/TO. PA 1173-78.2018;070025;TRIBUNAL REGIONAL ELEITORAL DO D. FEDERAL;;;;;;;;0,00;(241,10);(241,10);;;;;;;;;(241,10);(241,10)
14107;TRIBUNAL REGIONAL ELEITORAL DO DIST. FEDERAL;070025;TRIBUNAL REGIONAL ELEITORAL DO D. FEDERAL;023310570212B0053;212B;BENEFICIOS OBRIGATORIOS AOS SERVIDORES CIVIS, EMPREGADOS, MI;0005;AUXILIO-ALIMENTACAO DE CIVIS;137548;AAL MANUTE;AUXILIO ALIMENTACAO;0100;RECURSOS ORDINARIOS;1;ORCAMENTO FISCAL;3;DESPESAS CORRENTES;3;OUTRAS DESPESAS CORRENTES;46;AUXILIO-ALIMENTACAO;339046;AUXILIO-ALIMENTACAO;33904601;AUXILIO-ALIMENTACAO CIVIS;5;GLOBAL;08;NAO SE APLICA;-8;03/01/2018;JAN/2018;2018;070025000012018NE000017;AUXILIO-ALIMENTACAO;PAGTO 2,5 DIARIAS PARA PARTICIPAR DO CONGRESSO INTERNACIONAL DE DIREITO ELEITORAL, DIAS 17 A 19/5/2018, EM CAMPO GRANDE/MS. PA 2408-71.2018;070025;TRIBUNAL REGIONAL ELEITORAL DO D. FEDERAL;;;;;;;;0,00;(80,36);(80,36);;;;;;;;;(80,36);(80,36)
14107;TRIBUNAL REGIONAL ELEITORAL DO DIST. FEDERAL;070025;TRIBUNAL REGIONAL ELEITORAL DO D. FEDERAL;023310570212B0053;212B;BENEFICIOS OBRIGATORIOS AOS SERVIDORES CIVIS, EMPREGADOS, MI;0005;AUXILIO-ALIMENTACAO DE CIVIS;137548;AAL MANUTE;AUXILIO ALIMENTACAO;0100;RECURSOS ORDINARIOS;1;ORCAMENTO FISCAL;3;DESPESAS CORRENTES;3;OUTRAS DESPESAS CORRENTES;46;AUXILIO-ALIMENTACAO;339046;AUXILIO-ALIMENTACAO;33904601;AUXILIO-ALIMENTACAO CIVIS;5;GLOBAL;08;NAO SE APLICA;-8;03/01/2018;JAN/2018;2018;070025000012018NE000017;AUXILIO-ALIMENTACAO;PAGTO 3,5 DIARIAS PARA  ENCONTRO DO COLEGIO DE PRESIDENTES DOS TRIBUNAIS REGIONAIS ELEITORAIS - COPTREL, A SER REALIZADO EM BENTO GONCALVES/RS NOS DIAS 12 E 13 DE ABRIL DE 2018. PA 489-5.2018;070025;TRIBUNAL REGIONAL ELEITORAL DO D. FEDERAL;;;;;;;;0,00;(241,10);(241,10);;;;;;;;;(241,10);(241,10)
14107;TRIBUNAL REGIONAL ELEITORAL DO DIST. FEDERAL;070025;TRIBUNAL REGIONAL ELEITORAL DO D. FEDERAL;023310570212B0053;212B;BENEFICIOS OBRIGATORIOS AOS SERVIDORES CIVIS, EMPREGADOS, MI;0005;AUXILIO-ALIMENTACAO DE CIVIS;137548;AAL MANUTE;AUXILIO ALIMENTACAO;0100;RECURSOS ORDINARIOS;1;ORCAMENTO FISCAL;3;DESPESAS CORRENTES;3;OUTRAS DESPESAS CORRENTES;46;AUXILIO-ALIMENTACAO;339046;AUXILIO-ALIMENTACAO;33904601;AUXILIO-ALIMENTACAO CIVIS;5;GLOBAL;08;NAO SE APLICA;-8;03/01/2018;JAN/2018;2018;070025000012018NE000017;AUXILIO-ALIMENTACAO;PAGTO 3,5 DIARIAS PARA PARTICIPACAO NO EVENTO DESENVOLVE JE, 8 E 9/3/2018 EM BELEM/PA. PA 0916-53.2018;070025;TRIBUNAL REGIONAL ELEITORAL DO D. FEDERAL;;;;;;;;0,00;(120,55);(120,55);;;;;;;;;(120,55);(120,55)
14107;TRIBUNAL REGIONAL ELEITORAL DO DIST. FEDERAL;070025;TRIBUNAL REGIONAL ELEITORAL DO D. FEDERAL;023310570212B0053;212B;BENEFICIOS OBRIGATORIOS AOS SERVIDORES CIVIS, EMPREGADOS, MI;0005;AUXILIO-ALIMENTACAO DE CIVIS;137548;AAL MANUTE;AUXILIO ALIMENTACAO;0100;RECURSOS ORDINARIOS;1;ORCAMENTO FISCAL;3;DESPESAS CORRENTES;3;OUTRAS DESPESAS CORRENTES;46;AUXILIO-ALIMENTACAO;339046;AUXILIO-ALIMENTACAO;33904601;AUXILIO-ALIMENTACAO CIVIS;5;GLOBAL;08;NAO SE APLICA;-8;03/01/2018;JAN/2018;2018;070025000012018NE000017;AUXILIO-ALIMENTACAO;PAGTO 3,5 DIARIAS PARA PARTICIPACAO NO TREINAMENTO VEEAM, DE 18 A 22/2/2018 EM SAO PAULO-SP. PA 5589-26.2017;070025;TRIBUNAL REGIONAL ELEITORAL DO D. FEDERAL;;;;;;;;0,00;(120,55);(120,55);;;;;;;;;(120,55);(120,55)
14107;TRIBUNAL REGIONAL ELEITORAL DO DIST. FEDERAL;070025;TRIBUNAL REGIONAL ELEITORAL DO D. FEDERAL;023310570212B0053;212B;BENEFICIOS OBRIGATORIOS AOS SERVIDORES CIVIS, EMPREGADOS, MI;0005;AUXILIO-ALIMENTACAO DE CIVIS;137548;AAL MANUTE;AUXILIO ALIMENTACAO;0100;RECURSOS ORDINARIOS;1;ORCAMENTO FISCAL;3;DESPESAS CORRENTES;3;OUTRAS DESPESAS CORRENTES;46;AUXILIO-ALIMENTACAO;339046;AUXILIO-ALIMENTACAO;33904601;AUXILIO-ALIMENTACAO CIVIS;5;GLOBAL;08;NAO SE APLICA;-8;03/01/2018;JAN/2018;2018;070025000012018NE000017;AUXILIO-ALIMENTACAO;PAGTO 4,5 DIARIAS PARA TESTE EM CAMPO DOS SISTEMAS DE CANDIDATURAS E PROPAGANDA ELEITORAL 2018, NO PERIODO DE DE 14 A 18 DE MAIO DE 2018, NO TRE-RO. PA 1941-04.2018;070025;TRIBUNAL REGIONAL ELEITORAL DO D. FEDERAL;;;;;;;;0,00;(160,72);(160,72);;;;;;;;;(160,72);(160,72)
14107;TRIBUNAL REGIONAL ELEITORAL DO DIST. FEDERAL;070025;TRIBUNAL REGIONAL ELEITORAL DO D. FEDERAL;023310570212B0053;212B;BENEFICIOS OBRIGATORIOS AOS SERVIDORES CIVIS, EMPREGADOS, MI;0005;AUXILIO-ALIMENTACAO DE CIVIS;137548;AAL MANUTE;AUXILIO ALIMENTACAO;0100;RECURSOS ORDINARIOS;1;ORCAMENTO FISCAL;3;DESPESAS CORRENTES;3;OUTRAS DESPESAS CORRENTES;46;AUXILIO-ALIMENTACAO;339046;AUXILIO-ALIMENTACAO;33904601;AUXILIO-ALIMENTACAO CIVIS;5;GLOBAL;08;NAO SE APLICA;-8;03/01/2018;JAN/2018;2018;070025000012018NE000017;AUXILIO-ALIMENTACAO;PAGTO 5,5 DIARIAS PARA PARTICIPACAO NO 13O. CONGRESSO BRASILEIRO DE PREGOEIROS, 19 A 22/03/2018 EM FOZ DO IGUACU/PR. PA 5921-90.2017;070025;TRIBUNAL REGIONAL ELEITORAL DO D. FEDERAL;;;;;;;;0,00;(401,82);(401,82);;;;;;;;;(401,82);(401,82)
14107;TRIBUNAL REGIONAL ELEITORAL DO DIST. FEDERAL;070025;TRIBUNAL REGIONAL ELEITORAL DO D. FEDERAL;023310570212B0053;212B;BENEFICIOS OBRIGATORIOS AOS SERVIDORES CIVIS, EMPREGADOS, MI;0005;AUXILIO-ALIMENTACAO DE CIVIS;137548;AAL MANUTE;AUXILIO ALIMENTACAO;0100;RECURSOS ORDINARIOS;1;ORCAMENTO FISCAL;3;DESPESAS CORRENTES;3;OUTRAS DESPESAS CORRENTES;46;AUXILIO-ALIMENTACAO;339046;AUXILIO-ALIMENTACAO;33904601;AUXILIO-ALIMENTACAO CIVIS;5;GLOBAL;08;NAO SE APLICA;-8;03/01/2018;JAN/2018;2018;070025000012018NE000017;AUXILIO-ALIMENTACAO;PAGTO 5,5 DIARIAS PARA TESTE EM CAMPO DOS SISTEMAS DE CANDIDATURAS E PROPAGANDA ELEITORAL 2018, NO PERIODO DE 18 A 23 DE MARCO DE 2018, EM GOIANIA-GO. PA 976-26.2018;070025;TRIBUNAL REGIONAL ELEITORAL DO D. FEDERAL;;;;;;;;0,00;(401,80);(401,80);;;;;;;;;(401,80);(401,80)
14107;TRIBUNAL REGIONAL ELEITORAL DO DIST. FEDERAL;070025;TRIBUNAL REGIONAL ELEITORAL DO D. FEDERAL;023310570212B0053;212B;BENEFICIOS OBRIGATORIOS AOS SERVIDORES CIVIS, EMPREGADOS, MI;0005;AUXILIO-ALIMENTACAO DE CIVIS;137548;AAL MANUTE;AUXILIO ALIMENTACAO;0100;RECURSOS ORDINARIOS;1;ORCAMENTO FISCAL;3;DESPESAS CORRENTES;3;OUTRAS DESPESAS CORRENTES;46;AUXILIO-ALIMENTACAO;339046;AUXILIO-ALIMENTACAO;33904601;AUXILIO-ALIMENTACAO CIVIS;5;GLOBAL;08;NAO SE APLICA;-8;03/01/2018;JAN/2018;2018;070025000012018NE000017;AUXILIO-ALIMENTACAO;PAGTO 6,5 DIARIAS PARA TESTE EM CAMPO DOS SISTEMAS DE CANDIDATURAS E PROPAGANDA ELEITORAL 2018, NO PERIODO DE DE 14 A 18 DE MAIO DE 2018, NO TRE-RO. PA 1941-04.2018.;070025;TRIBUNAL REGIONAL ELEITORAL DO D. FEDERAL;;;;;;;;0,00;(200,90);(200,90);;;;;;;;;(200,90);(200,90)
14107;TRIBUNAL REGIONAL ELEITORAL DO DIST. FEDERAL;070025;TRIBUNAL REGIONAL ELEITORAL DO D. FEDERAL;023310570212B0053;212B;BENEFICIOS OBRIGATORIOS AOS SERVIDORES CIVIS, EMPREGADOS, MI;0009;AUXILIO-FUNERAL E NATALIDADE DE CIVIS;137549;-8;SEM INFORMACAO;0100;RECURSOS ORDINARIOS;1;ORCAMENTO FISCAL;3;DESPESAS CORRENTES;3;OUTRAS DESPESAS CORRENTES;00;[A DETALHAR];339000;APLICACOES DIRETAS;339000-9;NAO SE APLICA;-9;NAO SE APLICA;-9;NAO SE APLICA;-9;NAO SE APLICA;NAO SE APLICA;-9;-9;-9;ALTERACAO PARA EMISSAO DE NE. AUXILIOS NATALIDADE, FUNERAL ATIVO E FUNERAL INATIVO.;-9;NAO SE APLICA;(112.788,00);(112.788,00);;;(112.788,00);;;;;;;;;;;;;;;
14107;TRIBUNAL REGIONAL ELEITORAL DO DIST. FEDERAL;070025;TRIBUNAL REGIONAL ELEITORAL DO D. FEDERAL;023310570212B0053;212B;BENEFICIOS OBRIGATORIOS AOS SERVIDORES CIVIS, EMPREGADOS, MI;0009;AUXILIO-FUNERAL E NATALIDADE DE CIVIS;137549;-8;SEM INFORMACAO;0100;RECURSOS ORDINARIOS;1;ORCAMENTO FISCAL;3;DESPESAS CORRENTES;3;OUTRAS DESPESAS CORRENTES;00;[A DETALHAR];339000;APLICACOES DIRETAS;339000-9;NAO SE APLICA;-9;NAO SE APLICA;-9;NAO SE APLICA;-9;NAO SE APLICA;NAO SE APLICA;-9;-9;-9;DOCUMENTO LANCADO PELA FITA SOF ESB0009;-9;NAO SE APLICA;112.788,00;112.788,00;;;112.788,00;;;;;;;;;;;;;;;
14107;TRIBUNAL REGIONAL ELEITORAL DO DIST. FEDERAL;070025;TRIBUNAL REGIONAL ELEITORAL DO D. FEDERAL;023310570212B0053;212B;BENEFICIOS OBRIGATORIOS AOS SERVIDORES CIVIS, EMPREGADOS, MI;0009;AUXILIO-FUNERAL E NATALIDADE DE CIVIS;137549;AFN ATIVOS;AUXILIO FUNERAL ATIVOS;0100;RECURSOS ORDINARIOS;1;ORCAMENTO FISCAL;3;DESPESAS CORRENTES;3;OUTRAS DESPESAS CORRENTES;08;OUTROS BENEF.ASSIST. DO SERVIDOR E DO MILITAR;339008;OUTROS BENEF.ASSIST. DO SERVIDOR E DO MILITAR;339008-9;NAO SE APLICA;-9;NAO SE APLICA;-9;NAO SE APLICA;-9;NAO SE APLICA;NAO SE APLICA;-9;-9;-9;2018NECT - AUXILIO-FUNERAL PESSOAL ATIVO - EXERCICIO 2018.;-9;NAO SE APLICA;;;;;(20.000,00);;;;;;;;;;;;;;;
14107;TRIBUNAL REGIONAL ELEITORAL DO DIST. FEDERAL;070025;TRIBUNAL REGIONAL ELEITORAL DO D. FEDERAL;023310570212B0053;212B;BENEFICIOS OBRIGATORIOS AOS SERVIDORES CIVIS, EMPREGADOS, MI;0009;AUXILIO-FUNERAL E NATALIDADE DE CIVIS;137549;AFN ATIVOS;AUXILIO FUNERAL ATIVOS;0100;RECURSOS ORDINARIOS;1;ORCAMENTO FISCAL;3;DESPESAS CORRENTES;3;OUTRAS DESPESAS CORRENTES;08;OUTROS BENEF.ASSIST. DO SERVIDOR E DO MILITAR;339008;OUTROS BENEF.ASSIST. DO SERVIDOR E DO MILITAR;339008-9;NAO SE APLICA;-9;NAO SE APLICA;-9;NAO SE APLICA;-9;NAO SE APLICA;NAO SE APLICA;-9;-9;-9;ALTERACAO PARA EMISSAO DE NE. AUXILIOS NATALIDADE, FUNERAL ATIVO E FUNERAL INATIVO.;-9;NAO SE APLICA;20.000,00;20.000,00;;;20.000,00;;;;;;;;;;;;;;;
14107;TRIBUNAL REGIONAL ELEITORAL DO DIST. FEDERAL;070025;TRIBUNAL REGIONAL ELEITORAL DO D. FEDERAL;023310570212B0053;212B;BENEFICIOS OBRIGATORIOS AOS SERVIDORES CIVIS, EMPREGADOS, MI;0009;AUXILIO-FUNERAL E NATALIDADE DE CIVIS;137549;AFN ATIVOS;AUXILIO FUNERAL ATIVOS;0100;RECURSOS ORDINARIOS;1;ORCAMENTO FISCAL;3;DESPESAS CORRENTES;3;OUTRAS DESPESAS CORRENTES;08;OUTROS BENEF.ASSIST. DO SERVIDOR E DO MILITAR;339008;OUTROS BENEF.ASSIST. DO SERVIDOR E DO MILITAR;33900801;AUXILIO-FUNERAL ATIVO CIVIL;5;GLOBAL;08;NAO SE APLICA;-8;03/01/2018;JAN/2018;2018;070025000012018NE000020;AUX. FUNERAL ATIVO;2018NECT - AUXILIO-FUNERAL PESSOAL ATIVO - EXERCICIO 2018.;070025;TRIBUNAL REGIONAL ELEITORAL DO D. FEDERAL;;;;;;;;20.000,00;;;;;;;;;;;;
14107;TRIBUNAL REGIONAL ELEITORAL DO DIST. FEDERAL;070025;TRIBUNAL REGIONAL ELEITORAL DO D. FEDERAL;023310570212B0053;212B;BENEFICIOS OBRIGATORIOS AOS SERVIDORES CIVIS, EMPREGADOS, MI;0009;AUXILIO-FUNERAL E NATALIDADE DE CIVIS;137549;AFN INATIV;AUXILIO FUNERAL INATIVOS;0100;RECURSOS ORDINARIOS;1;ORCAMENTO FISCAL;3;DESPESAS CORRENTES;3;OUTRAS DESPESAS CORRENTES;08;OUTROS BENEF.ASSIST. DO SERVIDOR E DO MILITAR;339008;OUTROS BENEF.ASSIST. DO SERVIDOR E DO MILITAR;339008-9;NAO SE APLICA;-9;NAO SE APLICA;-9;NAO SE APLICA;-9;NAO SE APLICA;NAO SE APLICA;-9;-9;-9;2018NECT - AUXILIO-FUNERAL PESSOAL INATIVO, EXERCICIO 2018.;-9;NAO SE APLICA;;;;;(80.000,00);;;;;;;;;;;;;;;
14107;TRIBUNAL REGIONAL ELEITORAL DO DIST. FEDERAL;070025;TRIBUNAL REGIONAL ELEITORAL DO D. FEDERAL;023310570212B0053;212B;BENEFICIOS OBRIGATORIOS AOS SERVIDORES CIVIS, EMPREGADOS, MI;0009;AUXILIO-FUNERAL E NATALIDADE DE CIVIS;137549;AFN INATIV;AUXILIO FUNERAL INATIVOS;0100;RECURSOS ORDINARIOS;1;ORCAMENTO FISCAL;3;DESPESAS CORRENTES;3;OUTRAS DESPESAS CORRENTES;08;OUTROS BENEF.ASSIST. DO SERVIDOR E DO MILITAR;339008;OUTROS BENEF.ASSIST. DO SERVIDOR E DO MILITAR;339008-9;NAO SE APLICA;-9;NAO SE APLICA;-9;NAO SE APLICA;-9;NAO SE APLICA;NAO SE APLICA;-9;-9;-9;ALTERACAO PARA EMISSAO DE NE. AUXILIOS NATALIDADE, FUNERAL ATIVO E FUNERAL INATIVO.;-9;NAO SE APLICA;80.000,00;80.000,00;;;80.000,00;;;;;;;;;;;;;;;
14107;TRIBUNAL REGIONAL ELEITORAL DO DIST. FEDERAL;070025;TRIBUNAL REGIONAL ELEITORAL DO D. FEDERAL;023310570212B0053;212B;BENEFICIOS OBRIGATORIOS AOS SERVIDORES CIVIS, EMPREGADOS, MI;0009;AUXILIO-FUNERAL E NATALIDADE DE CIVIS;137549;AFN INATIV;AUXILIO FUNERAL INATIVOS;0100;RECURSOS ORDINARIOS;1;ORCAMENTO FISCAL;3;DESPESAS CORRENTES;3;OUTRAS DESPESAS CORRENTES;08;OUTROS BENEF.ASSIST. DO SERVIDOR E DO MILITAR;339008;OUTROS BENEF.ASSIST. DO SERVIDOR E DO MILITAR;33900803;AUXILIO-FUNERAL INATIVO CIVIL;5;GLOBAL;08;NAO SE APLICA;-8;03/01/2018;JAN/2018;2018;070025000012018NE000019;AUX. FUNERAL INATIVO;2018NECT - AUXILIO-FUNERAL PESSOAL INATIVO, EXERCICIO 2018.;070025;TRIBUNAL REGIONAL ELEITORAL DO D. FEDERAL;;;;;;;;80.000,00;;;;;;;;;;;;
14107;TRIBUNAL REGIONAL ELEITORAL DO DIST. FEDERAL;070025;TRIBUNAL REGIONAL ELEITORAL DO D. FEDERAL;023310570212B0053;212B;BENEFICIOS OBRIGATORIOS AOS SERVIDORES CIVIS, EMPREGADOS, MI;0009;AUXILIO-FUNERAL E NATALIDADE DE CIVIS;137549;ANA ATIVOS;AUXILIO NATALIDADE ATIVOS;0100;RECURSOS ORDINARIOS;1;ORCAMENTO FISCAL;3;DESPESAS CORRENTES;3;OUTRAS DESPESAS CORRENTES;08;OUTROS BENEF.ASSIST. DO SERVIDOR E DO MILITAR;339008;OUTROS BENEF.ASSIST. DO SERVIDOR E DO MILITAR;339008-9;NAO SE APLICA;-9;NAO SE APLICA;-9;NAO SE APLICA;-9;NAO SE APLICA;NAO SE APLICA;-9;-9;-9;2018NECT - AUXILIO-NATALIDADE, PESSOAL ATIVO, EXERCICIO 2018.;-9;NAO SE APLICA;;;;;(12.788,00);;;;;;;;;;;;;;;
14107;TRIBUNAL REGIONAL ELEITORAL DO DIST. FEDERAL;070025;TRIBUNAL REGIONAL ELEITORAL DO D. FEDERAL;023310570212B0053;212B;BENEFICIOS OBRIGATORIOS AOS SERVIDORES CIVIS, EMPREGADOS, MI;0009;AUXILIO-FUNERAL E NATALIDADE DE CIVIS;137549;ANA ATIVOS;AUXILIO NATALIDADE ATIVOS;0100;RECURSOS ORDINARIOS;1;ORCAMENTO FISCAL;3;DESPESAS CORRENTES;3;OUTRAS DESPESAS CORRENTES;08;OUTROS BENEF.ASSIST. DO SERVIDOR E DO MILITAR;339008;OUTROS BENEF.ASSIST. DO SERVIDOR E DO MILITAR;339008-9;NAO SE APLICA;-9;NAO SE APLICA;-9;NAO SE APLICA;-9;NAO SE APLICA;NAO SE APLICA;-9;-9;-9;ALTERACAO PARA EMISSAO DE NE. AUXILIOS NATALIDADE, FUNERAL ATIVO E FUNERAL INATIVO.;-9;NAO SE APLICA;12.788,00;12.788,00;;;12.788,00;;;;;;;;;;;;;;;
14107;TRIBUNAL REGIONAL ELEITORAL DO DIST. FEDERAL;070025;TRIBUNAL REGIONAL ELEITORAL DO D. FEDERAL;023310570212B0053;212B;BENEFICIOS OBRIGATORIOS AOS SERVIDORES CIVIS, EMPREGADOS, MI;0009;AUXILIO-FUNERAL E NATALIDADE DE CIVIS;137549;ANA ATIVOS;AUXILIO NATALIDADE ATIVOS;0100;RECURSOS ORDINARIOS;1;ORCAMENTO FISCAL;3;DESPESAS CORRENTES;3;OUTRAS DESPESAS CORRENTES;08;OUTROS BENEF.ASSIST. DO SERVIDOR E DO MILITAR;339008;OUTROS BENEF.ASSIST. DO SERVIDOR E DO MILITAR;33900805;AUXILIO NATALIDADE ATIVO CIVIL;5;GLOBAL;08;NAO SE APLICA;-8;03/01/2018;JAN/2018;2018;070025000012018NE000018;AUX.NATALIDADE ATIVO;2018NECT - AUXILIO-NATALIDADE, PESSOAL ATIVO, EXERCICIO 2018.;070025;TRIBUNAL REGIONAL ELEITORAL DO D. FEDERAL;;;;;;;;12.788,00;;;;;;;;;;;;
14107;TRIBUNAL REGIONAL ELEITORAL DO DIST. FEDERAL;070025;TRIBUNAL REGIONAL ELEITORAL DO D. FEDERAL;023310570212B0053;212B;BENEFICIOS OBRIGATORIOS AOS SERVIDORES CIVIS, EMPREGADOS, MI;0009;AUXILIO-FUNERAL E NATALIDADE DE CIVIS;137549;ANA ATIVOS;AUXILIO NATALIDADE ATIVOS;0100;RECURSOS ORDINARIOS;1;ORCAMENTO FISCAL;3;DESPESAS CORRENTES;3;OUTRAS DESPESAS CORRENTES;08;OUTROS BENEF.ASSIST. DO SERVIDOR E DO MILITAR;339008;OUTROS BENEF.ASSIST. DO SERVIDOR E DO MILITAR;33900805;AUXILIO NATALIDADE ATIVO CIVIL;5;GLOBAL;08;NAO SE APLICA;-8;03/01/2018;JAN/2018;2018;070025000012018NE000018;AUX.NATALIDADE ATIVO;FOLHA DE PAGAMENTO DE SERVIDORES ATIVOS REFERENTE AO MES DE FEVEREIRO DE 2018 - PA SEI 0000707-84.2018.6.07.8100;070025;TRIBUNAL REGIONAL ELEITORAL DO D. FEDERAL;;;;;;;;0,00;659,25;;;;;;;;;;659,25;
14107;TRIBUNAL REGIONAL ELEITORAL DO DIST. FEDERAL;070025;TRIBUNAL REGIONAL ELEITORAL DO D. FEDERAL;023310570212B0053;212B;BENEFICIOS OBRIGATORIOS AOS SERVIDORES CIVIS, EMPREGADOS, MI;0009;AUXILIO-FUNERAL E NATALIDADE DE CIVIS;137549;ANA ATIVOS;AUXILIO NATALIDADE ATIVOS;0100;RECURSOS ORDINARIOS;1;ORCAMENTO FISCAL;3;DESPESAS CORRENTES;3;OUTRAS DESPESAS CORRENTES;08;OUTROS BENEF.ASSIST. DO SERVIDOR E DO MILITAR;339008;OUTROS BENEF.ASSIST. DO SERVIDOR E DO MILITAR;33900805;AUXILIO NATALIDADE ATIVO CIVIL;5;GLOBAL;08;NAO SE APLICA;-8;03/01/2018;JAN/2018;2018;070025000012018NE000018;AUX.NATALIDADE ATIVO;FOLHA DE PAGAMENTO DE SERVIDORES ATIVOS REFERENTE AO MES DE FEVEREIRO DE 2018 - PA SEI 0000707-84.2018.6.07.8100. DADOS BANCARIOS BANCO DO BRASIL.;070025;TRIBUNAL REGIONAL ELEITORAL DO D. FEDERAL;;;;;;;;0,00;0,00;659,25;;;;;;;;;0,00;659,25
14107;TRIBUNAL REGIONAL ELEITORAL DO DIST. FEDERAL;070025;TRIBUNAL REGIONAL ELEITORAL DO D. FEDERAL;023310570212B0053;212B;BENEFICIOS OBRIGATORIOS AOS SERVIDORES CIVIS, EMPREGADOS, MI;0009;AUXILIO-FUNERAL E NATALIDADE DE CIVIS;137549;ANA ATIVOS;AUXILIO NATALIDADE ATIVOS;0100;RECURSOS ORDINARIOS;1;ORCAMENTO FISCAL;3;DESPESAS CORRENTES;3;OUTRAS DESPESAS CORRENTES;08;OUTROS BENEF.ASSIST. DO SERVIDOR E DO MILITAR;339008;OUTROS BENEF.ASSIST. DO SERVIDOR E DO MILITAR;33900805;AUXILIO NATALIDADE ATIVO CIVIL;5;GLOBAL;08;NAO SE APLICA;-8;03/01/2018;JAN/2018;2018;070025000012018NE000018;AUX.NATALIDADE ATIVO;FOLHA DE PAGAMENTO DE SERVIDORES ATIVOS REFERENTE AO MES DE JANEIRO DE 2018 - PA SEI 0000050-45.2018.6.07.8100;070025;TRIBUNAL REGIONAL ELEITORAL DO D. FEDERAL;;;;;;;;0,00;659,25;;;;;;;;;;659,25;
14107;TRIBUNAL REGIONAL ELEITORAL DO DIST. FEDERAL;070025;TRIBUNAL REGIONAL ELEITORAL DO D. FEDERAL;023310570212B0053;212B;BENEFICIOS OBRIGATORIOS AOS SERVIDORES CIVIS, EMPREGADOS, MI;0009;AUXILIO-FUNERAL E NATALIDADE DE CIVIS;137549;ANA ATIVOS;AUXILIO NATALIDADE ATIVOS;0100;RECURSOS ORDINARIOS;1;ORCAMENTO FISCAL;3;DESPESAS CORRENTES;3;OUTRAS DESPESAS CORRENTES;08;OUTROS BENEF.ASSIST. DO SERVIDOR E DO MILITAR;339008;OUTROS BENEF.ASSIST. DO SERVIDOR E DO MILITAR;33900805;AUXILIO NATALIDADE ATIVO CIVIL;5;GLOBAL;08;NAO SE APLICA;-8;03/01/2018;JAN/2018;2018;070025000012018NE000018;AUX.NATALIDADE ATIVO;FOLHA DE PAGAMENTO DE SERVIDORES ATIVOS REFERENTE AO MES DE JANEIRO DE 2018 - PA SEI 0000050-45.2018.6.07.8100. DADOS BANCARIOS BANCO CEF;070025;TRIBUNAL REGIONAL ELEITORAL DO D. FEDERAL;;;;;;;;0,00;0,00;659,25;;;;;;;;;0,00;659,25
14107;TRIBUNAL REGIONAL ELEITORAL DO DIST. FEDERAL;070025;TRIBUNAL REGIONAL ELEITORAL DO D. FEDERAL;023310570212B0053;212B;BENEFICIOS OBRIGATORIOS AOS SERVIDORES CIVIS, EMPREGADOS, MI;0009;AUXILIO-FUNERAL E NATALIDADE DE CIVIS;137549;ANA ATIVOS;AUXILIO NATALIDADE ATIVOS;0100;RECURSOS ORDINARIOS;1;ORCAMENTO FISCAL;3;DESPESAS CORRENTES;3;OUTRAS DESPESAS CORRENTES;08;OUTROS BENEF.ASSIST. DO SERVIDOR E DO MILITAR;339008;OUTROS BENEF.ASSIST. DO SERVIDOR E DO MILITAR;33900805;AUXILIO NATALIDADE ATIVO CIVIL;5;GLOBAL;08;NAO SE APLICA;-8;03/01/2018;JAN/2018;2018;070025000012018NE000018;AUX.NATALIDADE ATIVO;FOLHA DE PAGAMENTO DE SERVIDORES ATIVOS REFERENTE AO MES DE MAIO DE 2018 - PA SEI 0002530-93.2018.6.07.8100.;070025;TRIBUNAL REGIONAL ELEITORAL DO D. FEDERAL;;;;;;;;0,00;659,25;;;;;;;;;;659,25;
14107;TRIBUNAL REGIONAL ELEITORAL DO DIST. FEDERAL;070025;TRIBUNAL REGIONAL ELEITORAL DO D. FEDERAL;023310570212B0053;212B;BENEFICIOS OBRIGATORIOS AOS SERVIDORES CIVIS, EMPREGADOS, MI;0009;AUXILIO-FUNERAL E NATALIDADE DE CIVIS;137549;ANA ATIVOS;AUXILIO NATALIDADE ATIVOS;0100;RECURSOS ORDINARIOS;1;ORCAMENTO FISCAL;3;DESPESAS CORRENTES;3;OUTRAS DESPESAS CORRENTES;08;OUTROS BENEF.ASSIST. DO SERVIDOR E DO MILITAR;339008;OUTROS BENEF.ASSIST. DO SERVIDOR E DO MILITAR;33900805;AUXILIO NATALIDADE ATIVO CIVIL;5;GLOBAL;08;NAO SE APLICA;-8;03/01/2018;JAN/2018;2018;070025000012018NE000018;AUX.NATALIDADE ATIVO;FOLHA DE PAGAMENTO DO MES DE  JANEIRO/2018 DOS SERVIDORES ATIVOS. PA 0000050-45.2018.6.07.8100. CANCELAMENTOS PARA ACERTO DE ERRO DE APROPRIACAO;070025;TRIBUNAL REGIONAL ELEITORAL DO D. FEDERAL;;;;;;;;0,00;(659,25);;;;;;;;;;(659,25);
14107;TRIBUNAL REGIONAL ELEITORAL DO DIST. FEDERAL;070025;TRIBUNAL REGIONAL ELEITORAL DO D. FEDERAL;023310570212B0053;212B;BENEFICIOS OBRIGATORIOS AOS SERVIDORES CIVIS, EMPREGADOS, MI;0009;AUXILIO-FUNERAL E NATALIDADE DE CIVIS;137549;ANA ATIVOS;AUXILIO NATALIDADE ATIVOS;0100;RECURSOS ORDINARIOS;1;ORCAMENTO FISCAL;3;DESPESAS CORRENTES;3;OUTRAS DESPESAS CORRENTES;08;OUTROS BENEF.ASSIST. DO SERVIDOR E DO MILITAR;339008;OUTROS BENEF.ASSIST. DO SERVIDOR E DO MILITAR;33900805;AUXILIO NATALIDADE ATIVO CIVIL;5;GLOBAL;08;NAO SE APLICA;-8;03/01/2018;JAN/2018;2018;070025000012018NE000018;AUX.NATALIDADE ATIVO;FOLHA DE PAGAMENTO DO MES DE  JANEIRO/2018 DOS SERVIDORES ATIVOS. PA 0000050-45.2018.6.07.8100.CUSTEIO, BENEFICIOS, LIVRE ESCOLHA, AUXILIOS;070025;TRIBUNAL REGIONAL ELEITORAL DO D. FEDERAL;;;;;;;;0,00;659,25;;;;;;;;;;659,25;
14107;TRIBUNAL REGIONAL ELEITORAL DO DIST. FEDERAL;070025;TRIBUNAL REGIONAL ELEITORAL DO D. FEDERAL;02846057009HB0053;09HB;CONTRIBUICAO DA UNIAO, DE SUAS AUTARQUIAS E FUNDACOES PARA O;0000;CONTRIBUICAO DA UNIAO, DE SUAS AUTARQUIAS E FUNDACOES PARA O CUSTEIO DO REGIME DE PREVIDENCIA DOS SERVIDORES PUBLICOS FEDERAIS;127713;-8;SEM INFORMACAO;0100;RECURSOS ORDINARIOS;1;ORCAMENTO FISCAL;3;DESPESAS CORRENTES;1;PESSOAL E ENCARGOS SOCIAIS;00;[A DETALHAR];319100;APLICACOES DIRETAS - OPER.INTRA-ORCAMENTARIAS;319100-9;NAO SE APLICA;-9;NAO SE APLICA;-9;NAO SE APLICA;-9;NAO SE APLICA;NAO SE APLICA;-9;-9;-9;ALTERACAO PARA EMISSAO DE NE. PSS PATRONAL.;-9;NAO SE APLICA;(8.719.950,00);(8.719.950,00);;;(8.719.950,00);;;;;;;;;;;;;;;
14107;TRIBUNAL REGIONAL ELEITORAL DO DIST. FEDERAL;070025;TRIBUNAL REGIONAL ELEITORAL DO D. FEDERAL;02846057009HB0053;09HB;CONTRIBUICAO DA UNIAO, DE SUAS AUTARQUIAS E FUNDACOES PARA O;0000;CONTRIBUICAO DA UNIAO, DE SUAS AUTARQUIAS E FUNDACOES PARA O CUSTEIO DO REGIME DE PREVIDENCIA DOS SERVIDORES PUBLICOS FEDERAIS;127713;-8;SEM INFORMACAO;0100;RECURSOS ORDINARIOS;1;ORCAMENTO FISCAL;3;DESPESAS CORRENTES;1;PESSOAL E ENCARGOS SOCIAIS;00;[A DETALHAR];319100;APLICACOES DIRETAS - OPER.INTRA-ORCAMENTARIAS;319100-9;NAO SE APLICA;-9;NAO SE APLICA;-9;NAO SE APLICA;-9;NAO SE APLICA;NAO SE APLICA;-9;-9;-9;BLOQUEIO DE CREDITO RELATIVO TROCA DE FONTE 100 POR FONTE 900, DA ACAO 09HB,  DE ACORDO COM PORTARIA SOF/MP 1.781, DE 19.2.2018, PUBLICADA NO DOU, SECAO 1, EM 21.2.2018.;-9;NAO SE APLICA;;;;;(1.179.950,00);1.179.950,00;;;;;;;;;;;;;;
14107;TRIBUNAL REGIONAL ELEITORAL DO DIST. FEDERAL;070025;TRIBUNAL REGIONAL ELEITORAL DO D. FEDERAL;02846057009HB0053;09HB;CONTRIBUICAO DA UNIAO, DE SUAS AUTARQUIAS E FUNDACOES PARA O;0000;CONTRIBUICAO DA UNIAO, DE SUAS AUTARQUIAS E FUNDACOES PARA O CUSTEIO DO REGIME DE PREVIDENCIA DOS SERVIDORES PUBLICOS FEDERAIS;127713;-8;SEM INFORMACAO;0100;RECURSOS ORDINARIOS;1;ORCAMENTO FISCAL;3;DESPESAS CORRENTES;1;PESSOAL E ENCARGOS SOCIAIS;00;[A DETALHAR];319100;APLICACOES DIRETAS - OPER.INTRA-ORCAMENTARIAS;319100-9;NAO SE APLICA;-9;NAO SE APLICA;-9;NAO SE APLICA;-9;NAO SE APLICA;NAO SE APLICA;-9;-9;-9;DOCUMENTO LANCADO PELA FITA SOF ESB0009;-9;NAO SE APLICA;8.719.950,00;8.719.950,00;;;8.719.950,00;;;;;;;;;;;;;;;
14107;TRIBUNAL REGIONAL ELEITORAL DO DIST. FEDERAL;070025;TRIBUNAL REGIONAL ELEITORAL DO D. FEDERAL;02846057009HB0053;09HB;CONTRIBUICAO DA UNIAO, DE SUAS AUTARQUIAS E FUNDACOES PARA O;0000;CONTRIBUICAO DA UNIAO, DE SUAS AUTARQUIAS E FUNDACOES PARA O CUSTEIO DO REGIME DE PREVIDENCIA DOS SERVIDORES PUBLICOS FEDERAIS;127713;-8;SEM INFORMACAO;0100;RECURSOS ORDINARIOS;1;ORCAMENTO FISCAL;3;DESPESAS CORRENTES;1;PESSOAL E ENCARGOS SOCIAIS;00;[A DETALHAR];319100;APLICACOES DIRETAS - OPER.INTRA-ORCAMENTARIAS;319100-9;NAO SE APLICA;-9;NAO SE APLICA;-9;NAO SE APLICA;-9;NAO SE APLICA;NAO SE APLICA;-9;-9;-9;DOCUMENTO LANCADO PELA FITA SOF ESB009I;-9;NAO SE APLICA;;;;;;0,00;;;;;;;;;;;;;;
14107;TRIBUNAL REGIONAL ELEITORAL DO DIST. FEDERAL;070025;TRIBUNAL REGIONAL ELEITORAL DO D. FEDERAL;02846057009HB0053;09HB;CONTRIBUICAO DA UNIAO, DE SUAS AUTARQUIAS E FUNDACOES PARA O;0000;CONTRIBUICAO DA UNIAO, DE SUAS AUTARQUIAS E FUNDACOES PARA O CUSTEIO DO REGIME DE PREVIDENCIA DOS SERVIDORES PUBLICOS FEDERAIS;127713;-8;SEM INFORMACAO;0100;RECURSOS ORDINARIOS;1;ORCAMENTO FISCAL;3;DESPESAS CORRENTES;1;PESSOAL E ENCARGOS SOCIAIS;00;[A DETALHAR];319100;APLICACOES DIRETAS - OPER.INTRA-ORCAMENTARIAS;319100-9;NAO SE APLICA;-9;NAO SE APLICA;-9;NAO SE APLICA;-9;NAO SE APLICA;NAO SE APLICA;-9;-9;-9;DOCUMENTO LANCADO PELA FITA SOF ESB00AB;-9;NAO SE APLICA;;(1.179.950,00);;;;(1.179.950,00);;;;;;;;;;;;;;
14107;TRIBUNAL REGIONAL ELEITORAL DO DIST. FEDERAL;070025;TRIBUNAL REGIONAL ELEITORAL DO D. FEDERAL;02846057009HB0053;09HB;CONTRIBUICAO DA UNIAO, DE SUAS AUTARQUIAS E FUNDACOES PARA O;0000;CONTRIBUICAO DA UNIAO, DE SUAS AUTARQUIAS E FUNDACOES PARA O CUSTEIO DO REGIME DE PREVIDENCIA DOS SERVIDORES PUBLICOS FEDERAIS;127713;-8;SEM INFORMACAO;0100;RECURSOS ORDINARIOS;1;ORCAMENTO FISCAL;3;DESPESAS CORRENTES;1;PESSOAL E ENCARGOS SOCIAIS;00;[A DETALHAR];319100;APLICACOES DIRETAS - OPER.INTRA-ORCAMENTARIAS;319100-9;NAO SE APLICA;-9;NAO SE APLICA;-9;NAO SE APLICA;-9;NAO SE APLICA;NAO SE APLICA;-9;-9;-9;RETORNO AO DISPONIVEL EM DECORRENCIA DE ANULACAO PARCIAL DE NE (PSS PATRONAL).OBSERVADA PORTARIA MPOG Nº 1.781, DE 19/02/18 (DOU DE 21/02/18).;-9;NAO SE APLICA;1.179.950,00;1.179.950,00;;;1.179.950,00;;;;;;;;;;;;;;;
14107;TRIBUNAL REGIONAL ELEITORAL DO DIST. FEDERAL;070025;TRIBUNAL REGIONAL ELEITORAL DO D. FEDERAL;02846057009HB0053;09HB;CONTRIBUICAO DA UNIAO, DE SUAS AUTARQUIAS E FUNDACOES PARA O;0000;CONTRIBUICAO DA UNIAO, DE SUAS AUTARQUIAS E FUNDACOES PARA O CUSTEIO DO REGIME DE PREVIDENCIA DOS SERVIDORES PUBLICOS FEDERAIS;127713;-8;SEM INFORMACAO;0900;RECURSOS ORDINARIOS;1;ORCAMENTO FISCAL;3;DESPESAS CORRENTES;1;PESSOAL E ENCARGOS SOCIAIS;00;[A DETALHAR];319100;APLICACOES DIRETAS - OPER.INTRA-ORCAMENTARIAS;319100-9;NAO SE APLICA;-9;NAO SE APLICA;-9;NAO SE APLICA;-9;NAO SE APLICA;NAO SE APLICA;-9;-9;-9;DOCUMENTO LANCADO PELA FITA SOF ESB00AB;-9;NAO SE APLICA;;1.179.950,00;;;0,00;1.179.950,00;;;;;;;;;;;;;;
14107;TRIBUNAL REGIONAL ELEITORAL DO DIST. FEDERAL;070025;TRIBUNAL REGIONAL ELEITORAL DO D. FEDERAL;02846057009HB0053;09HB;CONTRIBUICAO DA UNIAO, DE SUAS AUTARQUIAS E FUNDACOES PARA O;0000;CONTRIBUICAO DA UNIAO, DE SUAS AUTARQUIAS E FUNDACOES PARA O CUSTEIO DO REGIME DE PREVIDENCIA DOS SERVIDORES PUBLICOS FEDERAIS;127713;FOL SERVID;PESSOAL - FOLHA DE SERVIDORES;0100;RECURSOS ORDINARIOS;1;ORCAMENTO FISCAL;3;DESPESAS CORRENTES;1;PESSOAL E ENCARGOS SOCIAIS;13;OBRIGACOES PATRONAIS;319113;OBRIGACOES PATRONAIS - OP.INTRA-ORCAMENTARIAS;319113-9;NAO SE APLICA;-9;NAO SE APLICA;-9;NAO SE APLICA;-9;NAO SE APLICA;NAO SE APLICA;-9;-9;-9;2018NECT - OBRIGACOES PATRONAIS - RPPS.;-9;NAO SE APLICA;;;;;(8.719.950,00);;;;;;;;;;;;;;;
14107;TRIBUNAL REGIONAL ELEITORAL DO DIST. FEDERAL;070025;TRIBUNAL REGIONAL ELEITORAL DO D. FEDERAL;02846057009HB0053;09HB;CONTRIBUICAO DA UNIAO, DE SUAS AUTARQUIAS E FUNDACOES PARA O;0000;CONTRIBUICAO DA UNIAO, DE SUAS AUTARQUIAS E FUNDACOES PARA O CUSTEIO DO REGIME DE PREVIDENCIA DOS SERVIDORES PUBLICOS FEDERAIS;127713;FOL SERVID;PESSOAL - FOLHA DE SERVIDORES;0100;RECURSOS ORDINARIOS;1;ORCAMENTO FISCAL;3;DESPESAS CORRENTES;1;PESSOAL E ENCARGOS SOCIAIS;13;OBRIGACOES PATRONAIS;319113;OBRIGACOES PATRONAIS - OP.INTRA-ORCAMENTARIAS;319113-9;NAO SE APLICA;-9;NAO SE APLICA;-9;NAO SE APLICA;-9;NAO SE APLICA;NAO SE APLICA;-9;-9;-9;2018NECT - OBRIGACOES PATRONAIS - RPPS.                                       ANULACAO PARCIAL - PORTARIA MPOG Nº 1.781, DE 19/02/18 (DOU DE 21/02/2018).;-9;NAO SE APLICA;;;;;1.179.950,00;;;;;;;;;;;;;;;
14107;TRIBUNAL REGIONAL ELEITORAL DO DIST. FEDERAL;070025;TRIBUNAL REGIONAL ELEITORAL DO D. FEDERAL;02846057009HB0053;09HB;CONTRIBUICAO DA UNIAO, DE SUAS AUTARQUIAS E FUNDACOES PARA O;0000;CONTRIBUICAO DA UNIAO, DE SUAS AUTARQUIAS E FUNDACOES PARA O CUSTEIO DO REGIME DE PREVIDENCIA DOS SERVIDORES PUBLICOS FEDERAIS;127713;FOL SERVID;PESSOAL - FOLHA DE SERVIDORES;0100;RECURSOS ORDINARIOS;1;ORCAMENTO FISCAL;3;DESPESAS CORRENTES;1;PESSOAL E ENCARGOS SOCIAIS;13;OBRIGACOES PATRONAIS;319113;OBRIGACOES PATRONAIS - OP.INTRA-ORCAMENTARIAS;319113-9;NAO SE APLICA;-9;NAO SE APLICA;-9;NAO SE APLICA;-9;NAO SE APLICA;NAO SE APLICA;-9;-9;-9;ALTERACAO PARA EMISSAO DE NE. PSS PATRONAL.;-9;NAO SE APLICA;8.719.950,00;8.719.950,00;;;8.719.950,00;;;;;;;;;;;;;;;
14107;TRIBUNAL REGIONAL ELEITORAL DO DIST. FEDERAL;070025;TRIBUNAL REGIONAL ELEITORAL DO D. FEDERAL;02846057009HB0053;09HB;CONTRIBUICAO DA UNIAO, DE SUAS AUTARQUIAS E FUNDACOES PARA O;0000;CONTRIBUICAO DA UNIAO, DE SUAS AUTARQUIAS E FUNDACOES PARA O CUSTEIO DO REGIME DE PREVIDENCIA DOS SERVIDORES PUBLICOS FEDERAIS;127713;FOL SERVID;PESSOAL - FOLHA DE SERVIDORES;0100;RECURSOS ORDINARIOS;1;ORCAMENTO FISCAL;3;DESPESAS CORRENTES;1;PESSOAL E ENCARGOS SOCIAIS;13;OBRIGACOES PATRONAIS;319113;OBRIGACOES PATRONAIS - OP.INTRA-ORCAMENTARIAS;319113-9;NAO SE APLICA;-9;NAO SE APLICA;-9;NAO SE APLICA;-9;NAO SE APLICA;NAO SE APLICA;-9;-9;-9;RETORNO AO DISPONIVEL EM DECORRENCIA DE ANULACAO PARCIAL DE NE (PSS PATRONAL).OBSERVADA PORTARIA MPOG Nº 1.781, DE 19/02/18 (DOU DE 21/02/18).;-9;NAO SE APLICA;(1.179.950,00);(1.179.950,00);;;(1.179.950,00);;;;;;;;;;;;;;;
14107;TRIBUNAL REGIONAL ELEITORAL DO DIST. FEDERAL;070025;TRIBUNAL REGIONAL ELEITORAL DO D. FEDERAL;02846057009HB0053;09HB;CONTRIBUICAO DA UNIAO, DE SUAS AUTARQUIAS E FUNDACOES PARA O;0000;CONTRIBUICAO DA UNIAO, DE SUAS AUTARQUIAS E FUNDACOES PARA O CUSTEIO DO REGIME DE PREVIDENCIA DOS SERVIDORES PUBLICOS FEDERAIS;127713;FOL SERVID;PESSOAL - FOLHA DE SERVIDORES;0100;RECURSOS ORDINARIOS;1;ORCAMENTO FISCAL;3;DESPESAS CORRENTES;1;PESSOAL E ENCARGOS SOCIAIS;13;OBRIGACOES PATRONAIS;319113;OBRIGACOES PATRONAIS - OP.INTRA-ORCAMENTARIAS;31911303;CONTRIBUICAO PATRONAL PARA O RPPS;5;GLOBAL;08;NAO SE APLICA;-8;02/01/2017;JAN/2017;2017;070025000012017NE000003;OBRIGACOES PATRONAIS;FOLHA SUPLEMENTAR Nº03 DE FEVEREIRO DE 2018, EXERCICIOS ANTERIORES, REFERENTE A SUBSTITUICOES OCORRIDAS NO MES DE DEZEMBRO DE 2017, ADICIONAL DE QUALIFICACAO DECORRENTES DE ACOES DE TREINAMENTO EXERCICIOS ANTERIORES E GRATIFICACAO NAT;170502;SECRETARIA DO TESOURO NACIONAL/COFIN/STN;;;;;;;;;;;;;;;;0,00;85,32;(85,32);0,00;85,32
14107;TRIBUNAL REGIONAL ELEITORAL DO DIST. FEDERAL;070025;TRIBUNAL REGIONAL ELEITORAL DO D. FEDERAL;02846057009HB0053;09HB;CONTRIBUICAO DA UNIAO, DE SUAS AUTARQUIAS E FUNDACOES PARA O;0000;CONTRIBUICAO DA UNIAO, DE SUAS AUTARQUIAS E FUNDACOES PARA O CUSTEIO DO REGIME DE PREVIDENCIA DOS SERVIDORES PUBLICOS FEDERAIS;127713;FOL SERVID;PESSOAL - FOLHA DE SERVIDORES;0100;RECURSOS ORDINARIOS;1;ORCAMENTO FISCAL;3;DESPESAS CORRENTES;1;PESSOAL E ENCARGOS SOCIAIS;13;OBRIGACOES PATRONAIS;319113;OBRIGACOES PATRONAIS - OP.INTRA-ORCAMENTARIAS;31911303;CONTRIBUICAO PATRONAL PARA O RPPS;5;GLOBAL;08;NAO SE APLICA;-8;02/01/2017;JAN/2017;2017;070025000012017NE000003;OBRIGACOES PATRONAIS;FOLHA SUPLEMENTAR Nº03 DE FEVEREIRO DE 2018, EXERCICIOS ANTERIORES, REFERENTE A SUBSTITUICOES OCORRIDAS NO MES DE DEZEMBRO DE 2017, ADICIONAL DE QUALIFICACAO DECORRENTES DE ACOES DE TREINAMENTO EXERCICIOS ANTERIORES E GRATIFICACAO NATALINA 1/12 (UM DOZE AVOS) REFERENTE AS SUBSTITUICOES, IGUAIS OU SUPERIORES A 15 DIAS CONSECUTIVOS, OCORRIDAS NO MES DE DEZEMBRO DE 2017. PA 0000608-17.2018.6.07.8100.RECOLHIMNTO DE PSSS PATRONAL;170502;SECRETARIA DO TESOURO NACIONAL/COFIN/STN;;;;;;;;;;;;;;;;85,32;;0,00;85,32;
14107;TRIBUNAL REGIONAL ELEITORAL DO DIST. FEDERAL;070025;TRIBUNAL REGIONAL ELEITORAL DO D. FEDERAL;02846057009HB0053;09HB;CONTRIBUICAO DA UNIAO, DE SUAS AUTARQUIAS E FUNDACOES PARA O;0000;CONTRIBUICAO DA UNIAO, DE SUAS AUTARQUIAS E FUNDACOES PARA O CUSTEIO DO REGIME DE PREVIDENCIA DOS SERVIDORES PUBLICOS FEDERAIS;127713;FOL SERVID;PESSOAL - FOLHA DE SERVIDORES;0100;RECURSOS ORDINARIOS;1;ORCAMENTO FISCAL;3;DESPESAS CORRENTES;1;PESSOAL E ENCARGOS SOCIAIS;13;OBRIGACOES PATRONAIS;319113;OBRIGACOES PATRONAIS - OP.INTRA-ORCAMENTARIAS;31911303;CONTRIBUICAO PATRONAL PARA O RPPS;5;GLOBAL;08;NAO SE APLICA;-8;02/01/2017;JAN/2017;2017;070025000012017NE000003;OBRIGACOES PATRONAIS;NAO SE APLICA;170502;SECRETARIA DO TESOURO NACIONAL/COFIN/STN;;;;;;;;;;;;;98.336,74;;;;;98.336,74;;
14107;TRIBUNAL REGIONAL ELEITORAL DO DIST. FEDERAL;070025;TRIBUNAL REGIONAL ELEITORAL DO D. FEDERAL;02846057009HB0053;09HB;CONTRIBUICAO DA UNIAO, DE SUAS AUTARQUIAS E FUNDACOES PARA O;0000;CONTRIBUICAO DA UNIAO, DE SUAS AUTARQUIAS E FUNDACOES PARA O CUSTEIO DO REGIME DE PREVIDENCIA DOS SERVIDORES PUBLICOS FEDERAIS;127713;FOL SERVID;PESSOAL - FOLHA DE SERVIDORES;0100;RECURSOS ORDINARIOS;1;ORCAMENTO FISCAL;3;DESPESAS CORRENTES;1;PESSOAL E ENCARGOS SOCIAIS;13;OBRIGACOES PATRONAIS;319113;OBRIGACOES PATRONAIS - OP.INTRA-ORCAMENTARIAS;31911303;CONTRIBUICAO PATRONAL PARA O RPPS;5;GLOBAL;08;NAO SE APLICA;-8;03/01/2018;JAN/2018;2018;070025000012018NE000012;OBRIGACOES PATRONAIS;2018NECT - OBRIGACOES PATRONAIS - RPPS.;170502;SECRETARIA DO TESOURO NACIONAL/COFIN/STN;;;;;;;;8.719.950,00;;;;;;;;;;;;
14107;TRIBUNAL REGIONAL ELEITORAL DO DIST. FEDERAL;070025;TRIBUNAL REGIONAL ELEITORAL DO D. FEDERAL;02846057009HB0053;09HB;CONTRIBUICAO DA UNIAO, DE SUAS AUTARQUIAS E FUNDACOES PARA O;0000;CONTRIBUICAO DA UNIAO, DE SUAS AUTARQUIAS E FUNDACOES PARA O CUSTEIO DO REGIME DE PREVIDENCIA DOS SERVIDORES PUBLICOS FEDERAIS;127713;FOL SERVID;PESSOAL - FOLHA DE SERVIDORES;0100;RECURSOS ORDINARIOS;1;ORCAMENTO FISCAL;3;DESPESAS CORRENTES;1;PESSOAL E ENCARGOS SOCIAIS;13;OBRIGACOES PATRONAIS;319113;OBRIGACOES PATRONAIS - OP.INTRA-ORCAMENTARIAS;31911303;CONTRIBUICAO PATRONAL PARA O RPPS;5;GLOBAL;08;NAO SE APLICA;-8;03/01/2018;JAN/2018;2018;070025000012018NE000012;OBRIGACOES PATRONAIS;2018NECT - OBRIGACOES PATRONAIS - RPPS.                                       ANULACAO PARCIAL - PORTARIA MPOG Nº 1.781, DE 19/02/18 (DOU DE 21/02/2018).;170502;SECRETARIA DO TESOURO NACIONAL/COFIN/STN;;;;;;;;(1.179.950,00);;;;;;;;;;;;
14107;TRIBUNAL REGIONAL ELEITORAL DO DIST. FEDERAL;070025;TRIBUNAL REGIONAL ELEITORAL DO D. FEDERAL;02846057009HB0053;09HB;CONTRIBUICAO DA UNIAO, DE SUAS AUTARQUIAS E FUNDACOES PARA O;0000;CONTRIBUICAO DA UNIAO, DE SUAS AUTARQUIAS E FUNDACOES PARA O CUSTEIO DO REGIME DE PREVIDENCIA DOS SERVIDORES PUBLICOS FEDERAIS;127713;FOL SERVID;PESSOAL - FOLHA DE SERVIDORES;0100;RECURSOS ORDINARIOS;1;ORCAMENTO FISCAL;3;DESPESAS CORRENTES;1;PESSOAL E ENCARGOS SOCIAIS;13;OBRIGACOES PATRONAIS;319113;OBRIGACOES PATRONAIS - OP.INTRA-ORCAMENTARIAS;31911303;CONTRIBUICAO PATRONAL PARA O RPPS;5;GLOBAL;08;NAO SE APLICA;-8;03/01/2018;JAN/2018;2018;070025000012018NE000012;OBRIGACOES PATRONAIS;FOLHA DE PAGAMENTO DE REGULARIZACAO DA SERVIDORA LICENCIADA CARLA VANESSA ABREU DO LAGO, REFERENTE A OBRIGACAO PATRONAL DO PLANO DE SEGURIDADE SOCIAL PSSS, DO MES DE ABRIL DE 2018. - PA SEI 0005241-08.2017.6.07.8100.;170502;SECRETARIA DO TESOURO NACIONAL/COFIN/STN;;;;;;;;0,00;2.991,08;;;;;;;;;;2.991,08;
14107;TRIBUNAL REGIONAL ELEITORAL DO DIST. FEDERAL;070025;TRIBUNAL REGIONAL ELEITORAL DO D. FEDERAL;02846057009HB0053;09HB;CONTRIBUICAO DA UNIAO, DE SUAS AUTARQUIAS E FUNDACOES PARA O;0000;CONTRIBUICAO DA UNIAO, DE SUAS AUTARQUIAS E FUNDACOES PARA O CUSTEIO DO REGIME DE PREVIDENCIA DOS SERVIDORES PUBLICOS FEDERAIS;127713;FOL SERVID;PESSOAL - FOLHA DE SERVIDORES;0100;RECURSOS ORDINARIOS;1;ORCAMENTO FISCAL;3;DESPESAS CORRENTES;1;PESSOAL E ENCARGOS SOCIAIS;13;OBRIGACOES PATRONAIS;319113;OBRIGACOES PATRONAIS - OP.INTRA-ORCAMENTARIAS;31911303;CONTRIBUICAO PATRONAL PARA O RPPS;5;GLOBAL;08;NAO SE APLICA;-8;03/01/2018;JAN/2018;2018;070025000012018NE000012;OBRIGACOES PATRONAIS;FOLHA DE PAGAMENTO DE REGULARIZACAO DA SERVIDORA LICENCIADA CARLA VANESSA ABREU DO LAGO, REFERENTE A OBRIGACAO PATRONAL DO PLANO DE SEGURIDADE SOCIAL PSSS, DO MES DE ABRIL DE 2018. - PA SEI 0005241-08.2017.6.07.8100.RECOLHIMENTO DE PS;170502;SECRETARIA DO TESOURO NACIONAL/COFIN/STN;;;;;;;;0,00;0,00;2.991,08;;;;;;;;;0,00;2.991,08
14107;TRIBUNAL REGIONAL ELEITORAL DO DIST. FEDERAL;070025;TRIBUNAL REGIONAL ELEITORAL DO D. FEDERAL;02846057009HB0053;09HB;CONTRIBUICAO DA UNIAO, DE SUAS AUTARQUIAS E FUNDACOES PARA O;0000;CONTRIBUICAO DA UNIAO, DE SUAS AUTARQUIAS E FUNDACOES PARA O CUSTEIO DO REGIME DE PREVIDENCIA DOS SERVIDORES PUBLICOS FEDERAIS;127713;FOL SERVID;PESSOAL - FOLHA DE SERVIDORES;0100;RECURSOS ORDINARIOS;1;ORCAMENTO FISCAL;3;DESPESAS CORRENTES;1;PESSOAL E ENCARGOS SOCIAIS;13;OBRIGACOES PATRONAIS;319113;OBRIGACOES PATRONAIS - OP.INTRA-ORCAMENTARIAS;31911303;CONTRIBUICAO PATRONAL PARA O RPPS;5;GLOBAL;08;NAO SE APLICA;-8;03/01/2018;JAN/2018;2018;070025000012018NE000012;OBRIGACOES PATRONAIS;FOLHA DE PAGAMENTO DE REGULARIZACAO DA SERVIDORA LICENCIADA CARLA VANESSA ABREU DO LAGO, REFERENTE A OBRIGACAO PATRONAL DO PLANO DE SEGURIDADE SOCIAL PSSS, DO MES DE FEVEREIRO DE 2018. - PA SEI 0005241-08.2017.6.07.8100.;170502;SECRETARIA DO TESOURO NACIONAL/COFIN/STN;;;;;;;;0,00;2.991,08;2.991,08;;;;;;;;;2.991,08;2.991,08
14107;TRIBUNAL REGIONAL ELEITORAL DO DIST. FEDERAL;070025;TRIBUNAL REGIONAL ELEITORAL DO D. FEDERAL;02846057009HB0053;09HB;CONTRIBUICAO DA UNIAO, DE SUAS AUTARQUIAS E FUNDACOES PARA O;0000;CONTRIBUICAO DA UNIAO, DE SUAS AUTARQUIAS E FUNDACOES PARA O CUSTEIO DO REGIME DE PREVIDENCIA DOS SERVIDORES PUBLICOS FEDERAIS;127713;FOL SERVID;PESSOAL - FOLHA DE SERVIDORES;0100;RECURSOS ORDINARIOS;1;ORCAMENTO FISCAL;3;DESPESAS CORRENTES;1;PESSOAL E ENCARGOS SOCIAIS;13;OBRIGACOES PATRONAIS;319113;OBRIGACOES PATRONAIS - OP.INTRA-ORCAMENTARIAS;31911303;CONTRIBUICAO PATRONAL PARA O RPPS;5;GLOBAL;08;NAO SE APLICA;-8;03/01/2018;JAN/2018;2018;070025000012018NE000012;OBRIGACOES PATRONAIS;FOLHA DE PAGAMENTO DE REGULARIZACAO DA SERVIDORA LICENCIADA CARLA VANESSA ABREU DO LAGO, REFERENTE A OBRIGACAO PATRONAL DO PLANO DE SEGURIDADE SOCIAL PSSS, DO MES DE JANEIRO DE 2018. - PA SEI 0005241-08.2017.6.07.8100.;170502;SECRETARIA DO TESOURO NACIONAL/COFIN/STN;;;;;;;;0,00;2.991,08;2.991,08;;;;;;;;;2.991,08;2.991,08
14107;TRIBUNAL REGIONAL ELEITORAL DO DIST. FEDERAL;070025;TRIBUNAL REGIONAL ELEITORAL DO D. FEDERAL;02846057009HB0053;09HB;CONTRIBUICAO DA UNIAO, DE SUAS AUTARQUIAS E FUNDACOES PARA O;0000;CONTRIBUICAO DA UNIAO, DE SUAS AUTARQUIAS E FUNDACOES PARA O CUSTEIO DO REGIME DE PREVIDENCIA DOS SERVIDORES PUBLICOS FEDERAIS;127713;FOL SERVID;PESSOAL - FOLHA DE SERVIDORES;0100;RECURSOS ORDINARIOS;1;ORCAMENTO FISCAL;3;DESPESAS CORRENTES;1;PESSOAL E ENCARGOS SOCIAIS;13;OBRIGACOES PATRONAIS;319113;OBRIGACOES PATRONAIS - OP.INTRA-ORCAMENTARIAS;31911303;CONTRIBUICAO PATRONAL PARA O RPPS;5;GLOBAL;08;NAO SE APLICA;-8;03/01/2018;JAN/2018;2018;070025000012018NE000012;OBRIGACOES PATRONAIS;FOLHA DE PAGAMENTO DE REGULARIZACAO DA SERVIDORA LICENCIADA CARLA VANESSA ABREU DO LAGO, REFERENTE A OBRIGACAO PATRONAL DO PLANO DE SEGURIDADE SOCIAL PSSS, DO MES DE MAIO DE 2018. - PA SEI 0005241-08.2017.6.07.8100.;170502;SECRETARIA DO TESOURO NACIONAL/COFIN/STN;;;;;;;;0,00;2.991,08;;;;;;;;;;2.991,08;
14107;TRIBUNAL REGIONAL ELEITORAL DO DIST. FEDERAL;070025;TRIBUNAL REGIONAL ELEITORAL DO D. FEDERAL;02846057009HB0053;09HB;CONTRIBUICAO DA UNIAO, DE SUAS AUTARQUIAS E FUNDACOES PARA O;0000;CONTRIBUICAO DA UNIAO, DE SUAS AUTARQUIAS E FUNDACOES PARA O CUSTEIO DO REGIME DE PREVIDENCIA DOS SERVIDORES PUBLICOS FEDERAIS;127713;FOL SERVID;PESSOAL - FOLHA DE SERVIDORES;0100;RECURSOS ORDINARIOS;1;ORCAMENTO FISCAL;3;DESPESAS CORRENTES;1;PESSOAL E ENCARGOS SOCIAIS;13;OBRIGACOES PATRONAIS;319113;OBRIGACOES PATRONAIS - OP.INTRA-ORCAMENTARIAS;31911303;CONTRIBUICAO PATRONAL PARA O RPPS;5;GLOBAL;08;NAO SE APLICA;-8;03/01/2018;JAN/2018;2018;070025000012018NE000012;OBRIGACOES PATRONAIS;FOLHA DE PAGAMENTO DE REGULARIZACAO DA SERVIDORA LICENCIADA CARLA VANESSA ABREU DO LAGO, REFERENTE A OBRIGACAO PATRONAL DO PLANO DE SEGURIDADE SOCIAL PSSS, DO MES DE MARCO DE 2018. - PA SEI 0005241-08.2017.6.07.8100.;170502;SECRETARIA DO TESOURO NACIONAL/COFIN/STN;;;;;;;;0,00;2.991,08;2.991,08;;;;;;;;;2.991,08;2.991,08
14107;TRIBUNAL REGIONAL ELEITORAL DO DIST. FEDERAL;070025;TRIBUNAL REGIONAL ELEITORAL DO D. FEDERAL;02846057009HB0053;09HB;CONTRIBUICAO DA UNIAO, DE SUAS AUTARQUIAS E FUNDACOES PARA O;0000;CONTRIBUICAO DA UNIAO, DE SUAS AUTARQUIAS E FUNDACOES PARA O CUSTEIO DO REGIME DE PREVIDENCIA DOS SERVIDORES PUBLICOS FEDERAIS;127713;FOL SERVID;PESSOAL - FOLHA DE SERVIDORES;0100;RECURSOS ORDINARIOS;1;ORCAMENTO FISCAL;3;DESPESAS CORRENTES;1;PESSOAL E ENCARGOS SOCIAIS;13;OBRIGACOES PATRONAIS;319113;OBRIGACOES PATRONAIS - OP.INTRA-ORCAMENTARIAS;31911303;CONTRIBUICAO PATRONAL PARA O RPPS;5;GLOBAL;08;NAO SE APLICA;-8;03/01/2018;JAN/2018;2018;070025000012018NE000012;OBRIGACOES PATRONAIS;FOLHA DE PAGAMENTO DE SERVIDORES ATIVOS REFERENTE AO MES DE ABRIL DE 2018 - PA SEI 0001951-48.2018.6.07.8100 ŽOBRIGACOES PATRONAIS (PSSS, INSS E FUNPRESP).;170502;SECRETARIA DO TESOURO NACIONAL/COFIN/STN;;;;;;;;0,00;609.667,92;;;;;;;;;;609.667,92;
14107;TRIBUNAL REGIONAL ELEITORAL DO DIST. FEDERAL;070025;TRIBUNAL REGIONAL ELEITORAL DO D. FEDERAL;02846057009HB0053;09HB;CONTRIBUICAO DA UNIAO, DE SUAS AUTARQUIAS E FUNDACOES PARA O;0000;CONTRIBUICAO DA UNIAO, DE SUAS AUTARQUIAS E FUNDACOES PARA O CUSTEIO DO REGIME DE PREVIDENCIA DOS SERVIDORES PUBLICOS FEDERAIS;127713;FOL SERVID;PESSOAL - FOLHA DE SERVIDORES;0100;RECURSOS ORDINARIOS;1;ORCAMENTO FISCAL;3;DESPESAS CORRENTES;1;PESSOAL E ENCARGOS SOCIAIS;13;OBRIGACOES PATRONAIS;319113;OBRIGACOES PATRONAIS - OP.INTRA-ORCAMENTARIAS;31911303;CONTRIBUICAO PATRONAL PARA O RPPS;5;GLOBAL;08;NAO SE APLICA;-8;03/01/2018;JAN/2018;2018;070025000012018NE000012;OBRIGACOES PATRONAIS;FOLHA DE PAGAMENTO DE SERVIDORES ATIVOS REFERENTE AO MES DE ABRIL DE 2018 - PA SEI 0001951-48.2018.6.07.8100. DEDUCOES. PSSS PATRONAL.;170502;SECRETARIA DO TESOURO NACIONAL/COFIN/STN;;;;;;;;0,00;0,00;609.667,92;;;;;;;;;0,00;609.667,92
14107;TRIBUNAL REGIONAL ELEITORAL DO DIST. FEDERAL;070025;TRIBUNAL REGIONAL ELEITORAL DO D. FEDERAL;02846057009HB0053;09HB;CONTRIBUICAO DA UNIAO, DE SUAS AUTARQUIAS E FUNDACOES PARA O;0000;CONTRIBUICAO DA UNIAO, DE SUAS AUTARQUIAS E FUNDACOES PARA O CUSTEIO DO REGIME DE PREVIDENCIA DOS SERVIDORES PUBLICOS FEDERAIS;127713;FOL SERVID;PESSOAL - FOLHA DE SERVIDORES;0100;RECURSOS ORDINARIOS;1;ORCAMENTO FISCAL;3;DESPESAS CORRENTES;1;PESSOAL E ENCARGOS SOCIAIS;13;OBRIGACOES PATRONAIS;319113;OBRIGACOES PATRONAIS - OP.INTRA-ORCAMENTARIAS;31911303;CONTRIBUICAO PATRONAL PARA O RPPS;5;GLOBAL;08;NAO SE APLICA;-8;03/01/2018;JAN/2018;2018;070025000012018NE000012;OBRIGACOES PATRONAIS;FOLHA DE PAGAMENTO DE SERVIDORES ATIVOS REFERENTE AO MES DE FEVEREIRO DE 2018 - PA SEI 0000707-84.2018.6.07.8100. DEDUCOES.  PSSS PATRONAL.;170502;SECRETARIA DO TESOURO NACIONAL/COFIN/STN;;;;;;;;0,00;0,00;611.069,42;;;;;;;;;0,00;611.069,42
14107;TRIBUNAL REGIONAL ELEITORAL DO DIST. FEDERAL;070025;TRIBUNAL REGIONAL ELEITORAL DO D. FEDERAL;02846057009HB0053;09HB;CONTRIBUICAO DA UNIAO, DE SUAS AUTARQUIAS E FUNDACOES PARA O;0000;CONTRIBUICAO DA UNIAO, DE SUAS AUTARQUIAS E FUNDACOES PARA O CUSTEIO DO REGIME DE PREVIDENCIA DOS SERVIDORES PUBLICOS FEDERAIS;127713;FOL SERVID;PESSOAL - FOLHA DE SERVIDORES;0100;RECURSOS ORDINARIOS;1;ORCAMENTO FISCAL;3;DESPESAS CORRENTES;1;PESSOAL E ENCARGOS SOCIAIS;13;OBRIGACOES PATRONAIS;319113;OBRIGACOES PATRONAIS - OP.INTRA-ORCAMENTARIAS;31911303;CONTRIBUICAO PATRONAL PARA O RPPS;5;GLOBAL;08;NAO SE APLICA;-8;03/01/2018;JAN/2018;2018;070025000012018NE000012;OBRIGACOES PATRONAIS;FOLHA DE PAGAMENTO DE SERVIDORES ATIVOS REFERENTE AO MES DE FEVEREIRO DE 2018 - PA SEI 0000707-84.2018.6.07.8100. ENCARGOS PATRONAIS;170502;SECRETARIA DO TESOURO NACIONAL/COFIN/STN;;;;;;;;0,00;611.069,42;;;;;;;;;;611.069,42;
14107;TRIBUNAL REGIONAL ELEITORAL DO DIST. FEDERAL;070025;TRIBUNAL REGIONAL ELEITORAL DO D. FEDERAL;02846057009HB0053;09HB;CONTRIBUICAO DA UNIAO, DE SUAS AUTARQUIAS E FUNDACOES PARA O;0000;CONTRIBUICAO DA UNIAO, DE SUAS AUTARQUIAS E FUNDACOES PARA O CUSTEIO DO REGIME DE PREVIDENCIA DOS SERVIDORES PUBLICOS FEDERAIS;127713;FOL SERVID;PESSOAL - FOLHA DE SERVIDORES;0100;RECURSOS ORDINARIOS;1;ORCAMENTO FISCAL;3;DESPESAS CORRENTES;1;PESSOAL E ENCARGOS SOCIAIS;13;OBRIGACOES PATRONAIS;319113;OBRIGACOES PATRONAIS - OP.INTRA-ORCAMENTARIAS;31911303;CONTRIBUICAO PATRONAL PARA O RPPS;5;GLOBAL;08;NAO SE APLICA;-8;03/01/2018;JAN/2018;2018;070025000012018NE000012;OBRIGACOES PATRONAIS;FOLHA DE PAGAMENTO DE SERVIDORES ATIVOS REFERENTE AO MES DE JANEIRO DE 2018 - PA SEI 0000050-45.2018.6.07.8100. ENCARGOS PATRONAIS;170502;SECRETARIA DO TESOURO NACIONAL/COFIN/STN;;;;;;;;0,00;607.648,12;;;;;;;;;;607.648,12;
14107;TRIBUNAL REGIONAL ELEITORAL DO DIST. FEDERAL;070025;TRIBUNAL REGIONAL ELEITORAL DO D. FEDERAL;02846057009HB0053;09HB;CONTRIBUICAO DA UNIAO, DE SUAS AUTARQUIAS E FUNDACOES PARA O;0000;CONTRIBUICAO DA UNIAO, DE SUAS AUTARQUIAS E FUNDACOES PARA O CUSTEIO DO REGIME DE PREVIDENCIA DOS SERVIDORES PUBLICOS FEDERAIS;127713;FOL SERVID;PESSOAL - FOLHA DE SERVIDORES;0100;RECURSOS ORDINARIOS;1;ORCAMENTO FISCAL;3;DESPESAS CORRENTES;1;PESSOAL E ENCARGOS SOCIAIS;13;OBRIGACOES PATRONAIS;319113;OBRIGACOES PATRONAIS - OP.INTRA-ORCAMENTARIAS;31911303;CONTRIBUICAO PATRONAL PARA O RPPS;5;GLOBAL;08;NAO SE APLICA;-8;03/01/2018;JAN/2018;2018;070025000012018NE000012;OBRIGACOES PATRONAIS;FOLHA DE PAGAMENTO DE SERVIDORES ATIVOS REFERENTE AO MES DE JANEIRO DE 2018 - PA SEI 0000050-45.2018.6.07.8100. RECOLHIMENTO DE ENCARGOS PATRONAIS PSSS;170502;SECRETARIA DO TESOURO NACIONAL/COFIN/STN;;;;;;;;0,00;0,00;607.648,12;;;;;;;;;0,00;607.648,12
14107;TRIBUNAL REGIONAL ELEITORAL DO DIST. FEDERAL;070025;TRIBUNAL REGIONAL ELEITORAL DO D. FEDERAL;02846057009HB0053;09HB;CONTRIBUICAO DA UNIAO, DE SUAS AUTARQUIAS E FUNDACOES PARA O;0000;CONTRIBUICAO DA UNIAO, DE SUAS AUTARQUIAS E FUNDACOES PARA O CUSTEIO DO REGIME DE PREVIDENCIA DOS SERVIDORES PUBLICOS FEDERAIS;127713;FOL SERVID;PESSOAL - FOLHA DE SERVIDORES;0100;RECURSOS ORDINARIOS;1;ORCAMENTO FISCAL;3;DESPESAS CORRENTES;1;PESSOAL E ENCARGOS SOCIAIS;13;OBRIGACOES PATRONAIS;319113;OBRIGACOES PATRONAIS - OP.INTRA-ORCAMENTARIAS;31911303;CONTRIBUICAO PATRONAL PARA O RPPS;5;GLOBAL;08;NAO SE APLICA;-8;03/01/2018;JAN/2018;2018;070025000012018NE000012;OBRIGACOES PATRONAIS;FOLHA DE PAGAMENTO DE SERVIDORES ATIVOS REFERENTE AO MES DE MAIO DE 2018 - PA SEI 0002530-93.2018.6.07.8100. ENCARGOS PATRONAIS.;170502;SECRETARIA DO TESOURO NACIONAL/COFIN/STN;;;;;;;;0,00;612.853,70;;;;;;;;;;612.853,70;
14107;TRIBUNAL REGIONAL ELEITORAL DO DIST. FEDERAL;070025;TRIBUNAL REGIONAL ELEITORAL DO D. FEDERAL;02846057009HB0053;09HB;CONTRIBUICAO DA UNIAO, DE SUAS AUTARQUIAS E FUNDACOES PARA O;0000;CONTRIBUICAO DA UNIAO, DE SUAS AUTARQUIAS E FUNDACOES PARA O CUSTEIO DO REGIME DE PREVIDENCIA DOS SERVIDORES PUBLICOS FEDERAIS;127713;FOL SERVID;PESSOAL - FOLHA DE SERVIDORES;0100;RECURSOS ORDINARIOS;1;ORCAMENTO FISCAL;3;DESPESAS CORRENTES;1;PESSOAL E ENCARGOS SOCIAIS;13;OBRIGACOES PATRONAIS;319113;OBRIGACOES PATRONAIS - OP.INTRA-ORCAMENTARIAS;31911303;CONTRIBUICAO PATRONAL PARA O RPPS;5;GLOBAL;08;NAO SE APLICA;-8;03/01/2018;JAN/2018;2018;070025000012018NE000012;OBRIGACOES PATRONAIS;FOLHA DE PAGAMENTO DE SERVIDORES ATIVOS REFERENTE AO MES DE MARCO DE 2018 - PA SEI 0001307-08.2018.6.07.8100 ŽOBRIGACOES PATRONAIS - PSSS, INSS, FUNPRESP.;170502;SECRETARIA DO TESOURO NACIONAL/COFIN/STN;;;;;;;;0,00;608.030,26;;;;;;;;;;608.030,26;
14107;TRIBUNAL REGIONAL ELEITORAL DO DIST. FEDERAL;070025;TRIBUNAL REGIONAL ELEITORAL DO D. FEDERAL;02846057009HB0053;09HB;CONTRIBUICAO DA UNIAO, DE SUAS AUTARQUIAS E FUNDACOES PARA O;0000;CONTRIBUICAO DA UNIAO, DE SUAS AUTARQUIAS E FUNDACOES PARA O CUSTEIO DO REGIME DE PREVIDENCIA DOS SERVIDORES PUBLICOS FEDERAIS;127713;FOL SERVID;PESSOAL - FOLHA DE SERVIDORES;0100;RECURSOS ORDINARIOS;1;ORCAMENTO FISCAL;3;DESPESAS CORRENTES;1;PESSOAL E ENCARGOS SOCIAIS;13;OBRIGACOES PATRONAIS;319113;OBRIGACOES PATRONAIS - OP.INTRA-ORCAMENTARIAS;31911303;CONTRIBUICAO PATRONAL PARA O RPPS;5;GLOBAL;08;NAO SE APLICA;-8;03/01/2018;JAN/2018;2018;070025000012018NE000012;OBRIGACOES PATRONAIS;FOLHA DE PAGAMENTO DE SERVIDORES ATIVOS REFERENTE AO MES DE MARCO DE 2018 - PA SEI 0001307-08.2018.6.07.8100. ŽRECOLHIMENTO DO PSSS PATRONAL.;170502;SECRETARIA DO TESOURO NACIONAL/COFIN/STN;;;;;;;;0,00;0,00;608.030,26;;;;;;;;;0,00;608.030,26
14107;TRIBUNAL REGIONAL ELEITORAL DO DIST. FEDERAL;070025;TRIBUNAL REGIONAL ELEITORAL DO D. FEDERAL;02846057009HB0053;09HB;CONTRIBUICAO DA UNIAO, DE SUAS AUTARQUIAS E FUNDACOES PARA O;0000;CONTRIBUICAO DA UNIAO, DE SUAS AUTARQUIAS E FUNDACOES PARA O CUSTEIO DO REGIME DE PREVIDENCIA DOS SERVIDORES PUBLICOS FEDERAIS;127713;FOL SERVID;PESSOAL - FOLHA DE SERVIDORES;0100;RECURSOS ORDINARIOS;1;ORCAMENTO FISCAL;3;DESPESAS CORRENTES;1;PESSOAL E ENCARGOS SOCIAIS;13;OBRIGACOES PATRONAIS;319113;OBRIGACOES PATRONAIS - OP.INTRA-ORCAMENTARIAS;31911303;CONTRIBUICAO PATRONAL PARA O RPPS;5;GLOBAL;08;NAO SE APLICA;-8;03/01/2018;JAN/2018;2018;070025000012018NE000012;OBRIGACOES PATRONAIS;FOLHA DE PAGAMENTO DO MES DE  JANEIRO/2018 DOS SERVIDORES ATIVOS. PA 0000050-45.2018.6.07.8100. CANCELAMENTOS PARA ACERTO DE ERRO DE APROPRIACAO;170502;SECRETARIA DO TESOURO NACIONAL/COFIN/STN;;;;;;;;0,00;(607.648,12);;;;;;;;;;(607.648,12);
14107;TRIBUNAL REGIONAL ELEITORAL DO DIST. FEDERAL;070025;TRIBUNAL REGIONAL ELEITORAL DO D. FEDERAL;02846057009HB0053;09HB;CONTRIBUICAO DA UNIAO, DE SUAS AUTARQUIAS E FUNDACOES PARA O;0000;CONTRIBUICAO DA UNIAO, DE SUAS AUTARQUIAS E FUNDACOES PARA O CUSTEIO DO REGIME DE PREVIDENCIA DOS SERVIDORES PUBLICOS FEDERAIS;127713;FOL SERVID;PESSOAL - FOLHA DE SERVIDORES;0100;RECURSOS ORDINARIOS;1;ORCAMENTO FISCAL;3;DESPESAS CORRENTES;1;PESSOAL E ENCARGOS SOCIAIS;13;OBRIGACOES PATRONAIS;319113;OBRIGACOES PATRONAIS - OP.INTRA-ORCAMENTARIAS;31911303;CONTRIBUICAO PATRONAL PARA O RPPS;5;GLOBAL;08;NAO SE APLICA;-8;03/01/2018;JAN/2018;2018;070025000012018NE000012;OBRIGACOES PATRONAIS;FOLHA DE PAGAMENTO DO MES DE  JANEIRO/2018 DOS SERVIDORES ATIVOS. PA 0000050-45.2018.6.07.8100.ENCARGOS PATRONAIS;170502;SECRETARIA DO TESOURO NACIONAL/COFIN/STN;;;;;;;;0,00;607.648,12;;;;;;;;;;607.648,12;
14107;TRIBUNAL REGIONAL ELEITORAL DO DIST. FEDERAL;070025;TRIBUNAL REGIONAL ELEITORAL DO D. FEDERAL;09272008901810053;0181;APOSENTADORIAS E PENSOES CIVIS DA UNIAO;0000;APOSENTADORIAS E PENSOES CIVIS DA UNIAO;084775;-8;SEM INFORMACAO;0156;CONTRIBUICAO PLANO SEGURIDADE SOCIAL SERVIDOR;2;ORCAMENTO DE SEGURIDADE SOCIAL;3;DESPESAS CORRENTES;1;PESSOAL E ENCARGOS SOCIAIS;00;[A DETALHAR];319000;APLICACOES DIRETAS;319000-9;NAO SE APLICA;-9;NAO SE APLICA;-9;NAO SE APLICA;-9;NAO SE APLICA;NAO SE APLICA;-9;-9;-9;ALTERACAO PARA EMISSAO DE NE. PENSOES.;-9;NAO SE APLICA;(7.557.609,00);(7.557.609,00);;;(7.557.609,00);;;;;;;;;;;;;;;
14107;TRIBUNAL REGIONAL ELEITORAL DO DIST. FEDERAL;070025;TRIBUNAL REGIONAL ELEITORAL DO D. FEDERAL;09272008901810053;0181;APOSENTADORIAS E PENSOES CIVIS DA UNIAO;0000;APOSENTADORIAS E PENSOES CIVIS DA UNIAO;084775;-8;SEM INFORMACAO;0156;CONTRIBUICAO PLANO SEGURIDADE SOCIAL SERVIDOR;2;ORCAMENTO DE SEGURIDADE SOCIAL;3;DESPESAS CORRENTES;1;PESSOAL E ENCARGOS SOCIAIS;00;[A DETALHAR];319000;APLICACOES DIRETAS;319000-9;NAO SE APLICA;-9;NAO SE APLICA;-9;NAO SE APLICA;-9;NAO SE APLICA;NAO SE APLICA;-9;-9;-9;DOCUMENTO LANCADO PELA FITA SOF ESB0009;-9;NAO SE APLICA;7.557.609,00;7.557.609,00;;;7.557.609,00;;;;;;;;;;;;;;;
14107;TRIBUNAL REGIONAL ELEITORAL DO DIST. FEDERAL;070025;TRIBUNAL REGIONAL ELEITORAL DO D. FEDERAL;09272008901810053;0181;APOSENTADORIAS E PENSOES CIVIS DA UNIAO;0000;APOSENTADORIAS E PENSOES CIVIS DA UNIAO;084775;-8;SEM INFORMACAO;0156;CONTRIBUICAO PLANO SEGURIDADE SOCIAL SERVIDOR;2;ORCAMENTO DE SEGURIDADE SOCIAL;3;DESPESAS CORRENTES;1;PESSOAL E ENCARGOS SOCIAIS;00;[A DETALHAR];319000;APLICACOES DIRETAS;319000-9;NAO SE APLICA;-9;NAO SE APLICA;-9;NAO SE APLICA;-9;NAO SE APLICA;NAO SE APLICA;-9;-9;-9;DOCUMENTO LANCADO PELA FITA SOF ESB00DN;-9;NAO SE APLICA;;2.399.197,00;;;2.399.197,00;;;;;;;;;;;;;;;
14107;TRIBUNAL REGIONAL ELEITORAL DO DIST. FEDERAL;070025;TRIBUNAL REGIONAL ELEITORAL DO D. FEDERAL;09272008901810053;0181;APOSENTADORIAS E PENSOES CIVIS DA UNIAO;0000;APOSENTADORIAS E PENSOES CIVIS DA UNIAO;084775;-8;SEM INFORMACAO;0169;CONTRIB.PATRONAL P/PLANO DE SEGURID.SOC.SERV.;2;ORCAMENTO DE SEGURIDADE SOCIAL;3;DESPESAS CORRENTES;1;PESSOAL E ENCARGOS SOCIAIS;00;[A DETALHAR];319000;APLICACOES DIRETAS;319000-9;NAO SE APLICA;-9;NAO SE APLICA;-9;NAO SE APLICA;-9;NAO SE APLICA;NAO SE APLICA;-9;-9;-9;ALTERACAO PARA EMISSAO DE NE. INATIVOS (PROVENTOS, 13º SALARIO E GRATIFICACAO POR EXERCICIO DE CARGO).;-9;NAO SE APLICA;(9.543.194,00);(9.543.194,00);;;(9.543.194,00);;;;;;;;;;;;;;;
14107;TRIBUNAL REGIONAL ELEITORAL DO DIST. FEDERAL;070025;TRIBUNAL REGIONAL ELEITORAL DO D. FEDERAL;09272008901810053;0181;APOSENTADORIAS E PENSOES CIVIS DA UNIAO;0000;APOSENTADORIAS E PENSOES CIVIS DA UNIAO;084775;-8;SEM INFORMACAO;0169;CONTRIB.PATRONAL P/PLANO DE SEGURID.SOC.SERV.;2;ORCAMENTO DE SEGURIDADE SOCIAL;3;DESPESAS CORRENTES;1;PESSOAL E ENCARGOS SOCIAIS;00;[A DETALHAR];319000;APLICACOES DIRETAS;319000-9;NAO SE APLICA;-9;NAO SE APLICA;-9;NAO SE APLICA;-9;NAO SE APLICA;NAO SE APLICA;-9;-9;-9;DOCUMENTO LANCADO PELA FITA SOF ESB0009;-9;NAO SE APLICA;9.543.194,00;9.543.194,00;;;9.543.194,00;;;;;;;;;;;;;;;
14107;TRIBUNAL REGIONAL ELEITORAL DO DIST. FEDERAL;070025;TRIBUNAL REGIONAL ELEITORAL DO D. FEDERAL;09272008901810053;0181;APOSENTADORIAS E PENSOES CIVIS DA UNIAO;0000;APOSENTADORIAS E PENSOES CIVIS DA UNIAO;084775;-8;SEM INFORMACAO;0956;CONTRIBUICAO PLANO SEGURIDADE SOCIAL SERVIDOR;2;ORCAMENTO DE SEGURIDADE SOCIAL;3;DESPESAS CORRENTES;1;PESSOAL E ENCARGOS SOCIAIS;00;[A DETALHAR];319000;APLICACOES DIRETAS;319000-9;NAO SE APLICA;-9;NAO SE APLICA;-9;NAO SE APLICA;-9;NAO SE APLICA;NAO SE APLICA;-9;-9;-9;ALTERACAO PARA EMISSAO DE NE. INATIVOS (VANTAGENS INCORPORADAS).;-9;NAO SE APLICA;(1.219.247,00);(1.219.247,00);;;(1.219.247,00);;;;;;;;;;;;;;;
14107;TRIBUNAL REGIONAL ELEITORAL DO DIST. FEDERAL;070025;TRIBUNAL REGIONAL ELEITORAL DO D. FEDERAL;09272008901810053;0181;APOSENTADORIAS E PENSOES CIVIS DA UNIAO;0000;APOSENTADORIAS E PENSOES CIVIS DA UNIAO;084775;-8;SEM INFORMACAO;0956;CONTRIBUICAO PLANO SEGURIDADE SOCIAL SERVIDOR;2;ORCAMENTO DE SEGURIDADE SOCIAL;3;DESPESAS CORRENTES;1;PESSOAL E ENCARGOS SOCIAIS;00;[A DETALHAR];319000;APLICACOES DIRETAS;319000-9;NAO SE APLICA;-9;NAO SE APLICA;-9;NAO SE APLICA;-9;NAO SE APLICA;NAO SE APLICA;-9;-9;-9;DOCUMENTO LANCADO PELA FITA SOF ESB0009;-9;NAO SE APLICA;1.219.247,00;1.219.247,00;;;1.219.247,00;;;;;;;;;;;;;;;
14107;TRIBUNAL REGIONAL ELEITORAL DO DIST. FEDERAL;070025;TRIBUNAL REGIONAL ELEITORAL DO D. FEDERAL;09272008901810053;0181;APOSENTADORIAS E PENSOES CIVIS DA UNIAO;0000;APOSENTADORIAS E PENSOES CIVIS DA UNIAO;084775;-8;SEM INFORMACAO;0956;CONTRIBUICAO PLANO SEGURIDADE SOCIAL SERVIDOR;2;ORCAMENTO DE SEGURIDADE SOCIAL;3;DESPESAS CORRENTES;1;PESSOAL E ENCARGOS SOCIAIS;00;[A DETALHAR];319000;APLICACOES DIRETAS;319000-9;NAO SE APLICA;-9;NAO SE APLICA;-9;NAO SE APLICA;-9;NAO SE APLICA;NAO SE APLICA;-9;-9;-9;DOCUMENTO LANCADO PELA FITA SOF ESB006X;-9;NAO SE APLICA;;;;;(1.219.247,00);1.219.247,00;;;;;;;;;;;;;;
14107;TRIBUNAL REGIONAL ELEITORAL DO DIST. FEDERAL;070025;TRIBUNAL REGIONAL ELEITORAL DO D. FEDERAL;09272008901810053;0181;APOSENTADORIAS E PENSOES CIVIS DA UNIAO;0000;APOSENTADORIAS E PENSOES CIVIS DA UNIAO;084775;-8;SEM INFORMACAO;0956;CONTRIBUICAO PLANO SEGURIDADE SOCIAL SERVIDOR;2;ORCAMENTO DE SEGURIDADE SOCIAL;3;DESPESAS CORRENTES;1;PESSOAL E ENCARGOS SOCIAIS;00;[A DETALHAR];319000;APLICACOES DIRETAS;319000-9;NAO SE APLICA;-9;NAO SE APLICA;-9;NAO SE APLICA;-9;NAO SE APLICA;NAO SE APLICA;-9;-9;-9;DOCUMENTO LANCADO PELA FITA SOF ESB00BR;-9;NAO SE APLICA;;;;;;0,00;;;;;;;;;;;;;;
14107;TRIBUNAL REGIONAL ELEITORAL DO DIST. FEDERAL;070025;TRIBUNAL REGIONAL ELEITORAL DO D. FEDERAL;09272008901810053;0181;APOSENTADORIAS E PENSOES CIVIS DA UNIAO;0000;APOSENTADORIAS E PENSOES CIVIS DA UNIAO;084775;-8;SEM INFORMACAO;0956;CONTRIBUICAO PLANO SEGURIDADE SOCIAL SERVIDOR;2;ORCAMENTO DE SEGURIDADE SOCIAL;3;DESPESAS CORRENTES;1;PESSOAL E ENCARGOS SOCIAIS;00;[A DETALHAR];319000;APLICACOES DIRETAS;319000-9;NAO SE APLICA;-9;NAO SE APLICA;-9;NAO SE APLICA;-9;NAO SE APLICA;NAO SE APLICA;-9;-9;-9;DOCUMENTO LANCADO PELA FITA SOF ESB00DN;-9;NAO SE APLICA;;(1.219.247,00);;;;(1.219.247,00);;;;;;;;;;;;;;
14107;TRIBUNAL REGIONAL ELEITORAL DO DIST. FEDERAL;070025;TRIBUNAL REGIONAL ELEITORAL DO D. FEDERAL;09272008901810053;0181;APOSENTADORIAS E PENSOES CIVIS DA UNIAO;0000;APOSENTADORIAS E PENSOES CIVIS DA UNIAO;084775;-8;SEM INFORMACAO;0956;CONTRIBUICAO PLANO SEGURIDADE SOCIAL SERVIDOR;2;ORCAMENTO DE SEGURIDADE SOCIAL;3;DESPESAS CORRENTES;1;PESSOAL E ENCARGOS SOCIAIS;00;[A DETALHAR];319000;APLICACOES DIRETAS;319000-9;NAO SE APLICA;-9;NAO SE APLICA;-9;NAO SE APLICA;-9;NAO SE APLICA;NAO SE APLICA;-9;-9;-9;RETORNO AO DISPONIVEL EM DECORRENCIA DE ALTERACAO PELO  DOCUMENTO LANCADO PELAFITA SOF ESB006X EM 07/02/2018 (ND 800009);-9;NAO SE APLICA;1.219.247,00;1.219.247,00;;;1.219.247,00;;;;;;;;;;;;;;;
14107;TRIBUNAL REGIONAL ELEITORAL DO DIST. FEDERAL;070025;TRIBUNAL REGIONAL ELEITORAL DO D. FEDERAL;09272008901810053;0181;APOSENTADORIAS E PENSOES CIVIS DA UNIAO;0000;APOSENTADORIAS E PENSOES CIVIS DA UNIAO;084775;-8;SEM INFORMACAO;0969;CONTRIB.PATRONAL P/PLANO DE SEGURID.SOC.SERV.;2;ORCAMENTO DE SEGURIDADE SOCIAL;3;DESPESAS CORRENTES;1;PESSOAL E ENCARGOS SOCIAIS;00;[A DETALHAR];319000;APLICACOES DIRETAS;319000-9;NAO SE APLICA;-9;NAO SE APLICA;-9;NAO SE APLICA;-9;NAO SE APLICA;NAO SE APLICA;-9;-9;-9;ALTERACAO PARA EMISSAO DE NE. INATIVOS (VANTAGENS INCORPORADAS).;-9;NAO SE APLICA;(1.179.950,00);(1.179.950,00);;;(1.179.950,00);;;;;;;;;;;;;;;
14107;TRIBUNAL REGIONAL ELEITORAL DO DIST. FEDERAL;070025;TRIBUNAL REGIONAL ELEITORAL DO D. FEDERAL;09272008901810053;0181;APOSENTADORIAS E PENSOES CIVIS DA UNIAO;0000;APOSENTADORIAS E PENSOES CIVIS DA UNIAO;084775;-8;SEM INFORMACAO;0969;CONTRIB.PATRONAL P/PLANO DE SEGURID.SOC.SERV.;2;ORCAMENTO DE SEGURIDADE SOCIAL;3;DESPESAS CORRENTES;1;PESSOAL E ENCARGOS SOCIAIS;00;[A DETALHAR];319000;APLICACOES DIRETAS;319000-9;NAO SE APLICA;-9;NAO SE APLICA;-9;NAO SE APLICA;-9;NAO SE APLICA;NAO SE APLICA;-9;-9;-9;DOCUMENTO LANCADO PELA FITA SOF ESB0009;-9;NAO SE APLICA;1.179.950,00;1.179.950,00;;;1.179.950,00;;;;;;;;;;;;;;;
14107;TRIBUNAL REGIONAL ELEITORAL DO DIST. FEDERAL;070025;TRIBUNAL REGIONAL ELEITORAL DO D. FEDERAL;09272008901810053;0181;APOSENTADORIAS E PENSOES CIVIS DA UNIAO;0000;APOSENTADORIAS E PENSOES CIVIS DA UNIAO;084775;-8;SEM INFORMACAO;0969;CONTRIB.PATRONAL P/PLANO DE SEGURID.SOC.SERV.;2;ORCAMENTO DE SEGURIDADE SOCIAL;3;DESPESAS CORRENTES;1;PESSOAL E ENCARGOS SOCIAIS;00;[A DETALHAR];319000;APLICACOES DIRETAS;319000-9;NAO SE APLICA;-9;NAO SE APLICA;-9;NAO SE APLICA;-9;NAO SE APLICA;NAO SE APLICA;-9;-9;-9;DOCUMENTO LANCADO PELA FITA SOF ESB006X;-9;NAO SE APLICA;;;;;(1.179.950,00);1.179.950,00;;;;;;;;;;;;;;
14107;TRIBUNAL REGIONAL ELEITORAL DO DIST. FEDERAL;070025;TRIBUNAL REGIONAL ELEITORAL DO D. FEDERAL;09272008901810053;0181;APOSENTADORIAS E PENSOES CIVIS DA UNIAO;0000;APOSENTADORIAS E PENSOES CIVIS DA UNIAO;084775;-8;SEM INFORMACAO;0969;CONTRIB.PATRONAL P/PLANO DE SEGURID.SOC.SERV.;2;ORCAMENTO DE SEGURIDADE SOCIAL;3;DESPESAS CORRENTES;1;PESSOAL E ENCARGOS SOCIAIS;00;[A DETALHAR];319000;APLICACOES DIRETAS;319000-9;NAO SE APLICA;-9;NAO SE APLICA;-9;NAO SE APLICA;-9;NAO SE APLICA;NAO SE APLICA;-9;-9;-9;DOCUMENTO LANCADO PELA FITA SOF ESB00BR;-9;NAO SE APLICA;;;;;;0,00;;;;;;;;;;;;;;
14107;TRIBUNAL REGIONAL ELEITORAL DO DIST. FEDERAL;070025;TRIBUNAL REGIONAL ELEITORAL DO D. FEDERAL;09272008901810053;0181;APOSENTADORIAS E PENSOES CIVIS DA UNIAO;0000;APOSENTADORIAS E PENSOES CIVIS DA UNIAO;084775;-8;SEM INFORMACAO;0969;CONTRIB.PATRONAL P/PLANO DE SEGURID.SOC.SERV.;2;ORCAMENTO DE SEGURIDADE SOCIAL;3;DESPESAS CORRENTES;1;PESSOAL E ENCARGOS SOCIAIS;00;[A DETALHAR];319000;APLICACOES DIRETAS;319000-9;NAO SE APLICA;-9;NAO SE APLICA;-9;NAO SE APLICA;-9;NAO SE APLICA;NAO SE APLICA;-9;-9;-9;DOCUMENTO LANCADO PELA FITA SOF ESB00DN;-9;NAO SE APLICA;;(1.179.950,00);;;;(1.179.950,00);;;;;;;;;;;;;;
14107;TRIBUNAL REGIONAL ELEITORAL DO DIST. FEDERAL;070025;TRIBUNAL REGIONAL ELEITORAL DO D. FEDERAL;09272008901810053;0181;APOSENTADORIAS E PENSOES CIVIS DA UNIAO;0000;APOSENTADORIAS E PENSOES CIVIS DA UNIAO;084775;-8;SEM INFORMACAO;0969;CONTRIB.PATRONAL P/PLANO DE SEGURID.SOC.SERV.;2;ORCAMENTO DE SEGURIDADE SOCIAL;3;DESPESAS CORRENTES;1;PESSOAL E ENCARGOS SOCIAIS;00;[A DETALHAR];319000;APLICACOES DIRETAS;319000-9;NAO SE APLICA;-9;NAO SE APLICA;-9;NAO SE APLICA;-9;NAO SE APLICA;NAO SE APLICA;-9;-9;-9;RETORNO AO DISPONIVEL EM DECORRENCIA DE ALTERACAO PELO  DOCUMENTO LANCADO PELAFITA SOF ESB006X EM 07/02/2018 (ND 800009);-9;NAO SE APLICA;1.179.950,00;1.179.950,00;;;1.179.950,00;;;;;;;;;;;;;;;
14107;TRIBUNAL REGIONAL ELEITORAL DO DIST. FEDERAL;070025;TRIBUNAL REGIONAL ELEITORAL DO D. FEDERAL;09272008901810053;0181;APOSENTADORIAS E PENSOES CIVIS DA UNIAO;0000;APOSENTADORIAS E PENSOES CIVIS DA UNIAO;084775;FOL SERVID;PESSOAL - FOLHA DE SERVIDORES;0100;RECURSOS ORDINARIOS;2;ORCAMENTO DE SEGURIDADE SOCIAL;3;DESPESAS CORRENTES;1;PESSOAL E ENCARGOS SOCIAIS;01;APOSENT.RPPS, RESER.REMUNER. E REFOR.MILITAR;319001;APOSENT.RPPS, RESER.REMUNER. E REFOR.MILITAR;31900101;PROVENTOS - PESSOAL CIVIL;5;GLOBAL;08;NAO SE APLICA;-8;26/09/2017;SET/2017;2017;070025000012017NE000431;PROVENTOS;NAO SE APLICA;070025;TRIBUNAL REGIONAL ELEITORAL DO D. FEDERAL;;;;;;;;;;;;;25.256,26;;;;;25.256,26;;
14107;TRIBUNAL REGIONAL ELEITORAL DO DIST. FEDERAL;070025;TRIBUNAL REGIONAL ELEITORAL DO D. FEDERAL;09272008901810053;0181;APOSENTADORIAS E PENSOES CIVIS DA UNIAO;0000;APOSENTADORIAS E PENSOES CIVIS DA UNIAO;084775;FOL SERVID;PESSOAL - FOLHA DE SERVIDORES;0100;RECURSOS ORDINARIOS;2;ORCAMENTO DE SEGURIDADE SOCIAL;3;DESPESAS CORRENTES;1;PESSOAL E ENCARGOS SOCIAIS;03;PENSOES DO RPPS E DO MILITAR;319003;PENSOES DO RPPS E DO MILITAR;31900301;PENSOES CIVIS;5;GLOBAL;08;NAO SE APLICA;-8;26/09/2017;SET/2017;2017;070025000012017NE000430;PENSOES;NAO SE APLICA;070025;TRIBUNAL REGIONAL ELEITORAL DO D. FEDERAL;;;;;;;;;;;;;32.637,20;;;;;32.637,20;;
14107;TRIBUNAL REGIONAL ELEITORAL DO DIST. FEDERAL;070025;TRIBUNAL REGIONAL ELEITORAL DO D. FEDERAL;09272008901810053;0181;APOSENTADORIAS E PENSOES CIVIS DA UNIAO;0000;APOSENTADORIAS E PENSOES CIVIS DA UNIAO;084775;FOL SERVID;PESSOAL - FOLHA DE SERVIDORES;0100;RECURSOS ORDINARIOS;2;ORCAMENTO DE SEGURIDADE SOCIAL;3;DESPESAS CORRENTES;1;PESSOAL E ENCARGOS SOCIAIS;92;DESPESAS DE EXERCICIOS ANTERIORES;319092;DESPESAS DE EXERCICIOS ANTERIORES;31909203;PENSOES DO RPPS E DO MILITAR;5;GLOBAL;08;NAO SE APLICA;-8;30/12/2016;DEZ/2016;2016;070025000012016NE000913;PENSOES;NAO SE APLICA;070025;TRIBUNAL REGIONAL ELEITORAL DO D. FEDERAL;;;;;;;;;;;;;;18.193,67;;;;18.193,67;;
14107;TRIBUNAL REGIONAL ELEITORAL DO DIST. FEDERAL;070025;TRIBUNAL REGIONAL ELEITORAL DO D. FEDERAL;09272008901810053;0181;APOSENTADORIAS E PENSOES CIVIS DA UNIAO;0000;APOSENTADORIAS E PENSOES CIVIS DA UNIAO;084775;FOL SERVID;PESSOAL - FOLHA DE SERVIDORES;0156;CONTRIBUICAO PLANO SEGURIDADE SOCIAL SERVIDOR;2;ORCAMENTO DE SEGURIDADE SOCIAL;3;DESPESAS CORRENTES;1;PESSOAL E ENCARGOS SOCIAIS;03;PENSOES DO RPPS E DO MILITAR;319003;PENSOES DO RPPS E DO MILITAR;319003-9;NAO SE APLICA;-9;NAO SE APLICA;-9;NAO SE APLICA;-9;NAO SE APLICA;NAO SE APLICA;-9;-9;-9;2018NECT - PENSOES, EXERCICIO 2018.;-9;NAO SE APLICA;;;;;(7.557.609,00);;;;;;;;;;;;;;;
14107;TRIBUNAL REGIONAL ELEITORAL DO DIST. FEDERAL;070025;TRIBUNAL REGIONAL ELEITORAL DO D. FEDERAL;09272008901810053;0181;APOSENTADORIAS E PENSOES CIVIS DA UNIAO;0000;APOSENTADORIAS E PENSOES CIVIS DA UNIAO;084775;FOL SERVID;PESSOAL - FOLHA DE SERVIDORES;0156;CONTRIBUICAO PLANO SEGURIDADE SOCIAL SERVIDOR;2;ORCAMENTO DE SEGURIDADE SOCIAL;3;DESPESAS CORRENTES;1;PESSOAL E ENCARGOS SOCIAIS;03;PENSOES DO RPPS E DO MILITAR;319003;PENSOES DO RPPS E DO MILITAR;319003-9;NAO SE APLICA;-9;NAO SE APLICA;-9;NAO SE APLICA;-9;NAO SE APLICA;NAO SE APLICA;-9;-9;-9;ALTERACAO PARA EMISSAO DE NE. PENSOES.;-9;NAO SE APLICA;7.557.609,00;7.557.609,00;;;7.557.609,00;;;;;;;;;;;;;;;
14107;TRIBUNAL REGIONAL ELEITORAL DO DIST. FEDERAL;070025;TRIBUNAL REGIONAL ELEITORAL DO D. FEDERAL;09272008901810053;0181;APOSENTADORIAS E PENSOES CIVIS DA UNIAO;0000;APOSENTADORIAS E PENSOES CIVIS DA UNIAO;084775;FOL SERVID;PESSOAL - FOLHA DE SERVIDORES;0156;CONTRIBUICAO PLANO SEGURIDADE SOCIAL SERVIDOR;2;ORCAMENTO DE SEGURIDADE SOCIAL;3;DESPESAS CORRENTES;1;PESSOAL E ENCARGOS SOCIAIS;03;PENSOES DO RPPS E DO MILITAR;319003;PENSOES DO RPPS E DO MILITAR;31900301;PENSOES CIVIS;5;GLOBAL;08;NAO SE APLICA;-8;03/01/2018;JAN/2018;2018;070025000012018NE000013;PENSOES;2018NECT - PENSOES, EXERCICIO 2018.;070025;TRIBUNAL REGIONAL ELEITORAL DO D. FEDERAL;;;;;;;;7.007.609,00;;;;;;;;;;;;
14107;TRIBUNAL REGIONAL ELEITORAL DO DIST. FEDERAL;070025;TRIBUNAL REGIONAL ELEITORAL DO D. FEDERAL;09272008901810053;0181;APOSENTADORIAS E PENSOES CIVIS DA UNIAO;0000;APOSENTADORIAS E PENSOES CIVIS DA UNIAO;084775;FOL SERVID;PESSOAL - FOLHA DE SERVIDORES;0156;CONTRIBUICAO PLANO SEGURIDADE SOCIAL SERVIDOR;2;ORCAMENTO DE SEGURIDADE SOCIAL;3;DESPESAS CORRENTES;1;PESSOAL E ENCARGOS SOCIAIS;03;PENSOES DO RPPS E DO MILITAR;319003;PENSOES DO RPPS E DO MILITAR;31900301;PENSOES CIVIS;5;GLOBAL;08;NAO SE APLICA;-8;03/01/2018;JAN/2018;2018;070025000012018NE000013;PENSOES;FOLHA DE PAGAMENTO DE PENSAO CIVIL  REFERENTE AO MES DE MARCO DE 2018 - PA SEI 0001307-08.2018.6.07.8100.  CONSIGNACAO DA CEF.;070025;TRIBUNAL REGIONAL ELEITORAL DO D. FEDERAL;;;;;;;;0,00;0,00;897,28;;;;;;;;;0,00;897,28
14107;TRIBUNAL REGIONAL ELEITORAL DO DIST. FEDERAL;070025;TRIBUNAL REGIONAL ELEITORAL DO D. FEDERAL;09272008901810053;0181;APOSENTADORIAS E PENSOES CIVIS DA UNIAO;0000;APOSENTADORIAS E PENSOES CIVIS DA UNIAO;084775;FOL SERVID;PESSOAL - FOLHA DE SERVIDORES;0156;CONTRIBUICAO PLANO SEGURIDADE SOCIAL SERVIDOR;2;ORCAMENTO DE SEGURIDADE SOCIAL;3;DESPESAS CORRENTES;1;PESSOAL E ENCARGOS SOCIAIS;03;PENSOES DO RPPS E DO MILITAR;319003;PENSOES DO RPPS E DO MILITAR;31900301;PENSOES CIVIS;5;GLOBAL;08;NAO SE APLICA;-8;03/01/2018;JAN/2018;2018;070025000012018NE000013;PENSOES;FOLHA DE PAGAMENTO DE PENSAO CIVIL  REFERENTE AO MES DE MARCO DE 2018 - PA SEI 0001307-08.2018.6.07.8100.  CONSIGNACAO DA FINANCEIRA ALFA.;070025;TRIBUNAL REGIONAL ELEITORAL DO D. FEDERAL;;;;;;;;0,00;0,00;1.422,38;;;;;;;;;0,00;1.422,38
14107;TRIBUNAL REGIONAL ELEITORAL DO DIST. FEDERAL;070025;TRIBUNAL REGIONAL ELEITORAL DO D. FEDERAL;09272008901810053;0181;APOSENTADORIAS E PENSOES CIVIS DA UNIAO;0000;APOSENTADORIAS E PENSOES CIVIS DA UNIAO;084775;FOL SERVID;PESSOAL - FOLHA DE SERVIDORES;0156;CONTRIBUICAO PLANO SEGURIDADE SOCIAL SERVIDOR;2;ORCAMENTO DE SEGURIDADE SOCIAL;3;DESPESAS CORRENTES;1;PESSOAL E ENCARGOS SOCIAIS;03;PENSOES DO RPPS E DO MILITAR;319003;PENSOES DO RPPS E DO MILITAR;31900301;PENSOES CIVIS;5;GLOBAL;08;NAO SE APLICA;-8;03/01/2018;JAN/2018;2018;070025000012018NE000013;PENSOES;FOLHA DE PAGAMENTO DE PENSAO CIVIL  REFERENTE AO MES DE MARCO DE 2018 - PA SEI 0001307-08.2018.6.07.8100.  CONSIGNACAO DO BANCO CRUZ. DO SUL.;070025;TRIBUNAL REGIONAL ELEITORAL DO D. FEDERAL;;;;;;;;0,00;0,00;9.767,45;;;;;;;;;0,00;9.767,45
14107;TRIBUNAL REGIONAL ELEITORAL DO DIST. FEDERAL;070025;TRIBUNAL REGIONAL ELEITORAL DO D. FEDERAL;09272008901810053;0181;APOSENTADORIAS E PENSOES CIVIS DA UNIAO;0000;APOSENTADORIAS E PENSOES CIVIS DA UNIAO;084775;FOL SERVID;PESSOAL - FOLHA DE SERVIDORES;0156;CONTRIBUICAO PLANO SEGURIDADE SOCIAL SERVIDOR;2;ORCAMENTO DE SEGURIDADE SOCIAL;3;DESPESAS CORRENTES;1;PESSOAL E ENCARGOS SOCIAIS;03;PENSOES DO RPPS E DO MILITAR;319003;PENSOES DO RPPS E DO MILITAR;31900301;PENSOES CIVIS;5;GLOBAL;08;NAO SE APLICA;-8;03/01/2018;JAN/2018;2018;070025000012018NE000013;PENSOES;FOLHA DE PAGAMENTO DE PENSAO CIVIL  REFERENTE AO MES DE MARCO DE 2018 - PA SEI 0001307-08.2018.6.07.8100.  CONSIGNACAO DO BANCO DO BRASIL.;070025;TRIBUNAL REGIONAL ELEITORAL DO D. FEDERAL;;;;;;;;0,00;0,00;17.809,59;;;;;;;;;0,00;17.809,59
14107;TRIBUNAL REGIONAL ELEITORAL DO DIST. FEDERAL;070025;TRIBUNAL REGIONAL ELEITORAL DO D. FEDERAL;09272008901810053;0181;APOSENTADORIAS E PENSOES CIVIS DA UNIAO;0000;APOSENTADORIAS E PENSOES CIVIS DA UNIAO;084775;FOL SERVID;PESSOAL - FOLHA DE SERVIDORES;0156;CONTRIBUICAO PLANO SEGURIDADE SOCIAL SERVIDOR;2;ORCAMENTO DE SEGURIDADE SOCIAL;3;DESPESAS CORRENTES;1;PESSOAL E ENCARGOS SOCIAIS;03;PENSOES DO RPPS E DO MILITAR;319003;PENSOES DO RPPS E DO MILITAR;31900301;PENSOES CIVIS;5;GLOBAL;08;NAO SE APLICA;-8;03/01/2018;JAN/2018;2018;070025000012018NE000013;PENSOES;FOLHA DE PAGAMENTO DE PENSAO CIVIL  REFERENTE AO MES DE MARCO DE 2018 - PA SEI 0001307-08.2018.6.07.8100.  CONSIGNACAO DO BANCO SANTANDER.;070025;TRIBUNAL REGIONAL ELEITORAL DO D. FEDERAL;;;;;;;;0,00;0,00;3.550,17;;;;;;;;;0,00;3.550,17
14107;TRIBUNAL REGIONAL ELEITORAL DO DIST. FEDERAL;070025;TRIBUNAL REGIONAL ELEITORAL DO D. FEDERAL;09272008901810053;0181;APOSENTADORIAS E PENSOES CIVIS DA UNIAO;0000;APOSENTADORIAS E PENSOES CIVIS DA UNIAO;084775;FOL SERVID;PESSOAL - FOLHA DE SERVIDORES;0156;CONTRIBUICAO PLANO SEGURIDADE SOCIAL SERVIDOR;2;ORCAMENTO DE SEGURIDADE SOCIAL;3;DESPESAS CORRENTES;1;PESSOAL E ENCARGOS SOCIAIS;03;PENSOES DO RPPS E DO MILITAR;319003;PENSOES DO RPPS E DO MILITAR;31900301;PENSOES CIVIS;5;GLOBAL;08;NAO SE APLICA;-8;03/01/2018;JAN/2018;2018;070025000012018NE000013;PENSOES;FOLHA DE PAGAMENTO DE PENSAO CIVIL  REFERENTE AO MES DE MARCO DE 2018 - PA SEI 0001307-08.2018.6.07.8100.  CONSIGNACAO DO BRADESCO.;070025;TRIBUNAL REGIONAL ELEITORAL DO D. FEDERAL;;;;;;;;0,00;0,00;159,59;;;;;;;;;0,00;159,59
14107;TRIBUNAL REGIONAL ELEITORAL DO DIST. FEDERAL;070025;TRIBUNAL REGIONAL ELEITORAL DO D. FEDERAL;09272008901810053;0181;APOSENTADORIAS E PENSOES CIVIS DA UNIAO;0000;APOSENTADORIAS E PENSOES CIVIS DA UNIAO;084775;FOL SERVID;PESSOAL - FOLHA DE SERVIDORES;0156;CONTRIBUICAO PLANO SEGURIDADE SOCIAL SERVIDOR;2;ORCAMENTO DE SEGURIDADE SOCIAL;3;DESPESAS CORRENTES;1;PESSOAL E ENCARGOS SOCIAIS;03;PENSOES DO RPPS E DO MILITAR;319003;PENSOES DO RPPS E DO MILITAR;31900301;PENSOES CIVIS;5;GLOBAL;08;NAO SE APLICA;-8;03/01/2018;JAN/2018;2018;070025000012018NE000013;PENSOES;FOLHA DE PAGAMENTO DE PENSAO CIVIL  REFERENTE AO MES DE MARCO DE 2018 - PA SEI 0001307-08.2018.6.07.8100.  CONSIGNACAO DO BRB.;070025;TRIBUNAL REGIONAL ELEITORAL DO D. FEDERAL;;;;;;;;0,00;0,00;162,39;;;;;;;;;0,00;162,39
14107;TRIBUNAL REGIONAL ELEITORAL DO DIST. FEDERAL;070025;TRIBUNAL REGIONAL ELEITORAL DO D. FEDERAL;09272008901810053;0181;APOSENTADORIAS E PENSOES CIVIS DA UNIAO;0000;APOSENTADORIAS E PENSOES CIVIS DA UNIAO;084775;FOL SERVID;PESSOAL - FOLHA DE SERVIDORES;0156;CONTRIBUICAO PLANO SEGURIDADE SOCIAL SERVIDOR;2;ORCAMENTO DE SEGURIDADE SOCIAL;3;DESPESAS CORRENTES;1;PESSOAL E ENCARGOS SOCIAIS;03;PENSOES DO RPPS E DO MILITAR;319003;PENSOES DO RPPS E DO MILITAR;31900301;PENSOES CIVIS;5;GLOBAL;08;NAO SE APLICA;-8;03/01/2018;JAN/2018;2018;070025000012018NE000013;PENSOES;FOLHA DE PAGAMENTO DE PENSAO CIVIL  REFERENTE AO MES DE MARCO DE 2018 - PA SEI 0001307-08.2018.6.07.8100.  CONSIGNACAO DO SINDJUS.;070025;TRIBUNAL REGIONAL ELEITORAL DO D. FEDERAL;;;;;;;;0,00;0,00;470,00;;;;;;;;;0,00;470,00
14107;TRIBUNAL REGIONAL ELEITORAL DO DIST. FEDERAL;070025;TRIBUNAL REGIONAL ELEITORAL DO D. FEDERAL;09272008901810053;0181;APOSENTADORIAS E PENSOES CIVIS DA UNIAO;0000;APOSENTADORIAS E PENSOES CIVIS DA UNIAO;084775;FOL SERVID;PESSOAL - FOLHA DE SERVIDORES;0156;CONTRIBUICAO PLANO SEGURIDADE SOCIAL SERVIDOR;2;ORCAMENTO DE SEGURIDADE SOCIAL;3;DESPESAS CORRENTES;1;PESSOAL E ENCARGOS SOCIAIS;03;PENSOES DO RPPS E DO MILITAR;319003;PENSOES DO RPPS E DO MILITAR;31900301;PENSOES CIVIS;5;GLOBAL;08;NAO SE APLICA;-8;03/01/2018;JAN/2018;2018;070025000012018NE000013;PENSOES;FOLHA DE PAGAMENTO DE PENSAO CIVIL  REFERENTE AO MES DE MARCO DE 2018 - PA SEI 0001307-08.2018.6.07.8100.  CONSIGNACAO DO TRE-SAUDE.;070025;TRIBUNAL REGIONAL ELEITORAL DO D. FEDERAL;;;;;;;;0,00;0,00;10.226,78;;;;;;;;;0,00;10.226,78
14107;TRIBUNAL REGIONAL ELEITORAL DO DIST. FEDERAL;070025;TRIBUNAL REGIONAL ELEITORAL DO D. FEDERAL;09272008901810053;0181;APOSENTADORIAS E PENSOES CIVIS DA UNIAO;0000;APOSENTADORIAS E PENSOES CIVIS DA UNIAO;084775;FOL SERVID;PESSOAL - FOLHA DE SERVIDORES;0156;CONTRIBUICAO PLANO SEGURIDADE SOCIAL SERVIDOR;2;ORCAMENTO DE SEGURIDADE SOCIAL;3;DESPESAS CORRENTES;1;PESSOAL E ENCARGOS SOCIAIS;03;PENSOES DO RPPS E DO MILITAR;319003;PENSOES DO RPPS E DO MILITAR;31900301;PENSOES CIVIS;5;GLOBAL;08;NAO SE APLICA;-8;03/01/2018;JAN/2018;2018;070025000012018NE000013;PENSOES;FOLHA DE PAGAMENTO DE PENSAO CIVIL  REFERENTE AO MES DE MARCO DE 2018 - PA SEI 0001307-08.2018.6.07.8100.  LIQUIDO DA CEF.;070025;TRIBUNAL REGIONAL ELEITORAL DO D. FEDERAL;;;;;;;;0,00;0,00;20.778,16;;;;;;;;;0,00;20.778,16
14107;TRIBUNAL REGIONAL ELEITORAL DO DIST. FEDERAL;070025;TRIBUNAL REGIONAL ELEITORAL DO D. FEDERAL;09272008901810053;0181;APOSENTADORIAS E PENSOES CIVIS DA UNIAO;0000;APOSENTADORIAS E PENSOES CIVIS DA UNIAO;084775;FOL SERVID;PESSOAL - FOLHA DE SERVIDORES;0156;CONTRIBUICAO PLANO SEGURIDADE SOCIAL SERVIDOR;2;ORCAMENTO DE SEGURIDADE SOCIAL;3;DESPESAS CORRENTES;1;PESSOAL E ENCARGOS SOCIAIS;03;PENSOES DO RPPS E DO MILITAR;319003;PENSOES DO RPPS E DO MILITAR;31900301;PENSOES CIVIS;5;GLOBAL;08;NAO SE APLICA;-8;03/01/2018;JAN/2018;2018;070025000012018NE000013;PENSOES;FOLHA DE PAGAMENTO DE PENSAO CIVIL  REFERENTE AO MES DE MARCO DE 2018 - PA SEI 0001307-08.2018.6.07.8100.  LIQUIDO DO ITAU.;070025;TRIBUNAL REGIONAL ELEITORAL DO D. FEDERAL;;;;;;;;0,00;0,00;7.480,78;;;;;;;;;0,00;7.480,78
14107;TRIBUNAL REGIONAL ELEITORAL DO DIST. FEDERAL;070025;TRIBUNAL REGIONAL ELEITORAL DO D. FEDERAL;09272008901810053;0181;APOSENTADORIAS E PENSOES CIVIS DA UNIAO;0000;APOSENTADORIAS E PENSOES CIVIS DA UNIAO;084775;FOL SERVID;PESSOAL - FOLHA DE SERVIDORES;0156;CONTRIBUICAO PLANO SEGURIDADE SOCIAL SERVIDOR;2;ORCAMENTO DE SEGURIDADE SOCIAL;3;DESPESAS CORRENTES;1;PESSOAL E ENCARGOS SOCIAIS;03;PENSOES DO RPPS E DO MILITAR;319003;PENSOES DO RPPS E DO MILITAR;31900301;PENSOES CIVIS;5;GLOBAL;08;NAO SE APLICA;-8;03/01/2018;JAN/2018;2018;070025000012018NE000013;PENSOES;FOLHA DE PAGAMENTO DE PENSAO CIVIL  REFERENTE AO MES DE MARCO DE 2018 - PA SEI 0001307-08.2018.6.07.8100. ŽIMPOSTO DE RENDA RETIDO NA FONTE.;070025;TRIBUNAL REGIONAL ELEITORAL DO D. FEDERAL;;;;;;;;0,00;0,00;77.392,96;;;;;;;;;0,00;77.392,96
14107;TRIBUNAL REGIONAL ELEITORAL DO DIST. FEDERAL;070025;TRIBUNAL REGIONAL ELEITORAL DO D. FEDERAL;09272008901810053;0181;APOSENTADORIAS E PENSOES CIVIS DA UNIAO;0000;APOSENTADORIAS E PENSOES CIVIS DA UNIAO;084775;FOL SERVID;PESSOAL - FOLHA DE SERVIDORES;0156;CONTRIBUICAO PLANO SEGURIDADE SOCIAL SERVIDOR;2;ORCAMENTO DE SEGURIDADE SOCIAL;3;DESPESAS CORRENTES;1;PESSOAL E ENCARGOS SOCIAIS;03;PENSOES DO RPPS E DO MILITAR;319003;PENSOES DO RPPS E DO MILITAR;31900301;PENSOES CIVIS;5;GLOBAL;08;NAO SE APLICA;-8;03/01/2018;JAN/2018;2018;070025000012018NE000013;PENSOES;FOLHA DE PAGAMENTO DE PENSAO CIVIL  REFERENTE AO MES DE MARCO DE 2018 - PA SEI 0001307-08.2018.6.07.8100. LIQUIDO DO BANCO DO BRASIL.;070025;TRIBUNAL REGIONAL ELEITORAL DO D. FEDERAL;;;;;;;;0,00;0,00;286.908,55;;;;;;;;;0,00;286.908,55
14107;TRIBUNAL REGIONAL ELEITORAL DO DIST. FEDERAL;070025;TRIBUNAL REGIONAL ELEITORAL DO D. FEDERAL;09272008901810053;0181;APOSENTADORIAS E PENSOES CIVIS DA UNIAO;0000;APOSENTADORIAS E PENSOES CIVIS DA UNIAO;084775;FOL SERVID;PESSOAL - FOLHA DE SERVIDORES;0156;CONTRIBUICAO PLANO SEGURIDADE SOCIAL SERVIDOR;2;ORCAMENTO DE SEGURIDADE SOCIAL;3;DESPESAS CORRENTES;1;PESSOAL E ENCARGOS SOCIAIS;03;PENSOES DO RPPS E DO MILITAR;319003;PENSOES DO RPPS E DO MILITAR;31900301;PENSOES CIVIS;5;GLOBAL;08;NAO SE APLICA;-8;03/01/2018;JAN/2018;2018;070025000012018NE000013;PENSOES;FOLHA DE PAGAMENTO DE PENSAO CIVIL  REFERENTE AO MES DE MARCO DE 2018 - PA SEI 0001307-08.2018.6.07.8100. ŽPSSS.;070025;TRIBUNAL REGIONAL ELEITORAL DO D. FEDERAL;;;;;;;;0,00;0,00;39.318,17;;;;;;;;;0,00;39.318,17
14107;TRIBUNAL REGIONAL ELEITORAL DO DIST. FEDERAL;070025;TRIBUNAL REGIONAL ELEITORAL DO D. FEDERAL;09272008901810053;0181;APOSENTADORIAS E PENSOES CIVIS DA UNIAO;0000;APOSENTADORIAS E PENSOES CIVIS DA UNIAO;084775;FOL SERVID;PESSOAL - FOLHA DE SERVIDORES;0156;CONTRIBUICAO PLANO SEGURIDADE SOCIAL SERVIDOR;2;ORCAMENTO DE SEGURIDADE SOCIAL;3;DESPESAS CORRENTES;1;PESSOAL E ENCARGOS SOCIAIS;03;PENSOES DO RPPS E DO MILITAR;319003;PENSOES DO RPPS E DO MILITAR;31900301;PENSOES CIVIS;5;GLOBAL;08;NAO SE APLICA;-8;03/01/2018;JAN/2018;2018;070025000012018NE000013;PENSOES;FOLHA DE PAGAMENTO DE PENSAO CIVIL  REFERENTE AO MES DE MARCO DE 2018 - PA SEI 0001307-08.2018.6.07.8100. ŽTAXAS DAS CONSIGNACOES.;070025;TRIBUNAL REGIONAL ELEITORAL DO D. FEDERAL;;;;;;;;0,00;0,00;96,25;;;;;;;;;0,00;96,25
14107;TRIBUNAL REGIONAL ELEITORAL DO DIST. FEDERAL;070025;TRIBUNAL REGIONAL ELEITORAL DO D. FEDERAL;09272008901810053;0181;APOSENTADORIAS E PENSOES CIVIS DA UNIAO;0000;APOSENTADORIAS E PENSOES CIVIS DA UNIAO;084775;FOL SERVID;PESSOAL - FOLHA DE SERVIDORES;0156;CONTRIBUICAO PLANO SEGURIDADE SOCIAL SERVIDOR;2;ORCAMENTO DE SEGURIDADE SOCIAL;3;DESPESAS CORRENTES;1;PESSOAL E ENCARGOS SOCIAIS;03;PENSOES DO RPPS E DO MILITAR;319003;PENSOES DO RPPS E DO MILITAR;31900301;PENSOES CIVIS;5;GLOBAL;08;NAO SE APLICA;-8;03/01/2018;JAN/2018;2018;070025000012018NE000013;PENSOES;FOLHA DE PAGAMENTO DE PENSAO CIVIL  REFERENTE AO MES DE MARCO DE 2018 - PA SEI 0001307-08.2018.6.07.8100.LIQUIDO DE OUTROS BANCOS.;070025;TRIBUNAL REGIONAL ELEITORAL DO D. FEDERAL;;;;;;;;0,00;0,00;53.367,63;;;;;;;;;0,00;53.367,63
14107;TRIBUNAL REGIONAL ELEITORAL DO DIST. FEDERAL;070025;TRIBUNAL REGIONAL ELEITORAL DO D. FEDERAL;09272008901810053;0181;APOSENTADORIAS E PENSOES CIVIS DA UNIAO;0000;APOSENTADORIAS E PENSOES CIVIS DA UNIAO;084775;FOL SERVID;PESSOAL - FOLHA DE SERVIDORES;0156;CONTRIBUICAO PLANO SEGURIDADE SOCIAL SERVIDOR;2;ORCAMENTO DE SEGURIDADE SOCIAL;3;DESPESAS CORRENTES;1;PESSOAL E ENCARGOS SOCIAIS;03;PENSOES DO RPPS E DO MILITAR;319003;PENSOES DO RPPS E DO MILITAR;31900301;PENSOES CIVIS;5;GLOBAL;08;NAO SE APLICA;-8;03/01/2018;JAN/2018;2018;070025000012018NE000013;PENSOES;FOLHA DE PAGAMENTO DE PENSAO CIVIL REFERENTE AO MES DE  JANEIRO DE 2018. PA 0000050-45.2018.6.07.8100.;070025;TRIBUNAL REGIONAL ELEITORAL DO D. FEDERAL;;;;;;;;0,00;536.839,21;;;;;;;;;;536.839,21;
14107;TRIBUNAL REGIONAL ELEITORAL DO DIST. FEDERAL;070025;TRIBUNAL REGIONAL ELEITORAL DO D. FEDERAL;09272008901810053;0181;APOSENTADORIAS E PENSOES CIVIS DA UNIAO;0000;APOSENTADORIAS E PENSOES CIVIS DA UNIAO;084775;FOL SERVID;PESSOAL - FOLHA DE SERVIDORES;0156;CONTRIBUICAO PLANO SEGURIDADE SOCIAL SERVIDOR;2;ORCAMENTO DE SEGURIDADE SOCIAL;3;DESPESAS CORRENTES;1;PESSOAL E ENCARGOS SOCIAIS;03;PENSOES DO RPPS E DO MILITAR;319003;PENSOES DO RPPS E DO MILITAR;31900301;PENSOES CIVIS;5;GLOBAL;08;NAO SE APLICA;-8;03/01/2018;JAN/2018;2018;070025000012018NE000013;PENSOES;FOLHA DE PAGAMENTO DE PENSAO CIVIL REFERENTE AO MES DE  JANEIRO DE 2018. PA 0000050-45.2018.6.07.8100. DESCONTO SINDJUS;070025;TRIBUNAL REGIONAL ELEITORAL DO D. FEDERAL;;;;;;;;0,00;0,00;470,00;;;;;;;;;0,00;470,00
14107;TRIBUNAL REGIONAL ELEITORAL DO DIST. FEDERAL;070025;TRIBUNAL REGIONAL ELEITORAL DO D. FEDERAL;09272008901810053;0181;APOSENTADORIAS E PENSOES CIVIS DA UNIAO;0000;APOSENTADORIAS E PENSOES CIVIS DA UNIAO;084775;FOL SERVID;PESSOAL - FOLHA DE SERVIDORES;0156;CONTRIBUICAO PLANO SEGURIDADE SOCIAL SERVIDOR;2;ORCAMENTO DE SEGURIDADE SOCIAL;3;DESPESAS CORRENTES;1;PESSOAL E ENCARGOS SOCIAIS;03;PENSOES DO RPPS E DO MILITAR;319003;PENSOES DO RPPS E DO MILITAR;31900301;PENSOES CIVIS;5;GLOBAL;08;NAO SE APLICA;-8;03/01/2018;JAN/2018;2018;070025000012018NE000013;PENSOES;FOLHA DE PAGAMENTO DE PENSAO CIVIL REFERENTE AO MES DE  JANEIRO DE 2018. PA 0000050-45.2018.6.07.8100. DESONTO CONSIGNACAO BRB;070025;TRIBUNAL REGIONAL ELEITORAL DO D. FEDERAL;;;;;;;;0,00;0,00;162,39;;;;;;;;;0,00;162,39
14107;TRIBUNAL REGIONAL ELEITORAL DO DIST. FEDERAL;070025;TRIBUNAL REGIONAL ELEITORAL DO D. FEDERAL;09272008901810053;0181;APOSENTADORIAS E PENSOES CIVIS DA UNIAO;0000;APOSENTADORIAS E PENSOES CIVIS DA UNIAO;084775;FOL SERVID;PESSOAL - FOLHA DE SERVIDORES;0156;CONTRIBUICAO PLANO SEGURIDADE SOCIAL SERVIDOR;2;ORCAMENTO DE SEGURIDADE SOCIAL;3;DESPESAS CORRENTES;1;PESSOAL E ENCARGOS SOCIAIS;03;PENSOES DO RPPS E DO MILITAR;319003;PENSOES DO RPPS E DO MILITAR;31900301;PENSOES CIVIS;5;GLOBAL;08;NAO SE APLICA;-8;03/01/2018;JAN/2018;2018;070025000012018NE000013;PENSOES;FOLHA DE PAGAMENTO DE PENSAO CIVIL REFERENTE AO MES DE  JANEIRO DE 2018. PA 0000050-45.2018.6.07.8100. RECOLHIMENTO DE IRRF;070025;TRIBUNAL REGIONAL ELEITORAL DO D. FEDERAL;;;;;;;;0,00;0,00;79.306,36;;;;;;;;;0,00;79.306,36
14107;TRIBUNAL REGIONAL ELEITORAL DO DIST. FEDERAL;070025;TRIBUNAL REGIONAL ELEITORAL DO D. FEDERAL;09272008901810053;0181;APOSENTADORIAS E PENSOES CIVIS DA UNIAO;0000;APOSENTADORIAS E PENSOES CIVIS DA UNIAO;084775;FOL SERVID;PESSOAL - FOLHA DE SERVIDORES;0156;CONTRIBUICAO PLANO SEGURIDADE SOCIAL SERVIDOR;2;ORCAMENTO DE SEGURIDADE SOCIAL;3;DESPESAS CORRENTES;1;PESSOAL E ENCARGOS SOCIAIS;03;PENSOES DO RPPS E DO MILITAR;319003;PENSOES DO RPPS E DO MILITAR;31900301;PENSOES CIVIS;5;GLOBAL;08;NAO SE APLICA;-8;03/01/2018;JAN/2018;2018;070025000012018NE000013;PENSOES;FOLHA DE PAGAMENTO DE PENSAO CIVIL REFERENTE AO MES DE  JANEIRO DE 2018. PA 0000050-45.2018.6.07.8100. RECOLHIMENTO DE PSSS SERVIDOR;070025;TRIBUNAL REGIONAL ELEITORAL DO D. FEDERAL;;;;;;;;0,00;0,00;39.886,33;;;;;;;;;0,00;39.886,33
14107;TRIBUNAL REGIONAL ELEITORAL DO DIST. FEDERAL;070025;TRIBUNAL REGIONAL ELEITORAL DO D. FEDERAL;09272008901810053;0181;APOSENTADORIAS E PENSOES CIVIS DA UNIAO;0000;APOSENTADORIAS E PENSOES CIVIS DA UNIAO;084775;FOL SERVID;PESSOAL - FOLHA DE SERVIDORES;0156;CONTRIBUICAO PLANO SEGURIDADE SOCIAL SERVIDOR;2;ORCAMENTO DE SEGURIDADE SOCIAL;3;DESPESAS CORRENTES;1;PESSOAL E ENCARGOS SOCIAIS;03;PENSOES DO RPPS E DO MILITAR;319003;PENSOES DO RPPS E DO MILITAR;31900301;PENSOES CIVIS;5;GLOBAL;08;NAO SE APLICA;-8;03/01/2018;JAN/2018;2018;070025000012018NE000013;PENSOES;FOLHA DE PAGAMENTO DE PENSAO CIVIL REFERENTE AO MES DE  JANEIRO DE 2018. PA 0000050-45.2018.6.07.8100. RECOLHIMENTO TAXAS DE CONSIGNACAO;070025;TRIBUNAL REGIONAL ELEITORAL DO D. FEDERAL;;;;;;;;0,00;0,00;86,25;;;;;;;;;0,00;86,25
14107;TRIBUNAL REGIONAL ELEITORAL DO DIST. FEDERAL;070025;TRIBUNAL REGIONAL ELEITORAL DO D. FEDERAL;09272008901810053;0181;APOSENTADORIAS E PENSOES CIVIS DA UNIAO;0000;APOSENTADORIAS E PENSOES CIVIS DA UNIAO;084775;FOL SERVID;PESSOAL - FOLHA DE SERVIDORES;0156;CONTRIBUICAO PLANO SEGURIDADE SOCIAL SERVIDOR;2;ORCAMENTO DE SEGURIDADE SOCIAL;3;DESPESAS CORRENTES;1;PESSOAL E ENCARGOS SOCIAIS;03;PENSOES DO RPPS E DO MILITAR;319003;PENSOES DO RPPS E DO MILITAR;31900301;PENSOES CIVIS;5;GLOBAL;08;NAO SE APLICA;-8;03/01/2018;JAN/2018;2018;070025000012018NE000013;PENSOES;FOLHA DE PAGAMENTO DE PENSAO CIVIL REFERENTE AO MES DE  JANEIRO DE 2018. PA 0000050-45.2018.6.07.8100.DESCONTO CONSIGNACAO BANCO BRADESCO;070025;TRIBUNAL REGIONAL ELEITORAL DO D. FEDERAL;;;;;;;;0,00;0,00;159,59;;;;;;;;;0,00;159,59
14107;TRIBUNAL REGIONAL ELEITORAL DO DIST. FEDERAL;070025;TRIBUNAL REGIONAL ELEITORAL DO D. FEDERAL;09272008901810053;0181;APOSENTADORIAS E PENSOES CIVIS DA UNIAO;0000;APOSENTADORIAS E PENSOES CIVIS DA UNIAO;084775;FOL SERVID;PESSOAL - FOLHA DE SERVIDORES;0156;CONTRIBUICAO PLANO SEGURIDADE SOCIAL SERVIDOR;2;ORCAMENTO DE SEGURIDADE SOCIAL;3;DESPESAS CORRENTES;1;PESSOAL E ENCARGOS SOCIAIS;03;PENSOES DO RPPS E DO MILITAR;319003;PENSOES DO RPPS E DO MILITAR;31900301;PENSOES CIVIS;5;GLOBAL;08;NAO SE APLICA;-8;03/01/2018;JAN/2018;2018;070025000012018NE000013;PENSOES;FOLHA DE PAGAMENTO DE PENSAO CIVIL REFERENTE AO MES DE  JANEIRO DE 2018. PA 0000050-45.2018.6.07.8100.DESCONTO CONSIGNACAO BANCO CRUZ. DO SUL;070025;TRIBUNAL REGIONAL ELEITORAL DO D. FEDERAL;;;;;;;;0,00;0,00;9.767,45;;;;;;;;;0,00;9.767,45
14107;TRIBUNAL REGIONAL ELEITORAL DO DIST. FEDERAL;070025;TRIBUNAL REGIONAL ELEITORAL DO D. FEDERAL;09272008901810053;0181;APOSENTADORIAS E PENSOES CIVIS DA UNIAO;0000;APOSENTADORIAS E PENSOES CIVIS DA UNIAO;084775;FOL SERVID;PESSOAL - FOLHA DE SERVIDORES;0156;CONTRIBUICAO PLANO SEGURIDADE SOCIAL SERVIDOR;2;ORCAMENTO DE SEGURIDADE SOCIAL;3;DESPESAS CORRENTES;1;PESSOAL E ENCARGOS SOCIAIS;03;PENSOES DO RPPS E DO MILITAR;319003;PENSOES DO RPPS E DO MILITAR;31900301;PENSOES CIVIS;5;GLOBAL;08;NAO SE APLICA;-8;03/01/2018;JAN/2018;2018;070025000012018NE000013;PENSOES;FOLHA DE PAGAMENTO DE PENSAO CIVIL REFERENTE AO MES DE  JANEIRO DE 2018. PA 0000050-45.2018.6.07.8100.DESCONTO CONSIGNACAO BANCO FINANCEIRA ALFA;070025;TRIBUNAL REGIONAL ELEITORAL DO D. FEDERAL;;;;;;;;0,00;0,00;1.422,38;;;;;;;;;0,00;1.422,38
14107;TRIBUNAL REGIONAL ELEITORAL DO DIST. FEDERAL;070025;TRIBUNAL REGIONAL ELEITORAL DO D. FEDERAL;09272008901810053;0181;APOSENTADORIAS E PENSOES CIVIS DA UNIAO;0000;APOSENTADORIAS E PENSOES CIVIS DA UNIAO;084775;FOL SERVID;PESSOAL - FOLHA DE SERVIDORES;0156;CONTRIBUICAO PLANO SEGURIDADE SOCIAL SERVIDOR;2;ORCAMENTO DE SEGURIDADE SOCIAL;3;DESPESAS CORRENTES;1;PESSOAL E ENCARGOS SOCIAIS;03;PENSOES DO RPPS E DO MILITAR;319003;PENSOES DO RPPS E DO MILITAR;31900301;PENSOES CIVIS;5;GLOBAL;08;NAO SE APLICA;-8;03/01/2018;JAN/2018;2018;070025000012018NE000013;PENSOES;FOLHA DE PAGAMENTO DE PENSAO CIVIL REFERENTE AO MES DE  JANEIRO DE 2018. PA 0000050-45.2018.6.07.8100.DESCONTO CONSIGNACAO BANCO SANTANDER;070025;TRIBUNAL REGIONAL ELEITORAL DO D. FEDERAL;;;;;;;;0,00;0,00;3.550,17;;;;;;;;;0,00;3.550,17
14107;TRIBUNAL REGIONAL ELEITORAL DO DIST. FEDERAL;070025;TRIBUNAL REGIONAL ELEITORAL DO D. FEDERAL;09272008901810053;0181;APOSENTADORIAS E PENSOES CIVIS DA UNIAO;0000;APOSENTADORIAS E PENSOES CIVIS DA UNIAO;084775;FOL SERVID;PESSOAL - FOLHA DE SERVIDORES;0156;CONTRIBUICAO PLANO SEGURIDADE SOCIAL SERVIDOR;2;ORCAMENTO DE SEGURIDADE SOCIAL;3;DESPESAS CORRENTES;1;PESSOAL E ENCARGOS SOCIAIS;03;PENSOES DO RPPS E DO MILITAR;319003;PENSOES DO RPPS E DO MILITAR;31900301;PENSOES CIVIS;5;GLOBAL;08;NAO SE APLICA;-8;03/01/2018;JAN/2018;2018;070025000012018NE000013;PENSOES;FOLHA DE PAGAMENTO DE PENSAO CIVIL REFERENTE AO MES DE  JANEIRO DE 2018. PA 0000050-45.2018.6.07.8100.DESCONTO CONSIGNACAO BANCO TRE-SAUDE;070025;TRIBUNAL REGIONAL ELEITORAL DO D. FEDERAL;;;;;;;;0,00;0,00;9.438,51;;;;;;;;;0,00;9.438,51
14107;TRIBUNAL REGIONAL ELEITORAL DO DIST. FEDERAL;070025;TRIBUNAL REGIONAL ELEITORAL DO D. FEDERAL;09272008901810053;0181;APOSENTADORIAS E PENSOES CIVIS DA UNIAO;0000;APOSENTADORIAS E PENSOES CIVIS DA UNIAO;084775;FOL SERVID;PESSOAL - FOLHA DE SERVIDORES;0156;CONTRIBUICAO PLANO SEGURIDADE SOCIAL SERVIDOR;2;ORCAMENTO DE SEGURIDADE SOCIAL;3;DESPESAS CORRENTES;1;PESSOAL E ENCARGOS SOCIAIS;03;PENSOES DO RPPS E DO MILITAR;319003;PENSOES DO RPPS E DO MILITAR;31900301;PENSOES CIVIS;5;GLOBAL;08;NAO SE APLICA;-8;03/01/2018;JAN/2018;2018;070025000012018NE000013;PENSOES;FOLHA DE PAGAMENTO DE PENSAO CIVIL REFERENTE AO MES DE  JANEIRO DE 2018. PA 0000050-45.2018.6.07.8100.DESCONTO CONSIGNACAO BB;070025;TRIBUNAL REGIONAL ELEITORAL DO D. FEDERAL;;;;;;;;0,00;0,00;14.626,62;;;;;;;;;0,00;14.626,62
14107;TRIBUNAL REGIONAL ELEITORAL DO DIST. FEDERAL;070025;TRIBUNAL REGIONAL ELEITORAL DO D. FEDERAL;09272008901810053;0181;APOSENTADORIAS E PENSOES CIVIS DA UNIAO;0000;APOSENTADORIAS E PENSOES CIVIS DA UNIAO;084775;FOL SERVID;PESSOAL - FOLHA DE SERVIDORES;0156;CONTRIBUICAO PLANO SEGURIDADE SOCIAL SERVIDOR;2;ORCAMENTO DE SEGURIDADE SOCIAL;3;DESPESAS CORRENTES;1;PESSOAL E ENCARGOS SOCIAIS;03;PENSOES DO RPPS E DO MILITAR;319003;PENSOES DO RPPS E DO MILITAR;31900301;PENSOES CIVIS;5;GLOBAL;08;NAO SE APLICA;-8;03/01/2018;JAN/2018;2018;070025000012018NE000013;PENSOES;FOLHA DE PAGAMENTO DE PENSAO CIVIL REFERENTE AO MES DE  JANEIRO DE 2018. PA 0000050-45.2018.6.07.8100.DESCONTO CONSIGNACAO CEF;070025;TRIBUNAL REGIONAL ELEITORAL DO D. FEDERAL;;;;;;;;0,00;0,00;245,53;;;;;;;;;0,00;245,53
14107;TRIBUNAL REGIONAL ELEITORAL DO DIST. FEDERAL;070025;TRIBUNAL REGIONAL ELEITORAL DO D. FEDERAL;09272008901810053;0181;APOSENTADORIAS E PENSOES CIVIS DA UNIAO;0000;APOSENTADORIAS E PENSOES CIVIS DA UNIAO;084775;FOL SERVID;PESSOAL - FOLHA DE SERVIDORES;0156;CONTRIBUICAO PLANO SEGURIDADE SOCIAL SERVIDOR;2;ORCAMENTO DE SEGURIDADE SOCIAL;3;DESPESAS CORRENTES;1;PESSOAL E ENCARGOS SOCIAIS;03;PENSOES DO RPPS E DO MILITAR;319003;PENSOES DO RPPS E DO MILITAR;31900301;PENSOES CIVIS;5;GLOBAL;08;NAO SE APLICA;-8;03/01/2018;JAN/2018;2018;070025000012018NE000013;PENSOES;FOLHA DE PAGAMENTO DE PENSAO CIVIL REFERENTE AO MES DE ABRIL DE 2018 - PA SEI 0001951-48.2018.6.07.8100.;070025;TRIBUNAL REGIONAL ELEITORAL DO D. FEDERAL;;;;;;;;0,00;532.794,61;;;;;;;;;;532.794,61;
14107;TRIBUNAL REGIONAL ELEITORAL DO DIST. FEDERAL;070025;TRIBUNAL REGIONAL ELEITORAL DO D. FEDERAL;09272008901810053;0181;APOSENTADORIAS E PENSOES CIVIS DA UNIAO;0000;APOSENTADORIAS E PENSOES CIVIS DA UNIAO;084775;FOL SERVID;PESSOAL - FOLHA DE SERVIDORES;0156;CONTRIBUICAO PLANO SEGURIDADE SOCIAL SERVIDOR;2;ORCAMENTO DE SEGURIDADE SOCIAL;3;DESPESAS CORRENTES;1;PESSOAL E ENCARGOS SOCIAIS;03;PENSOES DO RPPS E DO MILITAR;319003;PENSOES DO RPPS E DO MILITAR;31900301;PENSOES CIVIS;5;GLOBAL;08;NAO SE APLICA;-8;03/01/2018;JAN/2018;2018;070025000012018NE000013;PENSOES;FOLHA DE PAGAMENTO DE PENSAO CIVIL REFERENTE AO MES DE ABRIL DE 2018 - PA SEI 0001951-48.2018.6.07.8100.  DADOS BANCARIOS BANCO DO BRASIL.;070025;TRIBUNAL REGIONAL ELEITORAL DO D. FEDERAL;;;;;;;;0,00;0,00;293.345,58;;;;;;;;;0,00;293.345,58
14107;TRIBUNAL REGIONAL ELEITORAL DO DIST. FEDERAL;070025;TRIBUNAL REGIONAL ELEITORAL DO D. FEDERAL;09272008901810053;0181;APOSENTADORIAS E PENSOES CIVIS DA UNIAO;0000;APOSENTADORIAS E PENSOES CIVIS DA UNIAO;084775;FOL SERVID;PESSOAL - FOLHA DE SERVIDORES;0156;CONTRIBUICAO PLANO SEGURIDADE SOCIAL SERVIDOR;2;ORCAMENTO DE SEGURIDADE SOCIAL;3;DESPESAS CORRENTES;1;PESSOAL E ENCARGOS SOCIAIS;03;PENSOES DO RPPS E DO MILITAR;319003;PENSOES DO RPPS E DO MILITAR;31900301;PENSOES CIVIS;5;GLOBAL;08;NAO SE APLICA;-8;03/01/2018;JAN/2018;2018;070025000012018NE000013;PENSOES;FOLHA DE PAGAMENTO DE PENSAO CIVIL REFERENTE AO MES DE ABRIL DE 2018 - PA SEI 0001951-48.2018.6.07.8100.  DADOS BANCARIOS CEF.;070025;TRIBUNAL REGIONAL ELEITORAL DO D. FEDERAL;;;;;;;;0,00;0,00;18.552,74;;;;;;;;;0,00;18.552,74
14107;TRIBUNAL REGIONAL ELEITORAL DO DIST. FEDERAL;070025;TRIBUNAL REGIONAL ELEITORAL DO D. FEDERAL;09272008901810053;0181;APOSENTADORIAS E PENSOES CIVIS DA UNIAO;0000;APOSENTADORIAS E PENSOES CIVIS DA UNIAO;084775;FOL SERVID;PESSOAL - FOLHA DE SERVIDORES;0156;CONTRIBUICAO PLANO SEGURIDADE SOCIAL SERVIDOR;2;ORCAMENTO DE SEGURIDADE SOCIAL;3;DESPESAS CORRENTES;1;PESSOAL E ENCARGOS SOCIAIS;03;PENSOES DO RPPS E DO MILITAR;319003;PENSOES DO RPPS E DO MILITAR;31900301;PENSOES CIVIS;5;GLOBAL;08;NAO SE APLICA;-8;03/01/2018;JAN/2018;2018;070025000012018NE000013;PENSOES;FOLHA DE PAGAMENTO DE PENSAO CIVIL REFERENTE AO MES DE ABRIL DE 2018 - PA SEI 0001951-48.2018.6.07.8100.  DEDUCOES. BANCO DO BRASIL.;070025;TRIBUNAL REGIONAL ELEITORAL DO D. FEDERAL;;;;;;;;0,00;0,00;17.809,59;;;;;;;;;0,00;17.809,59
14107;TRIBUNAL REGIONAL ELEITORAL DO DIST. FEDERAL;070025;TRIBUNAL REGIONAL ELEITORAL DO D. FEDERAL;09272008901810053;0181;APOSENTADORIAS E PENSOES CIVIS DA UNIAO;0000;APOSENTADORIAS E PENSOES CIVIS DA UNIAO;084775;FOL SERVID;PESSOAL - FOLHA DE SERVIDORES;0156;CONTRIBUICAO PLANO SEGURIDADE SOCIAL SERVIDOR;2;ORCAMENTO DE SEGURIDADE SOCIAL;3;DESPESAS CORRENTES;1;PESSOAL E ENCARGOS SOCIAIS;03;PENSOES DO RPPS E DO MILITAR;319003;PENSOES DO RPPS E DO MILITAR;31900301;PENSOES CIVIS;5;GLOBAL;08;NAO SE APLICA;-8;03/01/2018;JAN/2018;2018;070025000012018NE000013;PENSOES;FOLHA DE PAGAMENTO DE PENSAO CIVIL REFERENTE AO MES DE ABRIL DE 2018 - PA SEI 0001951-48.2018.6.07.8100.  DEDUCOES. CEF.;070025;TRIBUNAL REGIONAL ELEITORAL DO D. FEDERAL;;;;;;;;0,00;0,00;897,28;;;;;;;;;0,00;897,28
14107;TRIBUNAL REGIONAL ELEITORAL DO DIST. FEDERAL;070025;TRIBUNAL REGIONAL ELEITORAL DO D. FEDERAL;09272008901810053;0181;APOSENTADORIAS E PENSOES CIVIS DA UNIAO;0000;APOSENTADORIAS E PENSOES CIVIS DA UNIAO;084775;FOL SERVID;PESSOAL - FOLHA DE SERVIDORES;0156;CONTRIBUICAO PLANO SEGURIDADE SOCIAL SERVIDOR;2;ORCAMENTO DE SEGURIDADE SOCIAL;3;DESPESAS CORRENTES;1;PESSOAL E ENCARGOS SOCIAIS;03;PENSOES DO RPPS E DO MILITAR;319003;PENSOES DO RPPS E DO MILITAR;31900301;PENSOES CIVIS;5;GLOBAL;08;NAO SE APLICA;-8;03/01/2018;JAN/2018;2018;070025000012018NE000013;PENSOES;FOLHA DE PAGAMENTO DE PENSAO CIVIL REFERENTE AO MES DE ABRIL DE 2018 - PA SEI 0001951-48.2018.6.07.8100.  DEDUCOES. DEVOLUCAO DE CONSIGNACOES (TAXAS MINISTERIO DO PLANEJAMENTO).;070025;TRIBUNAL REGIONAL ELEITORAL DO D. FEDERAL;;;;;;;;0,00;0,00;93,75;;;;;;;;;0,00;93,75
14107;TRIBUNAL REGIONAL ELEITORAL DO DIST. FEDERAL;070025;TRIBUNAL REGIONAL ELEITORAL DO D. FEDERAL;09272008901810053;0181;APOSENTADORIAS E PENSOES CIVIS DA UNIAO;0000;APOSENTADORIAS E PENSOES CIVIS DA UNIAO;084775;FOL SERVID;PESSOAL - FOLHA DE SERVIDORES;0156;CONTRIBUICAO PLANO SEGURIDADE SOCIAL SERVIDOR;2;ORCAMENTO DE SEGURIDADE SOCIAL;3;DESPESAS CORRENTES;1;PESSOAL E ENCARGOS SOCIAIS;03;PENSOES DO RPPS E DO MILITAR;319003;PENSOES DO RPPS E DO MILITAR;31900301;PENSOES CIVIS;5;GLOBAL;08;NAO SE APLICA;-8;03/01/2018;JAN/2018;2018;070025000012018NE000013;PENSOES;FOLHA DE PAGAMENTO DE PENSAO CIVIL REFERENTE AO MES DE ABRIL DE 2018 - PA SEI 0001951-48.2018.6.07.8100.  DEDUCOES. PSSS SERVIDOR.;070025;TRIBUNAL REGIONAL ELEITORAL DO D. FEDERAL;;;;;;;;0,00;0,00;39.318,17;;;;;;;;;0,00;39.318,17
14107;TRIBUNAL REGIONAL ELEITORAL DO DIST. FEDERAL;070025;TRIBUNAL REGIONAL ELEITORAL DO D. FEDERAL;09272008901810053;0181;APOSENTADORIAS E PENSOES CIVIS DA UNIAO;0000;APOSENTADORIAS E PENSOES CIVIS DA UNIAO;084775;FOL SERVID;PESSOAL - FOLHA DE SERVIDORES;0156;CONTRIBUICAO PLANO SEGURIDADE SOCIAL SERVIDOR;2;ORCAMENTO DE SEGURIDADE SOCIAL;3;DESPESAS CORRENTES;1;PESSOAL E ENCARGOS SOCIAIS;03;PENSOES DO RPPS E DO MILITAR;319003;PENSOES DO RPPS E DO MILITAR;31900301;PENSOES CIVIS;5;GLOBAL;08;NAO SE APLICA;-8;03/01/2018;JAN/2018;2018;070025000012018NE000013;PENSOES;FOLHA DE PAGAMENTO DE PENSAO CIVIL REFERENTE AO MES DE ABRIL DE 2018 - PA SEI 0001951-48.2018.6.07.8100.  DEDUCOES. TRE - SAUDE CONTRIBUICAO MENSAL.;070025;TRIBUNAL REGIONAL ELEITORAL DO D. FEDERAL;;;;;;;;0,00;0,00;10.155,10;;;;;;;;;0,00;10.155,10
14107;TRIBUNAL REGIONAL ELEITORAL DO DIST. FEDERAL;070025;TRIBUNAL REGIONAL ELEITORAL DO D. FEDERAL;09272008901810053;0181;APOSENTADORIAS E PENSOES CIVIS DA UNIAO;0000;APOSENTADORIAS E PENSOES CIVIS DA UNIAO;084775;FOL SERVID;PESSOAL - FOLHA DE SERVIDORES;0156;CONTRIBUICAO PLANO SEGURIDADE SOCIAL SERVIDOR;2;ORCAMENTO DE SEGURIDADE SOCIAL;3;DESPESAS CORRENTES;1;PESSOAL E ENCARGOS SOCIAIS;03;PENSOES DO RPPS E DO MILITAR;319003;PENSOES DO RPPS E DO MILITAR;31900301;PENSOES CIVIS;5;GLOBAL;08;NAO SE APLICA;-8;03/01/2018;JAN/2018;2018;070025000012018NE000013;PENSOES;FOLHA DE PAGAMENTO DE PENSAO CIVIL REFERENTE AO MES DE ABRIL DE 2018 - PA SEI 0001951-48.2018.6.07.8100. DADOS BANCARIOS BANCO ITAU.;070025;TRIBUNAL REGIONAL ELEITORAL DO D. FEDERAL;;;;;;;;0,00;0,00;8.194,70;;;;;;;;;0,00;8.194,70
14107;TRIBUNAL REGIONAL ELEITORAL DO DIST. FEDERAL;070025;TRIBUNAL REGIONAL ELEITORAL DO D. FEDERAL;09272008901810053;0181;APOSENTADORIAS E PENSOES CIVIS DA UNIAO;0000;APOSENTADORIAS E PENSOES CIVIS DA UNIAO;084775;FOL SERVID;PESSOAL - FOLHA DE SERVIDORES;0156;CONTRIBUICAO PLANO SEGURIDADE SOCIAL SERVIDOR;2;ORCAMENTO DE SEGURIDADE SOCIAL;3;DESPESAS CORRENTES;1;PESSOAL E ENCARGOS SOCIAIS;03;PENSOES DO RPPS E DO MILITAR;319003;PENSOES DO RPPS E DO MILITAR;31900301;PENSOES CIVIS;5;GLOBAL;08;NAO SE APLICA;-8;03/01/2018;JAN/2018;2018;070025000012018NE000013;PENSOES;FOLHA DE PAGAMENTO DE PENSAO CIVIL REFERENTE AO MES DE ABRIL DE 2018 - PA SEI 0001951-48.2018.6.07.8100. DADOS BANCARIOS OUTROS BANCOS.;070025;TRIBUNAL REGIONAL ELEITORAL DO D. FEDERAL;;;;;;;;0,00;0,00;52.788,40;;;;;;;;;0,00;52.788,40
14107;TRIBUNAL REGIONAL ELEITORAL DO DIST. FEDERAL;070025;TRIBUNAL REGIONAL ELEITORAL DO D. FEDERAL;09272008901810053;0181;APOSENTADORIAS E PENSOES CIVIS DA UNIAO;0000;APOSENTADORIAS E PENSOES CIVIS DA UNIAO;084775;FOL SERVID;PESSOAL - FOLHA DE SERVIDORES;0156;CONTRIBUICAO PLANO SEGURIDADE SOCIAL SERVIDOR;2;ORCAMENTO DE SEGURIDADE SOCIAL;3;DESPESAS CORRENTES;1;PESSOAL E ENCARGOS SOCIAIS;03;PENSOES DO RPPS E DO MILITAR;319003;PENSOES DO RPPS E DO MILITAR;31900301;PENSOES CIVIS;5;GLOBAL;08;NAO SE APLICA;-8;03/01/2018;JAN/2018;2018;070025000012018NE000013;PENSOES;FOLHA DE PAGAMENTO DE PENSAO CIVIL REFERENTE AO MES DE ABRIL DE 2018 - PA SEI 0001951-48.2018.6.07.8100. DEDUCOES. BANCO BRADESCO.;070025;TRIBUNAL REGIONAL ELEITORAL DO D. FEDERAL;;;;;;;;0,00;0,00;159,59;;;;;;;;;0,00;159,59
14107;TRIBUNAL REGIONAL ELEITORAL DO DIST. FEDERAL;070025;TRIBUNAL REGIONAL ELEITORAL DO D. FEDERAL;09272008901810053;0181;APOSENTADORIAS E PENSOES CIVIS DA UNIAO;0000;APOSENTADORIAS E PENSOES CIVIS DA UNIAO;084775;FOL SERVID;PESSOAL - FOLHA DE SERVIDORES;0156;CONTRIBUICAO PLANO SEGURIDADE SOCIAL SERVIDOR;2;ORCAMENTO DE SEGURIDADE SOCIAL;3;DESPESAS CORRENTES;1;PESSOAL E ENCARGOS SOCIAIS;03;PENSOES DO RPPS E DO MILITAR;319003;PENSOES DO RPPS E DO MILITAR;31900301;PENSOES CIVIS;5;GLOBAL;08;NAO SE APLICA;-8;03/01/2018;JAN/2018;2018;070025000012018NE000013;PENSOES;FOLHA DE PAGAMENTO DE PENSAO CIVIL REFERENTE AO MES DE ABRIL DE 2018 - PA SEI 0001951-48.2018.6.07.8100. DEDUCOES. BANCO CRUZEIRO DO SUL.;070025;TRIBUNAL REGIONAL ELEITORAL DO D. FEDERAL;;;;;;;;0,00;0,00;8.718,58;;;;;;;;;0,00;8.718,58
14107;TRIBUNAL REGIONAL ELEITORAL DO DIST. FEDERAL;070025;TRIBUNAL REGIONAL ELEITORAL DO D. FEDERAL;09272008901810053;0181;APOSENTADORIAS E PENSOES CIVIS DA UNIAO;0000;APOSENTADORIAS E PENSOES CIVIS DA UNIAO;084775;FOL SERVID;PESSOAL - FOLHA DE SERVIDORES;0156;CONTRIBUICAO PLANO SEGURIDADE SOCIAL SERVIDOR;2;ORCAMENTO DE SEGURIDADE SOCIAL;3;DESPESAS CORRENTES;1;PESSOAL E ENCARGOS SOCIAIS;03;PENSOES DO RPPS E DO MILITAR;319003;PENSOES DO RPPS E DO MILITAR;31900301;PENSOES CIVIS;5;GLOBAL;08;NAO SE APLICA;-8;03/01/2018;JAN/2018;2018;070025000012018NE000013;PENSOES;FOLHA DE PAGAMENTO DE PENSAO CIVIL REFERENTE AO MES DE ABRIL DE 2018 - PA SEI 0001951-48.2018.6.07.8100. DEDUCOES. BANCO FINANCEIRA ALFA S/A.;070025;TRIBUNAL REGIONAL ELEITORAL DO D. FEDERAL;;;;;;;;0,00;0,00;2.815,53;;;;;;;;;0,00;2.815,53
14107;TRIBUNAL REGIONAL ELEITORAL DO DIST. FEDERAL;070025;TRIBUNAL REGIONAL ELEITORAL DO D. FEDERAL;09272008901810053;0181;APOSENTADORIAS E PENSOES CIVIS DA UNIAO;0000;APOSENTADORIAS E PENSOES CIVIS DA UNIAO;084775;FOL SERVID;PESSOAL - FOLHA DE SERVIDORES;0156;CONTRIBUICAO PLANO SEGURIDADE SOCIAL SERVIDOR;2;ORCAMENTO DE SEGURIDADE SOCIAL;3;DESPESAS CORRENTES;1;PESSOAL E ENCARGOS SOCIAIS;03;PENSOES DO RPPS E DO MILITAR;319003;PENSOES DO RPPS E DO MILITAR;31900301;PENSOES CIVIS;5;GLOBAL;08;NAO SE APLICA;-8;03/01/2018;JAN/2018;2018;070025000012018NE000013;PENSOES;FOLHA DE PAGAMENTO DE PENSAO CIVIL REFERENTE AO MES DE ABRIL DE 2018 - PA SEI 0001951-48.2018.6.07.8100. DEDUCOES. BANCO SANTANDER.;070025;TRIBUNAL REGIONAL ELEITORAL DO D. FEDERAL;;;;;;;;0,00;0,00;4.264,87;;;;;;;;;0,00;4.264,87
14107;TRIBUNAL REGIONAL ELEITORAL DO DIST. FEDERAL;070025;TRIBUNAL REGIONAL ELEITORAL DO D. FEDERAL;09272008901810053;0181;APOSENTADORIAS E PENSOES CIVIS DA UNIAO;0000;APOSENTADORIAS E PENSOES CIVIS DA UNIAO;084775;FOL SERVID;PESSOAL - FOLHA DE SERVIDORES;0156;CONTRIBUICAO PLANO SEGURIDADE SOCIAL SERVIDOR;2;ORCAMENTO DE SEGURIDADE SOCIAL;3;DESPESAS CORRENTES;1;PESSOAL E ENCARGOS SOCIAIS;03;PENSOES DO RPPS E DO MILITAR;319003;PENSOES DO RPPS E DO MILITAR;31900301;PENSOES CIVIS;5;GLOBAL;08;NAO SE APLICA;-8;03/01/2018;JAN/2018;2018;070025000012018NE000013;PENSOES;FOLHA DE PAGAMENTO DE PENSAO CIVIL REFERENTE AO MES DE ABRIL DE 2018 - PA SEI 0001951-48.2018.6.07.8100. DEDUCOES. FINANCEIRA BRB.;070025;TRIBUNAL REGIONAL ELEITORAL DO D. FEDERAL;;;;;;;;0,00;0,00;1.213,76;;;;;;;;;0,00;1.213,76
14107;TRIBUNAL REGIONAL ELEITORAL DO DIST. FEDERAL;070025;TRIBUNAL REGIONAL ELEITORAL DO D. FEDERAL;09272008901810053;0181;APOSENTADORIAS E PENSOES CIVIS DA UNIAO;0000;APOSENTADORIAS E PENSOES CIVIS DA UNIAO;084775;FOL SERVID;PESSOAL - FOLHA DE SERVIDORES;0156;CONTRIBUICAO PLANO SEGURIDADE SOCIAL SERVIDOR;2;ORCAMENTO DE SEGURIDADE SOCIAL;3;DESPESAS CORRENTES;1;PESSOAL E ENCARGOS SOCIAIS;03;PENSOES DO RPPS E DO MILITAR;319003;PENSOES DO RPPS E DO MILITAR;31900301;PENSOES CIVIS;5;GLOBAL;08;NAO SE APLICA;-8;03/01/2018;JAN/2018;2018;070025000012018NE000013;PENSOES;FOLHA DE PAGAMENTO DE PENSAO CIVIL REFERENTE AO MES DE ABRIL DE 2018 - PA SEI 0001951-48.2018.6.07.8100. DEDUCOES. IRRF.;070025;TRIBUNAL REGIONAL ELEITORAL DO D. FEDERAL;;;;;;;;0,00;0,00;71.341,59;;;;;;;;;0,00;71.341,59
14107;TRIBUNAL REGIONAL ELEITORAL DO DIST. FEDERAL;070025;TRIBUNAL REGIONAL ELEITORAL DO D. FEDERAL;09272008901810053;0181;APOSENTADORIAS E PENSOES CIVIS DA UNIAO;0000;APOSENTADORIAS E PENSOES CIVIS DA UNIAO;084775;FOL SERVID;PESSOAL - FOLHA DE SERVIDORES;0156;CONTRIBUICAO PLANO SEGURIDADE SOCIAL SERVIDOR;2;ORCAMENTO DE SEGURIDADE SOCIAL;3;DESPESAS CORRENTES;1;PESSOAL E ENCARGOS SOCIAIS;03;PENSOES DO RPPS E DO MILITAR;319003;PENSOES DO RPPS E DO MILITAR;31900301;PENSOES CIVIS;5;GLOBAL;08;NAO SE APLICA;-8;03/01/2018;JAN/2018;2018;070025000012018NE000013;PENSOES;FOLHA DE PAGAMENTO DE PENSAO CIVIL REFERENTE AO MES DE ABRIL DE 2018 - PA SEI 0001951-48.2018.6.07.8100. DEDUCOES. SINDJUS.;070025;TRIBUNAL REGIONAL ELEITORAL DO D. FEDERAL;;;;;;;;0,00;0,00;470,00;;;;;;;;;0,00;470,00
14107;TRIBUNAL REGIONAL ELEITORAL DO DIST. FEDERAL;070025;TRIBUNAL REGIONAL ELEITORAL DO D. FEDERAL;09272008901810053;0181;APOSENTADORIAS E PENSOES CIVIS DA UNIAO;0000;APOSENTADORIAS E PENSOES CIVIS DA UNIAO;084775;FOL SERVID;PESSOAL - FOLHA DE SERVIDORES;0156;CONTRIBUICAO PLANO SEGURIDADE SOCIAL SERVIDOR;2;ORCAMENTO DE SEGURIDADE SOCIAL;3;DESPESAS CORRENTES;1;PESSOAL E ENCARGOS SOCIAIS;03;PENSOES DO RPPS E DO MILITAR;319003;PENSOES DO RPPS E DO MILITAR;31900301;PENSOES CIVIS;5;GLOBAL;08;NAO SE APLICA;-8;03/01/2018;JAN/2018;2018;070025000012018NE000013;PENSOES;FOLHA DE PAGAMENTO DE PENSAO CIVIL REFERENTE AO MES DE ABRIL DE 2018 - PA SEI 0001951-48.2018.6.07.8100.ŽDEVOLUCAO DE PENSAO CIVIL.;070025;TRIBUNAL REGIONAL ELEITORAL DO D. FEDERAL;;;;;;;;0,00;(2.655,38);0,00;;;;;;;;;(2.655,38);0,00
14107;TRIBUNAL REGIONAL ELEITORAL DO DIST. FEDERAL;070025;TRIBUNAL REGIONAL ELEITORAL DO D. FEDERAL;09272008901810053;0181;APOSENTADORIAS E PENSOES CIVIS DA UNIAO;0000;APOSENTADORIAS E PENSOES CIVIS DA UNIAO;084775;FOL SERVID;PESSOAL - FOLHA DE SERVIDORES;0156;CONTRIBUICAO PLANO SEGURIDADE SOCIAL SERVIDOR;2;ORCAMENTO DE SEGURIDADE SOCIAL;3;DESPESAS CORRENTES;1;PESSOAL E ENCARGOS SOCIAIS;03;PENSOES DO RPPS E DO MILITAR;319003;PENSOES DO RPPS E DO MILITAR;31900301;PENSOES CIVIS;5;GLOBAL;08;NAO SE APLICA;-8;03/01/2018;JAN/2018;2018;070025000012018NE000013;PENSOES;FOLHA DE PAGAMENTO DE PENSAO CIVIL REFERENTE AO MES DE FEVEREIRO DE 2018 - PA SEI 0000707-84.2018.6.07.8100.;070025;TRIBUNAL REGIONAL ELEITORAL DO D. FEDERAL;;;;;;;;0,00;545.952,12;;;;;;;;;;545.952,12;
14107;TRIBUNAL REGIONAL ELEITORAL DO DIST. FEDERAL;070025;TRIBUNAL REGIONAL ELEITORAL DO D. FEDERAL;09272008901810053;0181;APOSENTADORIAS E PENSOES CIVIS DA UNIAO;0000;APOSENTADORIAS E PENSOES CIVIS DA UNIAO;084775;FOL SERVID;PESSOAL - FOLHA DE SERVIDORES;0156;CONTRIBUICAO PLANO SEGURIDADE SOCIAL SERVIDOR;2;ORCAMENTO DE SEGURIDADE SOCIAL;3;DESPESAS CORRENTES;1;PESSOAL E ENCARGOS SOCIAIS;03;PENSOES DO RPPS E DO MILITAR;319003;PENSOES DO RPPS E DO MILITAR;31900301;PENSOES CIVIS;5;GLOBAL;08;NAO SE APLICA;-8;03/01/2018;JAN/2018;2018;070025000012018NE000013;PENSOES;FOLHA DE PAGAMENTO DE PENSAO CIVIL REFERENTE AO MES DE FEVEREIRO DE 2018 - PA SEI 0000707-84.2018.6.07.8100.  DADOS BANCARIOS BANCO DO BRASIL.;070025;TRIBUNAL REGIONAL ELEITORAL DO D. FEDERAL;;;;;;;;0,00;0,00;298.760,98;;;;;;;;;0,00;298.760,98
14107;TRIBUNAL REGIONAL ELEITORAL DO DIST. FEDERAL;070025;TRIBUNAL REGIONAL ELEITORAL DO D. FEDERAL;09272008901810053;0181;APOSENTADORIAS E PENSOES CIVIS DA UNIAO;0000;APOSENTADORIAS E PENSOES CIVIS DA UNIAO;084775;FOL SERVID;PESSOAL - FOLHA DE SERVIDORES;0156;CONTRIBUICAO PLANO SEGURIDADE SOCIAL SERVIDOR;2;ORCAMENTO DE SEGURIDADE SOCIAL;3;DESPESAS CORRENTES;1;PESSOAL E ENCARGOS SOCIAIS;03;PENSOES DO RPPS E DO MILITAR;319003;PENSOES DO RPPS E DO MILITAR;31900301;PENSOES CIVIS;5;GLOBAL;08;NAO SE APLICA;-8;03/01/2018;JAN/2018;2018;070025000012018NE000013;PENSOES;FOLHA DE PAGAMENTO DE PENSAO CIVIL REFERENTE AO MES DE FEVEREIRO DE 2018 - PA SEI 0000707-84.2018.6.07.8100.  DADOS BANCARIOS CEF.;070025;TRIBUNAL REGIONAL ELEITORAL DO D. FEDERAL;;;;;;;;0,00;0,00;19.194,55;;;;;;;;;0,00;19.194,55
14107;TRIBUNAL REGIONAL ELEITORAL DO DIST. FEDERAL;070025;TRIBUNAL REGIONAL ELEITORAL DO D. FEDERAL;09272008901810053;0181;APOSENTADORIAS E PENSOES CIVIS DA UNIAO;0000;APOSENTADORIAS E PENSOES CIVIS DA UNIAO;084775;FOL SERVID;PESSOAL - FOLHA DE SERVIDORES;0156;CONTRIBUICAO PLANO SEGURIDADE SOCIAL SERVIDOR;2;ORCAMENTO DE SEGURIDADE SOCIAL;3;DESPESAS CORRENTES;1;PESSOAL E ENCARGOS SOCIAIS;03;PENSOES DO RPPS E DO MILITAR;319003;PENSOES DO RPPS E DO MILITAR;31900301;PENSOES CIVIS;5;GLOBAL;08;NAO SE APLICA;-8;03/01/2018;JAN/2018;2018;070025000012018NE000013;PENSOES;FOLHA DE PAGAMENTO DE PENSAO CIVIL REFERENTE AO MES DE FEVEREIRO DE 2018 - PA SEI 0000707-84.2018.6.07.8100.  DEDUCOES. BANCO DO BRASIL.;070025;TRIBUNAL REGIONAL ELEITORAL DO D. FEDERAL;;;;;;;;0,00;0,00;14.332,79;;;;;;;;;0,00;14.332,79
14107;TRIBUNAL REGIONAL ELEITORAL DO DIST. FEDERAL;070025;TRIBUNAL REGIONAL ELEITORAL DO D. FEDERAL;09272008901810053;0181;APOSENTADORIAS E PENSOES CIVIS DA UNIAO;0000;APOSENTADORIAS E PENSOES CIVIS DA UNIAO;084775;FOL SERVID;PESSOAL - FOLHA DE SERVIDORES;0156;CONTRIBUICAO PLANO SEGURIDADE SOCIAL SERVIDOR;2;ORCAMENTO DE SEGURIDADE SOCIAL;3;DESPESAS CORRENTES;1;PESSOAL E ENCARGOS SOCIAIS;03;PENSOES DO RPPS E DO MILITAR;319003;PENSOES DO RPPS E DO MILITAR;31900301;PENSOES CIVIS;5;GLOBAL;08;NAO SE APLICA;-8;03/01/2018;JAN/2018;2018;070025000012018NE000013;PENSOES;FOLHA DE PAGAMENTO DE PENSAO CIVIL REFERENTE AO MES DE FEVEREIRO DE 2018 - PA SEI 0000707-84.2018.6.07.8100.  DEDUCOES. CEF.;070025;TRIBUNAL REGIONAL ELEITORAL DO D. FEDERAL;;;;;;;;0,00;0,00;897,28;;;;;;;;;0,00;897,28
14107;TRIBUNAL REGIONAL ELEITORAL DO DIST. FEDERAL;070025;TRIBUNAL REGIONAL ELEITORAL DO D. FEDERAL;09272008901810053;0181;APOSENTADORIAS E PENSOES CIVIS DA UNIAO;0000;APOSENTADORIAS E PENSOES CIVIS DA UNIAO;084775;FOL SERVID;PESSOAL - FOLHA DE SERVIDORES;0156;CONTRIBUICAO PLANO SEGURIDADE SOCIAL SERVIDOR;2;ORCAMENTO DE SEGURIDADE SOCIAL;3;DESPESAS CORRENTES;1;PESSOAL E ENCARGOS SOCIAIS;03;PENSOES DO RPPS E DO MILITAR;319003;PENSOES DO RPPS E DO MILITAR;31900301;PENSOES CIVIS;5;GLOBAL;08;NAO SE APLICA;-8;03/01/2018;JAN/2018;2018;070025000012018NE000013;PENSOES;FOLHA DE PAGAMENTO DE PENSAO CIVIL REFERENTE AO MES DE FEVEREIRO DE 2018 - PA SEI 0000707-84.2018.6.07.8100.  DEDUCOES. DEVOLUCAO DE CONSIGNACOES (TAXAS MINISTERIO DO PLANEJAMENTO).;070025;TRIBUNAL REGIONAL ELEITORAL DO D. FEDERAL;;;;;;;;0,00;0,00;95,00;;;;;;;;;0,00;95,00
14107;TRIBUNAL REGIONAL ELEITORAL DO DIST. FEDERAL;070025;TRIBUNAL REGIONAL ELEITORAL DO D. FEDERAL;09272008901810053;0181;APOSENTADORIAS E PENSOES CIVIS DA UNIAO;0000;APOSENTADORIAS E PENSOES CIVIS DA UNIAO;084775;FOL SERVID;PESSOAL - FOLHA DE SERVIDORES;0156;CONTRIBUICAO PLANO SEGURIDADE SOCIAL SERVIDOR;2;ORCAMENTO DE SEGURIDADE SOCIAL;3;DESPESAS CORRENTES;1;PESSOAL E ENCARGOS SOCIAIS;03;PENSOES DO RPPS E DO MILITAR;319003;PENSOES DO RPPS E DO MILITAR;31900301;PENSOES CIVIS;5;GLOBAL;08;NAO SE APLICA;-8;03/01/2018;JAN/2018;2018;070025000012018NE000013;PENSOES;FOLHA DE PAGAMENTO DE PENSAO CIVIL REFERENTE AO MES DE FEVEREIRO DE 2018 - PA SEI 0000707-84.2018.6.07.8100.  DEDUCOES. PSSS SERVIDOR.;070025;TRIBUNAL REGIONAL ELEITORAL DO D. FEDERAL;;;;;;;;0,00;0,00;39.400,69;;;;;;;;;0,00;39.400,69
14107;TRIBUNAL REGIONAL ELEITORAL DO DIST. FEDERAL;070025;TRIBUNAL REGIONAL ELEITORAL DO D. FEDERAL;09272008901810053;0181;APOSENTADORIAS E PENSOES CIVIS DA UNIAO;0000;APOSENTADORIAS E PENSOES CIVIS DA UNIAO;084775;FOL SERVID;PESSOAL - FOLHA DE SERVIDORES;0156;CONTRIBUICAO PLANO SEGURIDADE SOCIAL SERVIDOR;2;ORCAMENTO DE SEGURIDADE SOCIAL;3;DESPESAS CORRENTES;1;PESSOAL E ENCARGOS SOCIAIS;03;PENSOES DO RPPS E DO MILITAR;319003;PENSOES DO RPPS E DO MILITAR;31900301;PENSOES CIVIS;5;GLOBAL;08;NAO SE APLICA;-8;03/01/2018;JAN/2018;2018;070025000012018NE000013;PENSOES;FOLHA DE PAGAMENTO DE PENSAO CIVIL REFERENTE AO MES DE FEVEREIRO DE 2018 - PA SEI 0000707-84.2018.6.07.8100.  DEDUCOES. TRE - SAUDE CONTRIBUICAO MENSAL.;070025;TRIBUNAL REGIONAL ELEITORAL DO D. FEDERAL;;;;;;;;0,00;0,00;11.671,63;;;;;;;;;0,00;11.671,63
14107;TRIBUNAL REGIONAL ELEITORAL DO DIST. FEDERAL;070025;TRIBUNAL REGIONAL ELEITORAL DO D. FEDERAL;09272008901810053;0181;APOSENTADORIAS E PENSOES CIVIS DA UNIAO;0000;APOSENTADORIAS E PENSOES CIVIS DA UNIAO;084775;FOL SERVID;PESSOAL - FOLHA DE SERVIDORES;0156;CONTRIBUICAO PLANO SEGURIDADE SOCIAL SERVIDOR;2;ORCAMENTO DE SEGURIDADE SOCIAL;3;DESPESAS CORRENTES;1;PESSOAL E ENCARGOS SOCIAIS;03;PENSOES DO RPPS E DO MILITAR;319003;PENSOES DO RPPS E DO MILITAR;31900301;PENSOES CIVIS;5;GLOBAL;08;NAO SE APLICA;-8;03/01/2018;JAN/2018;2018;070025000012018NE000013;PENSOES;FOLHA DE PAGAMENTO DE PENSAO CIVIL REFERENTE AO MES DE FEVEREIRO DE 2018 - PA SEI 0000707-84.2018.6.07.8100. DADOS BANCARIOS BANCO ITAU.;070025;TRIBUNAL REGIONAL ELEITORAL DO D. FEDERAL;;;;;;;;0,00;0,00;8.406,93;;;;;;;;;0,00;8.406,93
14107;TRIBUNAL REGIONAL ELEITORAL DO DIST. FEDERAL;070025;TRIBUNAL REGIONAL ELEITORAL DO D. FEDERAL;09272008901810053;0181;APOSENTADORIAS E PENSOES CIVIS DA UNIAO;0000;APOSENTADORIAS E PENSOES CIVIS DA UNIAO;084775;FOL SERVID;PESSOAL - FOLHA DE SERVIDORES;0156;CONTRIBUICAO PLANO SEGURIDADE SOCIAL SERVIDOR;2;ORCAMENTO DE SEGURIDADE SOCIAL;3;DESPESAS CORRENTES;1;PESSOAL E ENCARGOS SOCIAIS;03;PENSOES DO RPPS E DO MILITAR;319003;PENSOES DO RPPS E DO MILITAR;31900301;PENSOES CIVIS;5;GLOBAL;08;NAO SE APLICA;-8;03/01/2018;JAN/2018;2018;070025000012018NE000013;PENSOES;FOLHA DE PAGAMENTO DE PENSAO CIVIL REFERENTE AO MES DE FEVEREIRO DE 2018 - PA SEI 0000707-84.2018.6.07.8100. DADOS BANCARIOS OUTROS BANCOS.;070025;TRIBUNAL REGIONAL ELEITORAL DO D. FEDERAL;;;;;;;;0,00;0,00;53.659,90;;;;;;;;;0,00;53.659,90
14107;TRIBUNAL REGIONAL ELEITORAL DO DIST. FEDERAL;070025;TRIBUNAL REGIONAL ELEITORAL DO D. FEDERAL;09272008901810053;0181;APOSENTADORIAS E PENSOES CIVIS DA UNIAO;0000;APOSENTADORIAS E PENSOES CIVIS DA UNIAO;084775;FOL SERVID;PESSOAL - FOLHA DE SERVIDORES;0156;CONTRIBUICAO PLANO SEGURIDADE SOCIAL SERVIDOR;2;ORCAMENTO DE SEGURIDADE SOCIAL;3;DESPESAS CORRENTES;1;PESSOAL E ENCARGOS SOCIAIS;03;PENSOES DO RPPS E DO MILITAR;319003;PENSOES DO RPPS E DO MILITAR;31900301;PENSOES CIVIS;5;GLOBAL;08;NAO SE APLICA;-8;03/01/2018;JAN/2018;2018;070025000012018NE000013;PENSOES;FOLHA DE PAGAMENTO DE PENSAO CIVIL REFERENTE AO MES DE FEVEREIRO DE 2018 - PA SEI 0000707-84.2018.6.07.8100. DEDUCOES. BANCO BRADESCO.;070025;TRIBUNAL REGIONAL ELEITORAL DO D. FEDERAL;;;;;;;;0,00;0,00;159,59;;;;;;;;;0,00;159,59
14107;TRIBUNAL REGIONAL ELEITORAL DO DIST. FEDERAL;070025;TRIBUNAL REGIONAL ELEITORAL DO D. FEDERAL;09272008901810053;0181;APOSENTADORIAS E PENSOES CIVIS DA UNIAO;0000;APOSENTADORIAS E PENSOES CIVIS DA UNIAO;084775;FOL SERVID;PESSOAL - FOLHA DE SERVIDORES;0156;CONTRIBUICAO PLANO SEGURIDADE SOCIAL SERVIDOR;2;ORCAMENTO DE SEGURIDADE SOCIAL;3;DESPESAS CORRENTES;1;PESSOAL E ENCARGOS SOCIAIS;03;PENSOES DO RPPS E DO MILITAR;319003;PENSOES DO RPPS E DO MILITAR;31900301;PENSOES CIVIS;5;GLOBAL;08;NAO SE APLICA;-8;03/01/2018;JAN/2018;2018;070025000012018NE000013;PENSOES;FOLHA DE PAGAMENTO DE PENSAO CIVIL REFERENTE AO MES DE FEVEREIRO DE 2018 - PA SEI 0000707-84.2018.6.07.8100. DEDUCOES. BANCO CRUZEIRO DO SUL.;070025;TRIBUNAL REGIONAL ELEITORAL DO D. FEDERAL;;;;;;;;0,00;0,00;9.767,45;;;;;;;;;0,00;9.767,45
14107;TRIBUNAL REGIONAL ELEITORAL DO DIST. FEDERAL;070025;TRIBUNAL REGIONAL ELEITORAL DO D. FEDERAL;09272008901810053;0181;APOSENTADORIAS E PENSOES CIVIS DA UNIAO;0000;APOSENTADORIAS E PENSOES CIVIS DA UNIAO;084775;FOL SERVID;PESSOAL - FOLHA DE SERVIDORES;0156;CONTRIBUICAO PLANO SEGURIDADE SOCIAL SERVIDOR;2;ORCAMENTO DE SEGURIDADE SOCIAL;3;DESPESAS CORRENTES;1;PESSOAL E ENCARGOS SOCIAIS;03;PENSOES DO RPPS E DO MILITAR;319003;PENSOES DO RPPS E DO MILITAR;31900301;PENSOES CIVIS;5;GLOBAL;08;NAO SE APLICA;-8;03/01/2018;JAN/2018;2018;070025000012018NE000013;PENSOES;FOLHA DE PAGAMENTO DE PENSAO CIVIL REFERENTE AO MES DE FEVEREIRO DE 2018 - PA SEI 0000707-84.2018.6.07.8100. DEDUCOES. BANCO FINANCEIRA ALFA S/A.;070025;TRIBUNAL REGIONAL ELEITORAL DO D. FEDERAL;;;;;;;;0,00;0,00;1.422,38;;;;;;;;;0,00;1.422,38
14107;TRIBUNAL REGIONAL ELEITORAL DO DIST. FEDERAL;070025;TRIBUNAL REGIONAL ELEITORAL DO D. FEDERAL;09272008901810053;0181;APOSENTADORIAS E PENSOES CIVIS DA UNIAO;0000;APOSENTADORIAS E PENSOES CIVIS DA UNIAO;084775;FOL SERVID;PESSOAL - FOLHA DE SERVIDORES;0156;CONTRIBUICAO PLANO SEGURIDADE SOCIAL SERVIDOR;2;ORCAMENTO DE SEGURIDADE SOCIAL;3;DESPESAS CORRENTES;1;PESSOAL E ENCARGOS SOCIAIS;03;PENSOES DO RPPS E DO MILITAR;319003;PENSOES DO RPPS E DO MILITAR;31900301;PENSOES CIVIS;5;GLOBAL;08;NAO SE APLICA;-8;03/01/2018;JAN/2018;2018;070025000012018NE000013;PENSOES;FOLHA DE PAGAMENTO DE PENSAO CIVIL REFERENTE AO MES DE FEVEREIRO DE 2018 - PA SEI 0000707-84.2018.6.07.8100. DEDUCOES. BANCO SANTANDER.;070025;TRIBUNAL REGIONAL ELEITORAL DO D. FEDERAL;;;;;;;;0,00;0,00;3.550,17;;;;;;;;;0,00;3.550,17
14107;TRIBUNAL REGIONAL ELEITORAL DO DIST. FEDERAL;070025;TRIBUNAL REGIONAL ELEITORAL DO D. FEDERAL;09272008901810053;0181;APOSENTADORIAS E PENSOES CIVIS DA UNIAO;0000;APOSENTADORIAS E PENSOES CIVIS DA UNIAO;084775;FOL SERVID;PESSOAL - FOLHA DE SERVIDORES;0156;CONTRIBUICAO PLANO SEGURIDADE SOCIAL SERVIDOR;2;ORCAMENTO DE SEGURIDADE SOCIAL;3;DESPESAS CORRENTES;1;PESSOAL E ENCARGOS SOCIAIS;03;PENSOES DO RPPS E DO MILITAR;319003;PENSOES DO RPPS E DO MILITAR;31900301;PENSOES CIVIS;5;GLOBAL;08;NAO SE APLICA;-8;03/01/2018;JAN/2018;2018;070025000012018NE000013;PENSOES;FOLHA DE PAGAMENTO DE PENSAO CIVIL REFERENTE AO MES DE FEVEREIRO DE 2018 - PA SEI 0000707-84.2018.6.07.8100. DEDUCOES. FINANCEIRA BRB.;070025;TRIBUNAL REGIONAL ELEITORAL DO D. FEDERAL;;;;;;;;0,00;0,00;162,39;;;;;;;;;0,00;162,39
14107;TRIBUNAL REGIONAL ELEITORAL DO DIST. FEDERAL;070025;TRIBUNAL REGIONAL ELEITORAL DO D. FEDERAL;09272008901810053;0181;APOSENTADORIAS E PENSOES CIVIS DA UNIAO;0000;APOSENTADORIAS E PENSOES CIVIS DA UNIAO;084775;FOL SERVID;PESSOAL - FOLHA DE SERVIDORES;0156;CONTRIBUICAO PLANO SEGURIDADE SOCIAL SERVIDOR;2;ORCAMENTO DE SEGURIDADE SOCIAL;3;DESPESAS CORRENTES;1;PESSOAL E ENCARGOS SOCIAIS;03;PENSOES DO RPPS E DO MILITAR;319003;PENSOES DO RPPS E DO MILITAR;31900301;PENSOES CIVIS;5;GLOBAL;08;NAO SE APLICA;-8;03/01/2018;JAN/2018;2018;070025000012018NE000013;PENSOES;FOLHA DE PAGAMENTO DE PENSAO CIVIL REFERENTE AO MES DE FEVEREIRO DE 2018 - PA SEI 0000707-84.2018.6.07.8100. DEDUCOES. IRRF.;070025;TRIBUNAL REGIONAL ELEITORAL DO D. FEDERAL;;;;;;;;0,00;0,00;80.265,14;;;;;;;;;0,00;80.265,14
14107;TRIBUNAL REGIONAL ELEITORAL DO DIST. FEDERAL;070025;TRIBUNAL REGIONAL ELEITORAL DO D. FEDERAL;09272008901810053;0181;APOSENTADORIAS E PENSOES CIVIS DA UNIAO;0000;APOSENTADORIAS E PENSOES CIVIS DA UNIAO;084775;FOL SERVID;PESSOAL - FOLHA DE SERVIDORES;0156;CONTRIBUICAO PLANO SEGURIDADE SOCIAL SERVIDOR;2;ORCAMENTO DE SEGURIDADE SOCIAL;3;DESPESAS CORRENTES;1;PESSOAL E ENCARGOS SOCIAIS;03;PENSOES DO RPPS E DO MILITAR;319003;PENSOES DO RPPS E DO MILITAR;31900301;PENSOES CIVIS;5;GLOBAL;08;NAO SE APLICA;-8;03/01/2018;JAN/2018;2018;070025000012018NE000013;PENSOES;FOLHA DE PAGAMENTO DE PENSAO CIVIL REFERENTE AO MES DE FEVEREIRO DE 2018 - PA SEI 0000707-84.2018.6.07.8100. DEDUCOES. SINDJUS.;070025;TRIBUNAL REGIONAL ELEITORAL DO D. FEDERAL;;;;;;;;0,00;0,00;470,00;;;;;;;;;0,00;470,00
14107;TRIBUNAL REGIONAL ELEITORAL DO DIST. FEDERAL;070025;TRIBUNAL REGIONAL ELEITORAL DO D. FEDERAL;09272008901810053;0181;APOSENTADORIAS E PENSOES CIVIS DA UNIAO;0000;APOSENTADORIAS E PENSOES CIVIS DA UNIAO;084775;FOL SERVID;PESSOAL - FOLHA DE SERVIDORES;0156;CONTRIBUICAO PLANO SEGURIDADE SOCIAL SERVIDOR;2;ORCAMENTO DE SEGURIDADE SOCIAL;3;DESPESAS CORRENTES;1;PESSOAL E ENCARGOS SOCIAIS;03;PENSOES DO RPPS E DO MILITAR;319003;PENSOES DO RPPS E DO MILITAR;31900301;PENSOES CIVIS;5;GLOBAL;08;NAO SE APLICA;-8;03/01/2018;JAN/2018;2018;070025000012018NE000013;PENSOES;FOLHA DE PAGAMENTO DE PENSAO CIVIL REFERENTE AO MES DE FEVEREIRO DE 2018 - PA SEI 0000707-84.2018.6.07.8100.DEVOLUCOES DE PENSAO CIVIL E TETO CONSTITUCIONAL;070025;TRIBUNAL REGIONAL ELEITORAL DO D. FEDERAL;;;;;;;;0,00;(3.735,25);0,00;;;;;;;;;(3.735,25);0,00
14107;TRIBUNAL REGIONAL ELEITORAL DO DIST. FEDERAL;070025;TRIBUNAL REGIONAL ELEITORAL DO D. FEDERAL;09272008901810053;0181;APOSENTADORIAS E PENSOES CIVIS DA UNIAO;0000;APOSENTADORIAS E PENSOES CIVIS DA UNIAO;084775;FOL SERVID;PESSOAL - FOLHA DE SERVIDORES;0156;CONTRIBUICAO PLANO SEGURIDADE SOCIAL SERVIDOR;2;ORCAMENTO DE SEGURIDADE SOCIAL;3;DESPESAS CORRENTES;1;PESSOAL E ENCARGOS SOCIAIS;03;PENSOES DO RPPS E DO MILITAR;319003;PENSOES DO RPPS E DO MILITAR;31900301;PENSOES CIVIS;5;GLOBAL;08;NAO SE APLICA;-8;03/01/2018;JAN/2018;2018;070025000012018NE000013;PENSOES;FOLHA DE PAGAMENTO DE PENSAO CIVIL REFERENTE AO MES DE MAIO DE 2018 - PA SEI 0002530-93.2018.6.07.8100.;070025;TRIBUNAL REGIONAL ELEITORAL DO D. FEDERAL;;;;;;;;0,00;1.064.927,02;;;;;;;;;;1.064.927,02;
14107;TRIBUNAL REGIONAL ELEITORAL DO DIST. FEDERAL;070025;TRIBUNAL REGIONAL ELEITORAL DO D. FEDERAL;09272008901810053;0181;APOSENTADORIAS E PENSOES CIVIS DA UNIAO;0000;APOSENTADORIAS E PENSOES CIVIS DA UNIAO;084775;FOL SERVID;PESSOAL - FOLHA DE SERVIDORES;0156;CONTRIBUICAO PLANO SEGURIDADE SOCIAL SERVIDOR;2;ORCAMENTO DE SEGURIDADE SOCIAL;3;DESPESAS CORRENTES;1;PESSOAL E ENCARGOS SOCIAIS;03;PENSOES DO RPPS E DO MILITAR;319003;PENSOES DO RPPS E DO MILITAR;31900301;PENSOES CIVIS;5;GLOBAL;08;NAO SE APLICA;-8;03/01/2018;JAN/2018;2018;070025000012018NE000013;PENSOES;FOLHA DE PAGAMENTO DE PENSAO CIVIL REFERENTE AO MES DE MAIO DE 2018 - PA SEI 0002530-93.2018.6.07.8100.CANCELAMENTO DE FOLHA DE PAGAMENTO PARA ACERTO DE VALOR;070025;TRIBUNAL REGIONAL ELEITORAL DO D. FEDERAL;;;;;;;;0,00;(532.463,51);;;;;;;;;;(532.463,51);
14107;TRIBUNAL REGIONAL ELEITORAL DO DIST. FEDERAL;070025;TRIBUNAL REGIONAL ELEITORAL DO D. FEDERAL;09272008901810053;0181;APOSENTADORIAS E PENSOES CIVIS DA UNIAO;0000;APOSENTADORIAS E PENSOES CIVIS DA UNIAO;084775;FOL SERVID;PESSOAL - FOLHA DE SERVIDORES;0156;CONTRIBUICAO PLANO SEGURIDADE SOCIAL SERVIDOR;2;ORCAMENTO DE SEGURIDADE SOCIAL;3;DESPESAS CORRENTES;1;PESSOAL E ENCARGOS SOCIAIS;03;PENSOES DO RPPS E DO MILITAR;319003;PENSOES DO RPPS E DO MILITAR;31900301;PENSOES CIVIS;5;GLOBAL;08;NAO SE APLICA;-8;03/01/2018;JAN/2018;2018;070025000012018NE000013;PENSOES;FOLHA DE PAGAMENTO DE PENSAO CIVIL REFERENTE AO MES DE MAIO DE 2018 - PA SEI 0002530-93.2018.6.07.8100.DEDUCOES ANULACAO DE DESPESA.;070025;TRIBUNAL REGIONAL ELEITORAL DO D. FEDERAL;;;;;;;;0,00;(2.655,38);0,00;;;;;;;;;(2.655,38);0,00
14107;TRIBUNAL REGIONAL ELEITORAL DO DIST. FEDERAL;070025;TRIBUNAL REGIONAL ELEITORAL DO D. FEDERAL;09272008901810053;0181;APOSENTADORIAS E PENSOES CIVIS DA UNIAO;0000;APOSENTADORIAS E PENSOES CIVIS DA UNIAO;084775;FOL SERVID;PESSOAL - FOLHA DE SERVIDORES;0156;CONTRIBUICAO PLANO SEGURIDADE SOCIAL SERVIDOR;2;ORCAMENTO DE SEGURIDADE SOCIAL;3;DESPESAS CORRENTES;1;PESSOAL E ENCARGOS SOCIAIS;03;PENSOES DO RPPS E DO MILITAR;319003;PENSOES DO RPPS E DO MILITAR;31900301;PENSOES CIVIS;5;GLOBAL;08;NAO SE APLICA;-8;03/01/2018;JAN/2018;2018;070025000012018NE000013;PENSOES;FOLHA DE PAGAMENTO DE PENSAO CIVIL REFERENTE AO MES DE MARCO DE 2018 - PA SEI 0001307-08.2018.6.07.8100.;070025;TRIBUNAL REGIONAL ELEITORAL DO D. FEDERAL;;;;;;;;0,00;532.463,51;;;;;;;;;;532.463,51;
14107;TRIBUNAL REGIONAL ELEITORAL DO DIST. FEDERAL;070025;TRIBUNAL REGIONAL ELEITORAL DO D. FEDERAL;09272008901810053;0181;APOSENTADORIAS E PENSOES CIVIS DA UNIAO;0000;APOSENTADORIAS E PENSOES CIVIS DA UNIAO;084775;FOL SERVID;PESSOAL - FOLHA DE SERVIDORES;0156;CONTRIBUICAO PLANO SEGURIDADE SOCIAL SERVIDOR;2;ORCAMENTO DE SEGURIDADE SOCIAL;3;DESPESAS CORRENTES;1;PESSOAL E ENCARGOS SOCIAIS;03;PENSOES DO RPPS E DO MILITAR;319003;PENSOES DO RPPS E DO MILITAR;31900301;PENSOES CIVIS;5;GLOBAL;08;NAO SE APLICA;-8;03/01/2018;JAN/2018;2018;070025000012018NE000013;PENSOES;FOLHA DE PAGAMENTO DE PENSAO CIVIL REFERENTE AO MES DE MARCO DE 2018 - PA SEI 0001307-08.2018.6.07.8100. ŽDEVOLUCAO TETO.;070025;TRIBUNAL REGIONAL ELEITORAL DO D. FEDERAL;;;;;;;;0,00;(2.655,38);0,00;;;;;;;;;(2.655,38);0,00
14107;TRIBUNAL REGIONAL ELEITORAL DO DIST. FEDERAL;070025;TRIBUNAL REGIONAL ELEITORAL DO D. FEDERAL;09272008901810053;0181;APOSENTADORIAS E PENSOES CIVIS DA UNIAO;0000;APOSENTADORIAS E PENSOES CIVIS DA UNIAO;084775;FOL SERVID;PESSOAL - FOLHA DE SERVIDORES;0156;CONTRIBUICAO PLANO SEGURIDADE SOCIAL SERVIDOR;2;ORCAMENTO DE SEGURIDADE SOCIAL;3;DESPESAS CORRENTES;1;PESSOAL E ENCARGOS SOCIAIS;03;PENSOES DO RPPS E DO MILITAR;319003;PENSOES DO RPPS E DO MILITAR;31900301;PENSOES CIVIS;5;GLOBAL;08;NAO SE APLICA;-8;03/01/2018;JAN/2018;2018;070025000012018NE000013;PENSOES;FOLHA DE PAGAMENTO DE PENSIONISTAS CIVIS REFERENTE AO MES DE JANEIRO DE 2018 - PA SEI 0000050-45.2018.6.07.8100. DADOS BANCARIOS BANCO BB;070025;TRIBUNAL REGIONAL ELEITORAL DO D. FEDERAL;;;;;;;;0,00;0,00;228.026,55;;;;;;;;;0,00;228.026,55
14107;TRIBUNAL REGIONAL ELEITORAL DO DIST. FEDERAL;070025;TRIBUNAL REGIONAL ELEITORAL DO D. FEDERAL;09272008901810053;0181;APOSENTADORIAS E PENSOES CIVIS DA UNIAO;0000;APOSENTADORIAS E PENSOES CIVIS DA UNIAO;084775;FOL SERVID;PESSOAL - FOLHA DE SERVIDORES;0156;CONTRIBUICAO PLANO SEGURIDADE SOCIAL SERVIDOR;2;ORCAMENTO DE SEGURIDADE SOCIAL;3;DESPESAS CORRENTES;1;PESSOAL E ENCARGOS SOCIAIS;03;PENSOES DO RPPS E DO MILITAR;319003;PENSOES DO RPPS E DO MILITAR;31900301;PENSOES CIVIS;5;GLOBAL;08;NAO SE APLICA;-8;03/01/2018;JAN/2018;2018;070025000012018NE000013;PENSOES;FOLHA DE PAGAMENTO DE PENSIONISTAS CIVIS REFERENTE AO MES DE JANEIRO DE 2018 - PA SEI 0000050-45.2018.6.07.8100. DADOS BANCARIOS BANCOS DIFERENTES DO ITAU, BB E CEF;070025;TRIBUNAL REGIONAL ELEITORAL DO D. FEDERAL;;;;;;;;0,00;0,00;96.299,68;;;;;;;;;0,00;96.299,68
14107;TRIBUNAL REGIONAL ELEITORAL DO DIST. FEDERAL;070025;TRIBUNAL REGIONAL ELEITORAL DO D. FEDERAL;09272008901810053;0181;APOSENTADORIAS E PENSOES CIVIS DA UNIAO;0000;APOSENTADORIAS E PENSOES CIVIS DA UNIAO;084775;FOL SERVID;PESSOAL - FOLHA DE SERVIDORES;0156;CONTRIBUICAO PLANO SEGURIDADE SOCIAL SERVIDOR;2;ORCAMENTO DE SEGURIDADE SOCIAL;3;DESPESAS CORRENTES;1;PESSOAL E ENCARGOS SOCIAIS;03;PENSOES DO RPPS E DO MILITAR;319003;PENSOES DO RPPS E DO MILITAR;31900301;PENSOES CIVIS;5;GLOBAL;08;NAO SE APLICA;-8;03/01/2018;JAN/2018;2018;070025000012018NE000013;PENSOES;FOLHA DE PAGAMENTO DE PENSIONISTAS CIVIS REFERENTE AO MES DE JANEIRO DE 2018 - PA SEI 0000050-45.2018.6.07.8100. DADOS BANCARIOS CEF;070025;TRIBUNAL REGIONAL ELEITORAL DO D. FEDERAL;;;;;;;;0,00;0,00;34.179,84;;;;;;;;;0,00;34.179,84
14107;TRIBUNAL REGIONAL ELEITORAL DO DIST. FEDERAL;070025;TRIBUNAL REGIONAL ELEITORAL DO D. FEDERAL;09272008901810053;0181;APOSENTADORIAS E PENSOES CIVIS DA UNIAO;0000;APOSENTADORIAS E PENSOES CIVIS DA UNIAO;084775;FOL SERVID;PESSOAL - FOLHA DE SERVIDORES;0156;CONTRIBUICAO PLANO SEGURIDADE SOCIAL SERVIDOR;2;ORCAMENTO DE SEGURIDADE SOCIAL;3;DESPESAS CORRENTES;1;PESSOAL E ENCARGOS SOCIAIS;03;PENSOES DO RPPS E DO MILITAR;319003;PENSOES DO RPPS E DO MILITAR;31900301;PENSOES CIVIS;5;GLOBAL;08;NAO SE APLICA;-8;03/01/2018;JAN/2018;2018;070025000012018NE000013;PENSOES;FOLHA DE PAGAMENTO DE PENSIONISTAS CIVIS REFERENTE AO MES DE JANEIRO DE 2018 - PA SEI 0000050-45.2018.6.07.8100. DADOS BANCARIOS ITAU;070025;TRIBUNAL REGIONAL ELEITORAL DO D. FEDERAL;;;;;;;;0,00;0,00;19.211,56;;;;;;;;;0,00;19.211,56
14107;TRIBUNAL REGIONAL ELEITORAL DO DIST. FEDERAL;070025;TRIBUNAL REGIONAL ELEITORAL DO D. FEDERAL;09272008901810053;0181;APOSENTADORIAS E PENSOES CIVIS DA UNIAO;0000;APOSENTADORIAS E PENSOES CIVIS DA UNIAO;084775;FOL SERVID;PESSOAL - FOLHA DE SERVIDORES;0156;CONTRIBUICAO PLANO SEGURIDADE SOCIAL SERVIDOR;2;ORCAMENTO DE SEGURIDADE SOCIAL;3;DESPESAS CORRENTES;1;PESSOAL E ENCARGOS SOCIAIS;03;PENSOES DO RPPS E DO MILITAR;319003;PENSOES DO RPPS E DO MILITAR;31900303;13 SALARIO - PENSOES CIVIS;5;GLOBAL;08;NAO SE APLICA;-8;03/01/2018;JAN/2018;2018;070025000012018NE000013;PENSOES;2018NECT - PENSOES, EXERCICIO 2018.;070025;TRIBUNAL REGIONAL ELEITORAL DO D. FEDERAL;;;;;;;;550.000,00;;;;;;;;;;;;
14107;TRIBUNAL REGIONAL ELEITORAL DO DIST. FEDERAL;070025;TRIBUNAL REGIONAL ELEITORAL DO D. FEDERAL;09272008901810053;0181;APOSENTADORIAS E PENSOES CIVIS DA UNIAO;0000;APOSENTADORIAS E PENSOES CIVIS DA UNIAO;084775;FOL SERVID;PESSOAL - FOLHA DE SERVIDORES;0156;CONTRIBUICAO PLANO SEGURIDADE SOCIAL SERVIDOR;2;ORCAMENTO DE SEGURIDADE SOCIAL;3;DESPESAS CORRENTES;1;PESSOAL E ENCARGOS SOCIAIS;03;PENSOES DO RPPS E DO MILITAR;319003;PENSOES DO RPPS E DO MILITAR;31900303;13 SALARIO - PENSOES CIVIS;5;GLOBAL;08;NAO SE APLICA;-8;03/01/2018;JAN/2018;2018;070025000012018NE000013;PENSOES;FOLHA DE PAGAMENTO DE PENSAO CIVIL REFERENTE AO MES DE  JANEIRO DE 2018. PA 0000050-45.2018.6.07.8100.;070025;TRIBUNAL REGIONAL ELEITORAL DO D. FEDERAL;;;;;;;;0,00;279.348,61;;;;;;;;;;279.348,61;
14107;TRIBUNAL REGIONAL ELEITORAL DO DIST. FEDERAL;070025;TRIBUNAL REGIONAL ELEITORAL DO D. FEDERAL;09272008901810053;0181;APOSENTADORIAS E PENSOES CIVIS DA UNIAO;0000;APOSENTADORIAS E PENSOES CIVIS DA UNIAO;084775;FOL SERVID;PESSOAL - FOLHA DE SERVIDORES;0156;CONTRIBUICAO PLANO SEGURIDADE SOCIAL SERVIDOR;2;ORCAMENTO DE SEGURIDADE SOCIAL;3;DESPESAS CORRENTES;1;PESSOAL E ENCARGOS SOCIAIS;03;PENSOES DO RPPS E DO MILITAR;319003;PENSOES DO RPPS E DO MILITAR;31900303;13 SALARIO - PENSOES CIVIS;5;GLOBAL;08;NAO SE APLICA;-8;03/01/2018;JAN/2018;2018;070025000012018NE000013;PENSOES;FOLHA DE PAGAMENTO DE PENSIONISTAS CIVIS REFERENTE AO MES DE JANEIRO DE 2018 - PA SEI 0000050-45.2018.6.07.8100. DADOS BANCARIOS BANCO BB;070025;TRIBUNAL REGIONAL ELEITORAL DO D. FEDERAL;;;;;;;;0,00;0,00;279.348,61;;;;;;;;;0,00;279.348,61
14107;TRIBUNAL REGIONAL ELEITORAL DO DIST. FEDERAL;070025;TRIBUNAL REGIONAL ELEITORAL DO D. FEDERAL;09272008901810053;0181;APOSENTADORIAS E PENSOES CIVIS DA UNIAO;0000;APOSENTADORIAS E PENSOES CIVIS DA UNIAO;084775;FOL SERVID;PESSOAL - FOLHA DE SERVIDORES;0169;CONTRIB.PATRONAL P/PLANO DE SEGURID.SOC.SERV.;2;ORCAMENTO DE SEGURIDADE SOCIAL;3;DESPESAS CORRENTES;1;PESSOAL E ENCARGOS SOCIAIS;01;APOSENT.RPPS, RESER.REMUNER. E REFOR.MILITAR;319001;APOSENT.RPPS, RESER.REMUNER. E REFOR.MILITAR;319001-9;NAO SE APLICA;-9;NAO SE APLICA;-9;NAO SE APLICA;-9;NAO SE APLICA;NAO SE APLICA;-9;-9;-9;2018NECT - PROVENTOS: PESSOAL CIVIL, EXERCICICO DE 2018. ANULACAO PARCIAL SUB ITEM 30.;-9;NAO SE APLICA;;;;;1.151.611,58;;;;;;;;;;;;;;;
14107;TRIBUNAL REGIONAL ELEITORAL DO DIST. FEDERAL;070025;TRIBUNAL REGIONAL ELEITORAL DO D. FEDERAL;09272008901810053;0181;APOSENTADORIAS E PENSOES CIVIS DA UNIAO;0000;APOSENTADORIAS E PENSOES CIVIS DA UNIAO;084775;FOL SERVID;PESSOAL - FOLHA DE SERVIDORES;0169;CONTRIB.PATRONAL P/PLANO DE SEGURID.SOC.SERV.;2;ORCAMENTO DE SEGURIDADE SOCIAL;3;DESPESAS CORRENTES;1;PESSOAL E ENCARGOS SOCIAIS;01;APOSENT.RPPS, RESER.REMUNER. E REFOR.MILITAR;319001;APOSENT.RPPS, RESER.REMUNER. E REFOR.MILITAR;319001-9;NAO SE APLICA;-9;NAO SE APLICA;-9;NAO SE APLICA;-9;NAO SE APLICA;NAO SE APLICA;-9;-9;-9;2018NECT - PROVENTOS: PESSOAL CIVIL, EXERCICIO DE 2018.;-9;NAO SE APLICA;;;;;(9.543.194,00);;;;;;;;;;;;;;;
14107;TRIBUNAL REGIONAL ELEITORAL DO DIST. FEDERAL;070025;TRIBUNAL REGIONAL ELEITORAL DO D. FEDERAL;09272008901810053;0181;APOSENTADORIAS E PENSOES CIVIS DA UNIAO;0000;APOSENTADORIAS E PENSOES CIVIS DA UNIAO;084775;FOL SERVID;PESSOAL - FOLHA DE SERVIDORES;0169;CONTRIB.PATRONAL P/PLANO DE SEGURID.SOC.SERV.;2;ORCAMENTO DE SEGURIDADE SOCIAL;3;DESPESAS CORRENTES;1;PESSOAL E ENCARGOS SOCIAIS;01;APOSENT.RPPS, RESER.REMUNER. E REFOR.MILITAR;319001;APOSENT.RPPS, RESER.REMUNER. E REFOR.MILITAR;319001-9;NAO SE APLICA;-9;NAO SE APLICA;-9;NAO SE APLICA;-9;NAO SE APLICA;NAO SE APLICA;-9;-9;-9;2018NECT - PROVENTOS: PESSOAL CIVIL, EXERCICIO DE 2018.                       ANULACAO PARCIAL DO SUBITEM 01 PARA REFORCO DO SUBITEM 28.;-9;NAO SE APLICA;;;;;602.417,37;;;;;;;;;;;;;;;
14107;TRIBUNAL REGIONAL ELEITORAL DO DIST. FEDERAL;070025;TRIBUNAL REGIONAL ELEITORAL DO D. FEDERAL;09272008901810053;0181;APOSENTADORIAS E PENSOES CIVIS DA UNIAO;0000;APOSENTADORIAS E PENSOES CIVIS DA UNIAO;084775;FOL SERVID;PESSOAL - FOLHA DE SERVIDORES;0169;CONTRIB.PATRONAL P/PLANO DE SEGURID.SOC.SERV.;2;ORCAMENTO DE SEGURIDADE SOCIAL;3;DESPESAS CORRENTES;1;PESSOAL E ENCARGOS SOCIAIS;01;APOSENT.RPPS, RESER.REMUNER. E REFOR.MILITAR;319001;APOSENT.RPPS, RESER.REMUNER. E REFOR.MILITAR;319001-9;NAO SE APLICA;-9;NAO SE APLICA;-9;NAO SE APLICA;-9;NAO SE APLICA;NAO SE APLICA;-9;-9;-9;2018NECT - PROVENTOS: PESSOAL CIVIL, EXERCICIO DE 2018.                       ANULACAO PARCIAL DO SUBITEM 01 PARA REFORCO DO SUBITEM 29.;-9;NAO SE APLICA;;;;;55.000,00;;;;;;;;;;;;;;;
14107;TRIBUNAL REGIONAL ELEITORAL DO DIST. FEDERAL;070025;TRIBUNAL REGIONAL ELEITORAL DO D. FEDERAL;09272008901810053;0181;APOSENTADORIAS E PENSOES CIVIS DA UNIAO;0000;APOSENTADORIAS E PENSOES CIVIS DA UNIAO;084775;FOL SERVID;PESSOAL - FOLHA DE SERVIDORES;0169;CONTRIB.PATRONAL P/PLANO DE SEGURID.SOC.SERV.;2;ORCAMENTO DE SEGURIDADE SOCIAL;3;DESPESAS CORRENTES;1;PESSOAL E ENCARGOS SOCIAIS;01;APOSENT.RPPS, RESER.REMUNER. E REFOR.MILITAR;319001;APOSENT.RPPS, RESER.REMUNER. E REFOR.MILITAR;319001-9;NAO SE APLICA;-9;NAO SE APLICA;-9;NAO SE APLICA;-9;NAO SE APLICA;NAO SE APLICA;-9;-9;-9;2018NECT - PROVENTOS: PESSOAL CIVIL, EXERCICIO DE 2018.                       REFORCO DO SUBITEM 28.;-9;NAO SE APLICA;;;;;(602.417,37);;;;;;;;;;;;;;;
14107;TRIBUNAL REGIONAL ELEITORAL DO DIST. FEDERAL;070025;TRIBUNAL REGIONAL ELEITORAL DO D. FEDERAL;09272008901810053;0181;APOSENTADORIAS E PENSOES CIVIS DA UNIAO;0000;APOSENTADORIAS E PENSOES CIVIS DA UNIAO;084775;FOL SERVID;PESSOAL - FOLHA DE SERVIDORES;0169;CONTRIB.PATRONAL P/PLANO DE SEGURID.SOC.SERV.;2;ORCAMENTO DE SEGURIDADE SOCIAL;3;DESPESAS CORRENTES;1;PESSOAL E ENCARGOS SOCIAIS;01;APOSENT.RPPS, RESER.REMUNER. E REFOR.MILITAR;319001;APOSENT.RPPS, RESER.REMUNER. E REFOR.MILITAR;319001-9;NAO SE APLICA;-9;NAO SE APLICA;-9;NAO SE APLICA;-9;NAO SE APLICA;NAO SE APLICA;-9;-9;-9;2018NECT - PROVENTOS: PESSOAL CIVIL, EXERCICIO DE 2018.                       REFORCO DO SUBITEM 29.;-9;NAO SE APLICA;;;;;(55.000,00);;;;;;;;;;;;;;;
14107;TRIBUNAL REGIONAL ELEITORAL DO DIST. FEDERAL;070025;TRIBUNAL REGIONAL ELEITORAL DO D. FEDERAL;09272008901810053;0181;APOSENTADORIAS E PENSOES CIVIS DA UNIAO;0000;APOSENTADORIAS E PENSOES CIVIS DA UNIAO;084775;FOL SERVID;PESSOAL - FOLHA DE SERVIDORES;0169;CONTRIB.PATRONAL P/PLANO DE SEGURID.SOC.SERV.;2;ORCAMENTO DE SEGURIDADE SOCIAL;3;DESPESAS CORRENTES;1;PESSOAL E ENCARGOS SOCIAIS;01;APOSENT.RPPS, RESER.REMUNER. E REFOR.MILITAR;319001;APOSENT.RPPS, RESER.REMUNER. E REFOR.MILITAR;319001-9;NAO SE APLICA;-9;NAO SE APLICA;-9;NAO SE APLICA;-9;NAO SE APLICA;NAO SE APLICA;-9;-9;-9;2018NECT - PROVENTOS: PESSOAL CIVIL, EXERCICIO DE 2018. REFORCO DOS SUBITENS  01, 06 E 28.;-9;NAO SE APLICA;;;;;(1.151.611,58);;;;;;;;;;;;;;;
14107;TRIBUNAL REGIONAL ELEITORAL DO DIST. FEDERAL;070025;TRIBUNAL REGIONAL ELEITORAL DO D. FEDERAL;09272008901810053;0181;APOSENTADORIAS E PENSOES CIVIS DA UNIAO;0000;APOSENTADORIAS E PENSOES CIVIS DA UNIAO;084775;FOL SERVID;PESSOAL - FOLHA DE SERVIDORES;0169;CONTRIB.PATRONAL P/PLANO DE SEGURID.SOC.SERV.;2;ORCAMENTO DE SEGURIDADE SOCIAL;3;DESPESAS CORRENTES;1;PESSOAL E ENCARGOS SOCIAIS;01;APOSENT.RPPS, RESER.REMUNER. E REFOR.MILITAR;319001;APOSENT.RPPS, RESER.REMUNER. E REFOR.MILITAR;319001-9;NAO SE APLICA;-9;NAO SE APLICA;-9;NAO SE APLICA;-9;NAO SE APLICA;NAO SE APLICA;-9;-9;-9;ALTERACAO PARA EMISSAO DE NE. INATIVOS (PROVENTOS, 13º SALARIO E GRATIFICACAO POR EXERCICIO DE CARGO).;-9;NAO SE APLICA;9.543.194,00;9.543.194,00;;;9.543.194,00;;;;;;;;;;;;;;;
14107;TRIBUNAL REGIONAL ELEITORAL DO DIST. FEDERAL;070025;TRIBUNAL REGIONAL ELEITORAL DO D. FEDERAL;09272008901810053;0181;APOSENTADORIAS E PENSOES CIVIS DA UNIAO;0000;APOSENTADORIAS E PENSOES CIVIS DA UNIAO;084775;FOL SERVID;PESSOAL - FOLHA DE SERVIDORES;0169;CONTRIB.PATRONAL P/PLANO DE SEGURID.SOC.SERV.;2;ORCAMENTO DE SEGURIDADE SOCIAL;3;DESPESAS CORRENTES;1;PESSOAL E ENCARGOS SOCIAIS;01;APOSENT.RPPS, RESER.REMUNER. E REFOR.MILITAR;319001;APOSENT.RPPS, RESER.REMUNER. E REFOR.MILITAR;31900101;PROVENTOS - PESSOAL CIVIL;5;GLOBAL;08;NAO SE APLICA;-8;03/01/2018;JAN/2018;2018;070025000012018NE000014;PROVENTOS;2018NECT - PROVENTOS: PESSOAL CIVIL, EXERCICIO DE 2018.;070025;TRIBUNAL REGIONAL ELEITORAL DO D. FEDERAL;;;;;;;;5.043.194,00;;;;;;;;;;;;
14107;TRIBUNAL REGIONAL ELEITORAL DO DIST. FEDERAL;070025;TRIBUNAL REGIONAL ELEITORAL DO D. FEDERAL;09272008901810053;0181;APOSENTADORIAS E PENSOES CIVIS DA UNIAO;0000;APOSENTADORIAS E PENSOES CIVIS DA UNIAO;084775;FOL SERVID;PESSOAL - FOLHA DE SERVIDORES;0169;CONTRIB.PATRONAL P/PLANO DE SEGURID.SOC.SERV.;2;ORCAMENTO DE SEGURIDADE SOCIAL;3;DESPESAS CORRENTES;1;PESSOAL E ENCARGOS SOCIAIS;01;APOSENT.RPPS, RESER.REMUNER. E REFOR.MILITAR;319001;APOSENT.RPPS, RESER.REMUNER. E REFOR.MILITAR;31900101;PROVENTOS - PESSOAL CIVIL;5;GLOBAL;08;NAO SE APLICA;-8;03/01/2018;JAN/2018;2018;070025000012018NE000014;PROVENTOS;2018NECT - PROVENTOS: PESSOAL CIVIL, EXERCICIO DE 2018.                       ANULACAO PARCIAL DO SUBITEM 01 PARA REFORCO DO SUBITEM 28.;070025;TRIBUNAL REGIONAL ELEITORAL DO D. FEDERAL;;;;;;;;(602.417,37);;;;;;;;;;;;
14107;TRIBUNAL REGIONAL ELEITORAL DO DIST. FEDERAL;070025;TRIBUNAL REGIONAL ELEITORAL DO D. FEDERAL;09272008901810053;0181;APOSENTADORIAS E PENSOES CIVIS DA UNIAO;0000;APOSENTADORIAS E PENSOES CIVIS DA UNIAO;084775;FOL SERVID;PESSOAL - FOLHA DE SERVIDORES;0169;CONTRIB.PATRONAL P/PLANO DE SEGURID.SOC.SERV.;2;ORCAMENTO DE SEGURIDADE SOCIAL;3;DESPESAS CORRENTES;1;PESSOAL E ENCARGOS SOCIAIS;01;APOSENT.RPPS, RESER.REMUNER. E REFOR.MILITAR;319001;APOSENT.RPPS, RESER.REMUNER. E REFOR.MILITAR;31900101;PROVENTOS - PESSOAL CIVIL;5;GLOBAL;08;NAO SE APLICA;-8;03/01/2018;JAN/2018;2018;070025000012018NE000014;PROVENTOS;2018NECT - PROVENTOS: PESSOAL CIVIL, EXERCICIO DE 2018.                       ANULACAO PARCIAL DO SUBITEM 01 PARA REFORCO DO SUBITEM 29.;070025;TRIBUNAL REGIONAL ELEITORAL DO D. FEDERAL;;;;;;;;(55.000,00);;;;;;;;;;;;
14107;TRIBUNAL REGIONAL ELEITORAL DO DIST. FEDERAL;070025;TRIBUNAL REGIONAL ELEITORAL DO D. FEDERAL;09272008901810053;0181;APOSENTADORIAS E PENSOES CIVIS DA UNIAO;0000;APOSENTADORIAS E PENSOES CIVIS DA UNIAO;084775;FOL SERVID;PESSOAL - FOLHA DE SERVIDORES;0169;CONTRIB.PATRONAL P/PLANO DE SEGURID.SOC.SERV.;2;ORCAMENTO DE SEGURIDADE SOCIAL;3;DESPESAS CORRENTES;1;PESSOAL E ENCARGOS SOCIAIS;01;APOSENT.RPPS, RESER.REMUNER. E REFOR.MILITAR;319001;APOSENT.RPPS, RESER.REMUNER. E REFOR.MILITAR;31900101;PROVENTOS - PESSOAL CIVIL;5;GLOBAL;08;NAO SE APLICA;-8;03/01/2018;JAN/2018;2018;070025000012018NE000014;PROVENTOS;2018NECT - PROVENTOS: PESSOAL CIVIL, EXERCICIO DE 2018. REFORCO DOS SUBITENS  01, 06 E 28.;070025;TRIBUNAL REGIONAL ELEITORAL DO D. FEDERAL;;;;;;;;500.000,00;;;;;;;;;;;;
14107;TRIBUNAL REGIONAL ELEITORAL DO DIST. FEDERAL;070025;TRIBUNAL REGIONAL ELEITORAL DO D. FEDERAL;09272008901810053;0181;APOSENTADORIAS E PENSOES CIVIS DA UNIAO;0000;APOSENTADORIAS E PENSOES CIVIS DA UNIAO;084775;FOL SERVID;PESSOAL - FOLHA DE SERVIDORES;0169;CONTRIB.PATRONAL P/PLANO DE SEGURID.SOC.SERV.;2;ORCAMENTO DE SEGURIDADE SOCIAL;3;DESPESAS CORRENTES;1;PESSOAL E ENCARGOS SOCIAIS;01;APOSENT.RPPS, RESER.REMUNER. E REFOR.MILITAR;319001;APOSENT.RPPS, RESER.REMUNER. E REFOR.MILITAR;31900101;PROVENTOS - PESSOAL CIVIL;5;GLOBAL;08;NAO SE APLICA;-8;03/01/2018;JAN/2018;2018;070025000012018NE000014;PROVENTOS;FOLHA DE PAGAMENTO DE SERVIDORES INATIVOS REFERENTE AO ABRIL DE 2018 - PA SEI 0001951-48.2018.6.07.8100.  DEDUCOES. IRRF.;070025;TRIBUNAL REGIONAL ELEITORAL DO D. FEDERAL;;;;;;;;0,00;0,00;165.291,50;;;;;;;;;0,00;165.291,50
14107;TRIBUNAL REGIONAL ELEITORAL DO DIST. FEDERAL;070025;TRIBUNAL REGIONAL ELEITORAL DO D. FEDERAL;09272008901810053;0181;APOSENTADORIAS E PENSOES CIVIS DA UNIAO;0000;APOSENTADORIAS E PENSOES CIVIS DA UNIAO;084775;FOL SERVID;PESSOAL - FOLHA DE SERVIDORES;0169;CONTRIB.PATRONAL P/PLANO DE SEGURID.SOC.SERV.;2;ORCAMENTO DE SEGURIDADE SOCIAL;3;DESPESAS CORRENTES;1;PESSOAL E ENCARGOS SOCIAIS;01;APOSENT.RPPS, RESER.REMUNER. E REFOR.MILITAR;319001;APOSENT.RPPS, RESER.REMUNER. E REFOR.MILITAR;31900101;PROVENTOS - PESSOAL CIVIL;5;GLOBAL;08;NAO SE APLICA;-8;03/01/2018;JAN/2018;2018;070025000012018NE000014;PROVENTOS;FOLHA DE PAGAMENTO DE SERVIDORES INATIVOS REFERENTE AO MES DE  JANEIRO DE 2018. PA 0000050-45.2018.6.07.8100.;070025;TRIBUNAL REGIONAL ELEITORAL DO D. FEDERAL;;;;;;;;0,00;387.644,97;;;;;;;;;;387.644,97;
14107;TRIBUNAL REGIONAL ELEITORAL DO DIST. FEDERAL;070025;TRIBUNAL REGIONAL ELEITORAL DO D. FEDERAL;09272008901810053;0181;APOSENTADORIAS E PENSOES CIVIS DA UNIAO;0000;APOSENTADORIAS E PENSOES CIVIS DA UNIAO;084775;FOL SERVID;PESSOAL - FOLHA DE SERVIDORES;0169;CONTRIB.PATRONAL P/PLANO DE SEGURID.SOC.SERV.;2;ORCAMENTO DE SEGURIDADE SOCIAL;3;DESPESAS CORRENTES;1;PESSOAL E ENCARGOS SOCIAIS;01;APOSENT.RPPS, RESER.REMUNER. E REFOR.MILITAR;319001;APOSENT.RPPS, RESER.REMUNER. E REFOR.MILITAR;31900101;PROVENTOS - PESSOAL CIVIL;5;GLOBAL;08;NAO SE APLICA;-8;03/01/2018;JAN/2018;2018;070025000012018NE000014;PROVENTOS;FOLHA DE PAGAMENTO DE SERVIDORES INATIVOS REFERENTE AO MES DE  JANEIRO DE 2018. PA 0000050-45.2018.6.07.8100. DESCONTO CONSIGNACAO BANCO BB;070025;TRIBUNAL REGIONAL ELEITORAL DO D. FEDERAL;;;;;;;;0,00;0,00;31.177,15;;;;;;;;;0,00;31.177,15
14107;TRIBUNAL REGIONAL ELEITORAL DO DIST. FEDERAL;070025;TRIBUNAL REGIONAL ELEITORAL DO D. FEDERAL;09272008901810053;0181;APOSENTADORIAS E PENSOES CIVIS DA UNIAO;0000;APOSENTADORIAS E PENSOES CIVIS DA UNIAO;084775;FOL SERVID;PESSOAL - FOLHA DE SERVIDORES;0169;CONTRIB.PATRONAL P/PLANO DE SEGURID.SOC.SERV.;2;ORCAMENTO DE SEGURIDADE SOCIAL;3;DESPESAS CORRENTES;1;PESSOAL E ENCARGOS SOCIAIS;01;APOSENT.RPPS, RESER.REMUNER. E REFOR.MILITAR;319001;APOSENT.RPPS, RESER.REMUNER. E REFOR.MILITAR;31900101;PROVENTOS - PESSOAL CIVIL;5;GLOBAL;08;NAO SE APLICA;-8;03/01/2018;JAN/2018;2018;070025000012018NE000014;PROVENTOS;FOLHA DE PAGAMENTO DE SERVIDORES INATIVOS REFERENTE AO MES DE  JANEIRO DE 2018. PA 0000050-45.2018.6.07.8100. DESCONTO CONSIGNACAO BANCO CEF;070025;TRIBUNAL REGIONAL ELEITORAL DO D. FEDERAL;;;;;;;;0,00;0,00;20.374,24;;;;;;;;;0,00;20.374,24
14107;TRIBUNAL REGIONAL ELEITORAL DO DIST. FEDERAL;070025;TRIBUNAL REGIONAL ELEITORAL DO D. FEDERAL;09272008901810053;0181;APOSENTADORIAS E PENSOES CIVIS DA UNIAO;0000;APOSENTADORIAS E PENSOES CIVIS DA UNIAO;084775;FOL SERVID;PESSOAL - FOLHA DE SERVIDORES;0169;CONTRIB.PATRONAL P/PLANO DE SEGURID.SOC.SERV.;2;ORCAMENTO DE SEGURIDADE SOCIAL;3;DESPESAS CORRENTES;1;PESSOAL E ENCARGOS SOCIAIS;01;APOSENT.RPPS, RESER.REMUNER. E REFOR.MILITAR;319001;APOSENT.RPPS, RESER.REMUNER. E REFOR.MILITAR;31900101;PROVENTOS - PESSOAL CIVIL;5;GLOBAL;08;NAO SE APLICA;-8;03/01/2018;JAN/2018;2018;070025000012018NE000014;PROVENTOS;FOLHA DE PAGAMENTO DE SERVIDORES INATIVOS REFERENTE AO MES DE  JANEIRO DE 2018. PA 0000050-45.2018.6.07.8100. DESCONTO CONSIGNACAO BANCO CRUZ. DO SUL;070025;TRIBUNAL REGIONAL ELEITORAL DO D. FEDERAL;;;;;;;;0,00;0,00;7.975,89;;;;;;;;;0,00;7.975,89
14107;TRIBUNAL REGIONAL ELEITORAL DO DIST. FEDERAL;070025;TRIBUNAL REGIONAL ELEITORAL DO D. FEDERAL;09272008901810053;0181;APOSENTADORIAS E PENSOES CIVIS DA UNIAO;0000;APOSENTADORIAS E PENSOES CIVIS DA UNIAO;084775;FOL SERVID;PESSOAL - FOLHA DE SERVIDORES;0169;CONTRIB.PATRONAL P/PLANO DE SEGURID.SOC.SERV.;2;ORCAMENTO DE SEGURIDADE SOCIAL;3;DESPESAS CORRENTES;1;PESSOAL E ENCARGOS SOCIAIS;01;APOSENT.RPPS, RESER.REMUNER. E REFOR.MILITAR;319001;APOSENT.RPPS, RESER.REMUNER. E REFOR.MILITAR;31900101;PROVENTOS - PESSOAL CIVIL;5;GLOBAL;08;NAO SE APLICA;-8;03/01/2018;JAN/2018;2018;070025000012018NE000014;PROVENTOS;FOLHA DE PAGAMENTO DE SERVIDORES INATIVOS REFERENTE AO MES DE  JANEIRO DE 2018. PA 0000050-45.2018.6.07.8100. DESCONTO CONSIGNACAO BANCO FINANCEIRA ALFA;070025;TRIBUNAL REGIONAL ELEITORAL DO D. FEDERAL;;;;;;;;0,00;0,00;1.823,44;;;;;;;;;0,00;1.823,44
14107;TRIBUNAL REGIONAL ELEITORAL DO DIST. FEDERAL;070025;TRIBUNAL REGIONAL ELEITORAL DO D. FEDERAL;09272008901810053;0181;APOSENTADORIAS E PENSOES CIVIS DA UNIAO;0000;APOSENTADORIAS E PENSOES CIVIS DA UNIAO;084775;FOL SERVID;PESSOAL - FOLHA DE SERVIDORES;0169;CONTRIB.PATRONAL P/PLANO DE SEGURID.SOC.SERV.;2;ORCAMENTO DE SEGURIDADE SOCIAL;3;DESPESAS CORRENTES;1;PESSOAL E ENCARGOS SOCIAIS;01;APOSENT.RPPS, RESER.REMUNER. E REFOR.MILITAR;319001;APOSENT.RPPS, RESER.REMUNER. E REFOR.MILITAR;31900101;PROVENTOS - PESSOAL CIVIL;5;GLOBAL;08;NAO SE APLICA;-8;03/01/2018;JAN/2018;2018;070025000012018NE000014;PROVENTOS;FOLHA DE PAGAMENTO DE SERVIDORES INATIVOS REFERENTE AO MES DE  JANEIRO DE 2018. PA 0000050-45.2018.6.07.8100. DESCONTO CONSIGNACAO BANCO SANTANDER;070025;TRIBUNAL REGIONAL ELEITORAL DO D. FEDERAL;;;;;;;;0,00;0,00;12.132,80;;;;;;;;;0,00;12.132,80
14107;TRIBUNAL REGIONAL ELEITORAL DO DIST. FEDERAL;070025;TRIBUNAL REGIONAL ELEITORAL DO D. FEDERAL;09272008901810053;0181;APOSENTADORIAS E PENSOES CIVIS DA UNIAO;0000;APOSENTADORIAS E PENSOES CIVIS DA UNIAO;084775;FOL SERVID;PESSOAL - FOLHA DE SERVIDORES;0169;CONTRIB.PATRONAL P/PLANO DE SEGURID.SOC.SERV.;2;ORCAMENTO DE SEGURIDADE SOCIAL;3;DESPESAS CORRENTES;1;PESSOAL E ENCARGOS SOCIAIS;01;APOSENT.RPPS, RESER.REMUNER. E REFOR.MILITAR;319001;APOSENT.RPPS, RESER.REMUNER. E REFOR.MILITAR;31900101;PROVENTOS - PESSOAL CIVIL;5;GLOBAL;08;NAO SE APLICA;-8;03/01/2018;JAN/2018;2018;070025000012018NE000014;PROVENTOS;FOLHA DE PAGAMENTO DE SERVIDORES INATIVOS REFERENTE AO MES DE  JANEIRO DE 2018. PA 0000050-45.2018.6.07.8100. DESCONTO CONSIGNACAO CAPEMISA;070025;TRIBUNAL REGIONAL ELEITORAL DO D. FEDERAL;;;;;;;;0,00;0,00;3.108,33;;;;;;;;;0,00;3.108,33
14107;TRIBUNAL REGIONAL ELEITORAL DO DIST. FEDERAL;070025;TRIBUNAL REGIONAL ELEITORAL DO D. FEDERAL;09272008901810053;0181;APOSENTADORIAS E PENSOES CIVIS DA UNIAO;0000;APOSENTADORIAS E PENSOES CIVIS DA UNIAO;084775;FOL SERVID;PESSOAL - FOLHA DE SERVIDORES;0169;CONTRIB.PATRONAL P/PLANO DE SEGURID.SOC.SERV.;2;ORCAMENTO DE SEGURIDADE SOCIAL;3;DESPESAS CORRENTES;1;PESSOAL E ENCARGOS SOCIAIS;01;APOSENT.RPPS, RESER.REMUNER. E REFOR.MILITAR;319001;APOSENT.RPPS, RESER.REMUNER. E REFOR.MILITAR;31900101;PROVENTOS - PESSOAL CIVIL;5;GLOBAL;08;NAO SE APLICA;-8;03/01/2018;JAN/2018;2018;070025000012018NE000014;PROVENTOS;FOLHA DE PAGAMENTO DE SERVIDORES INATIVOS REFERENTE AO MES DE  JANEIRO DE 2018. PA 0000050-45.2018.6.07.8100. DESCONTO CONTRIBUICAO AA ASTRE-DF;070025;TRIBUNAL REGIONAL ELEITORAL DO D. FEDERAL;;;;;;;;0,00;0,00;1.192,46;;;;;;;;;0,00;1.192,46
14107;TRIBUNAL REGIONAL ELEITORAL DO DIST. FEDERAL;070025;TRIBUNAL REGIONAL ELEITORAL DO D. FEDERAL;09272008901810053;0181;APOSENTADORIAS E PENSOES CIVIS DA UNIAO;0000;APOSENTADORIAS E PENSOES CIVIS DA UNIAO;084775;FOL SERVID;PESSOAL - FOLHA DE SERVIDORES;0169;CONTRIB.PATRONAL P/PLANO DE SEGURID.SOC.SERV.;2;ORCAMENTO DE SEGURIDADE SOCIAL;3;DESPESAS CORRENTES;1;PESSOAL E ENCARGOS SOCIAIS;01;APOSENT.RPPS, RESER.REMUNER. E REFOR.MILITAR;319001;APOSENT.RPPS, RESER.REMUNER. E REFOR.MILITAR;31900101;PROVENTOS - PESSOAL CIVIL;5;GLOBAL;08;NAO SE APLICA;-8;03/01/2018;JAN/2018;2018;070025000012018NE000014;PROVENTOS;FOLHA DE PAGAMENTO DE SERVIDORES INATIVOS REFERENTE AO MES DE  JANEIRO DE 2018. PA 0000050-45.2018.6.07.8100. DESCONTO CONTRIBUICAO AO SINDJUS;070025;TRIBUNAL REGIONAL ELEITORAL DO D. FEDERAL;;;;;;;;0,00;0,00;3.906,00;;;;;;;;;0,00;3.906,00
14107;TRIBUNAL REGIONAL ELEITORAL DO DIST. FEDERAL;070025;TRIBUNAL REGIONAL ELEITORAL DO D. FEDERAL;09272008901810053;0181;APOSENTADORIAS E PENSOES CIVIS DA UNIAO;0000;APOSENTADORIAS E PENSOES CIVIS DA UNIAO;084775;FOL SERVID;PESSOAL - FOLHA DE SERVIDORES;0169;CONTRIB.PATRONAL P/PLANO DE SEGURID.SOC.SERV.;2;ORCAMENTO DE SEGURIDADE SOCIAL;3;DESPESAS CORRENTES;1;PESSOAL E ENCARGOS SOCIAIS;01;APOSENT.RPPS, RESER.REMUNER. E REFOR.MILITAR;319001;APOSENT.RPPS, RESER.REMUNER. E REFOR.MILITAR;31900101;PROVENTOS - PESSOAL CIVIL;5;GLOBAL;08;NAO SE APLICA;-8;03/01/2018;JAN/2018;2018;070025000012018NE000014;PROVENTOS;FOLHA DE PAGAMENTO DE SERVIDORES INATIVOS REFERENTE AO MES DE  JANEIRO DE 2018. PA 0000050-45.2018.6.07.8100. DESCONTO CONTRIBUICAO AO TRE-SAUDE;070025;TRIBUNAL REGIONAL ELEITORAL DO D. FEDERAL;;;;;;;;0,00;0,00;43.002,44;;;;;;;;;0,00;43.002,44
14107;TRIBUNAL REGIONAL ELEITORAL DO DIST. FEDERAL;070025;TRIBUNAL REGIONAL ELEITORAL DO D. FEDERAL;09272008901810053;0181;APOSENTADORIAS E PENSOES CIVIS DA UNIAO;0000;APOSENTADORIAS E PENSOES CIVIS DA UNIAO;084775;FOL SERVID;PESSOAL - FOLHA DE SERVIDORES;0169;CONTRIB.PATRONAL P/PLANO DE SEGURID.SOC.SERV.;2;ORCAMENTO DE SEGURIDADE SOCIAL;3;DESPESAS CORRENTES;1;PESSOAL E ENCARGOS SOCIAIS;01;APOSENT.RPPS, RESER.REMUNER. E REFOR.MILITAR;319001;APOSENT.RPPS, RESER.REMUNER. E REFOR.MILITAR;31900101;PROVENTOS - PESSOAL CIVIL;5;GLOBAL;08;NAO SE APLICA;-8;03/01/2018;JAN/2018;2018;070025000012018NE000014;PROVENTOS;FOLHA DE PAGAMENTO DE SERVIDORES INATIVOS REFERENTE AO MES DE  JANEIRO DE 2018. PA 0000050-45.2018.6.07.8100. DESCONTO PENSAO ALIMENTICIA CEF;070025;TRIBUNAL REGIONAL ELEITORAL DO D. FEDERAL;;;;;;;;0,00;0,00;3.991,22;;;;;;;;;0,00;3.991,22
14107;TRIBUNAL REGIONAL ELEITORAL DO DIST. FEDERAL;070025;TRIBUNAL REGIONAL ELEITORAL DO D. FEDERAL;09272008901810053;0181;APOSENTADORIAS E PENSOES CIVIS DA UNIAO;0000;APOSENTADORIAS E PENSOES CIVIS DA UNIAO;084775;FOL SERVID;PESSOAL - FOLHA DE SERVIDORES;0169;CONTRIB.PATRONAL P/PLANO DE SEGURID.SOC.SERV.;2;ORCAMENTO DE SEGURIDADE SOCIAL;3;DESPESAS CORRENTES;1;PESSOAL E ENCARGOS SOCIAIS;01;APOSENT.RPPS, RESER.REMUNER. E REFOR.MILITAR;319001;APOSENT.RPPS, RESER.REMUNER. E REFOR.MILITAR;31900101;PROVENTOS - PESSOAL CIVIL;5;GLOBAL;08;NAO SE APLICA;-8;03/01/2018;JAN/2018;2018;070025000012018NE000014;PROVENTOS;FOLHA DE PAGAMENTO DE SERVIDORES INATIVOS REFERENTE AO MES DE  JANEIRO DE 2018. PA 0000050-45.2018.6.07.8100. DESCONTO PENSAO ALIMENTICIA OUTROS BANCOS;070025;TRIBUNAL REGIONAL ELEITORAL DO D. FEDERAL;;;;;;;;0,00;0,00;932,31;;;;;;;;;0,00;932,31
14107;TRIBUNAL REGIONAL ELEITORAL DO DIST. FEDERAL;070025;TRIBUNAL REGIONAL ELEITORAL DO D. FEDERAL;09272008901810053;0181;APOSENTADORIAS E PENSOES CIVIS DA UNIAO;0000;APOSENTADORIAS E PENSOES CIVIS DA UNIAO;084775;FOL SERVID;PESSOAL - FOLHA DE SERVIDORES;0169;CONTRIB.PATRONAL P/PLANO DE SEGURID.SOC.SERV.;2;ORCAMENTO DE SEGURIDADE SOCIAL;3;DESPESAS CORRENTES;1;PESSOAL E ENCARGOS SOCIAIS;01;APOSENT.RPPS, RESER.REMUNER. E REFOR.MILITAR;319001;APOSENT.RPPS, RESER.REMUNER. E REFOR.MILITAR;31900101;PROVENTOS - PESSOAL CIVIL;5;GLOBAL;08;NAO SE APLICA;-8;03/01/2018;JAN/2018;2018;070025000012018NE000014;PROVENTOS;FOLHA DE PAGAMENTO DE SERVIDORES INATIVOS REFERENTE AO MES DE  JANEIRO DE 2018. PA 0000050-45.2018.6.07.8100. RECOLHIMENTO IRRF;070025;TRIBUNAL REGIONAL ELEITORAL DO D. FEDERAL;;;;;;;;0,00;0,00;165.530,72;;;;;;;;;0,00;165.530,72
14107;TRIBUNAL REGIONAL ELEITORAL DO DIST. FEDERAL;070025;TRIBUNAL REGIONAL ELEITORAL DO D. FEDERAL;09272008901810053;0181;APOSENTADORIAS E PENSOES CIVIS DA UNIAO;0000;APOSENTADORIAS E PENSOES CIVIS DA UNIAO;084775;FOL SERVID;PESSOAL - FOLHA DE SERVIDORES;0169;CONTRIB.PATRONAL P/PLANO DE SEGURID.SOC.SERV.;2;ORCAMENTO DE SEGURIDADE SOCIAL;3;DESPESAS CORRENTES;1;PESSOAL E ENCARGOS SOCIAIS;01;APOSENT.RPPS, RESER.REMUNER. E REFOR.MILITAR;319001;APOSENT.RPPS, RESER.REMUNER. E REFOR.MILITAR;31900101;PROVENTOS - PESSOAL CIVIL;5;GLOBAL;08;NAO SE APLICA;-8;03/01/2018;JAN/2018;2018;070025000012018NE000014;PROVENTOS;FOLHA DE PAGAMENTO DE SERVIDORES INATIVOS REFERENTE AO MES DE  JANEIRO DE 2018. PA 0000050-45.2018.6.07.8100. RECOLHIMENTO PSSS SERVIDOR;070025;TRIBUNAL REGIONAL ELEITORAL DO D. FEDERAL;;;;;;;;0,00;0,00;81.462,91;;;;;;;;;0,00;81.462,91
14107;TRIBUNAL REGIONAL ELEITORAL DO DIST. FEDERAL;070025;TRIBUNAL REGIONAL ELEITORAL DO D. FEDERAL;09272008901810053;0181;APOSENTADORIAS E PENSOES CIVIS DA UNIAO;0000;APOSENTADORIAS E PENSOES CIVIS DA UNIAO;084775;FOL SERVID;PESSOAL - FOLHA DE SERVIDORES;0169;CONTRIB.PATRONAL P/PLANO DE SEGURID.SOC.SERV.;2;ORCAMENTO DE SEGURIDADE SOCIAL;3;DESPESAS CORRENTES;1;PESSOAL E ENCARGOS SOCIAIS;01;APOSENT.RPPS, RESER.REMUNER. E REFOR.MILITAR;319001;APOSENT.RPPS, RESER.REMUNER. E REFOR.MILITAR;31900101;PROVENTOS - PESSOAL CIVIL;5;GLOBAL;08;NAO SE APLICA;-8;03/01/2018;JAN/2018;2018;070025000012018NE000014;PROVENTOS;FOLHA DE PAGAMENTO DE SERVIDORES INATIVOS REFERENTE AO MES DE  JANEIRO DE 2018. PA 0000050-45.2018.6.07.8100. RECOLHIMENTO TAXAS DE CONSIGNACAO;070025;TRIBUNAL REGIONAL ELEITORAL DO D. FEDERAL;;;;;;;;0,00;0,00;193,00;;;;;;;;;0,00;193,00
14107;TRIBUNAL REGIONAL ELEITORAL DO DIST. FEDERAL;070025;TRIBUNAL REGIONAL ELEITORAL DO D. FEDERAL;09272008901810053;0181;APOSENTADORIAS E PENSOES CIVIS DA UNIAO;0000;APOSENTADORIAS E PENSOES CIVIS DA UNIAO;084775;FOL SERVID;PESSOAL - FOLHA DE SERVIDORES;0169;CONTRIB.PATRONAL P/PLANO DE SEGURID.SOC.SERV.;2;ORCAMENTO DE SEGURIDADE SOCIAL;3;DESPESAS CORRENTES;1;PESSOAL E ENCARGOS SOCIAIS;01;APOSENT.RPPS, RESER.REMUNER. E REFOR.MILITAR;319001;APOSENT.RPPS, RESER.REMUNER. E REFOR.MILITAR;31900101;PROVENTOS - PESSOAL CIVIL;5;GLOBAL;08;NAO SE APLICA;-8;03/01/2018;JAN/2018;2018;070025000012018NE000014;PROVENTOS;FOLHA DE PAGAMENTO DE SERVIDORES INATIVOS REFERENTE AO MES DE ABRIL DE 2018 - PA SEI 0001951-48.2018.6.07.8100.;070025;TRIBUNAL REGIONAL ELEITORAL DO D. FEDERAL;;;;;;;;0,00;391.103,60;;;;;;;;;;391.103,60;
14107;TRIBUNAL REGIONAL ELEITORAL DO DIST. FEDERAL;070025;TRIBUNAL REGIONAL ELEITORAL DO D. FEDERAL;09272008901810053;0181;APOSENTADORIAS E PENSOES CIVIS DA UNIAO;0000;APOSENTADORIAS E PENSOES CIVIS DA UNIAO;084775;FOL SERVID;PESSOAL - FOLHA DE SERVIDORES;0169;CONTRIB.PATRONAL P/PLANO DE SEGURID.SOC.SERV.;2;ORCAMENTO DE SEGURIDADE SOCIAL;3;DESPESAS CORRENTES;1;PESSOAL E ENCARGOS SOCIAIS;01;APOSENT.RPPS, RESER.REMUNER. E REFOR.MILITAR;319001;APOSENT.RPPS, RESER.REMUNER. E REFOR.MILITAR;31900101;PROVENTOS - PESSOAL CIVIL;5;GLOBAL;08;NAO SE APLICA;-8;03/01/2018;JAN/2018;2018;070025000012018NE000014;PROVENTOS;FOLHA DE PAGAMENTO DE SERVIDORES INATIVOS REFERENTE AO MES DE ABRIL DE 2018 - PA SEI 0001951-48.2018.6.07.8100.  DEDUCOES. ASTREDF.;070025;TRIBUNAL REGIONAL ELEITORAL DO D. FEDERAL;;;;;;;;0,00;0,00;1.192,46;;;;;;;;;0,00;1.192,46
14107;TRIBUNAL REGIONAL ELEITORAL DO DIST. FEDERAL;070025;TRIBUNAL REGIONAL ELEITORAL DO D. FEDERAL;09272008901810053;0181;APOSENTADORIAS E PENSOES CIVIS DA UNIAO;0000;APOSENTADORIAS E PENSOES CIVIS DA UNIAO;084775;FOL SERVID;PESSOAL - FOLHA DE SERVIDORES;0169;CONTRIB.PATRONAL P/PLANO DE SEGURID.SOC.SERV.;2;ORCAMENTO DE SEGURIDADE SOCIAL;3;DESPESAS CORRENTES;1;PESSOAL E ENCARGOS SOCIAIS;01;APOSENT.RPPS, RESER.REMUNER. E REFOR.MILITAR;319001;APOSENT.RPPS, RESER.REMUNER. E REFOR.MILITAR;31900101;PROVENTOS - PESSOAL CIVIL;5;GLOBAL;08;NAO SE APLICA;-8;03/01/2018;JAN/2018;2018;070025000012018NE000014;PROVENTOS;FOLHA DE PAGAMENTO DE SERVIDORES INATIVOS REFERENTE AO MES DE ABRIL DE 2018 - PA SEI 0001951-48.2018.6.07.8100.  DEDUCOES. BANCO DO BRASIL.;070025;TRIBUNAL REGIONAL ELEITORAL DO D. FEDERAL;;;;;;;;0,00;0,00;31.715,97;;;;;;;;;0,00;31.715,97
14107;TRIBUNAL REGIONAL ELEITORAL DO DIST. FEDERAL;070025;TRIBUNAL REGIONAL ELEITORAL DO D. FEDERAL;09272008901810053;0181;APOSENTADORIAS E PENSOES CIVIS DA UNIAO;0000;APOSENTADORIAS E PENSOES CIVIS DA UNIAO;084775;FOL SERVID;PESSOAL - FOLHA DE SERVIDORES;0169;CONTRIB.PATRONAL P/PLANO DE SEGURID.SOC.SERV.;2;ORCAMENTO DE SEGURIDADE SOCIAL;3;DESPESAS CORRENTES;1;PESSOAL E ENCARGOS SOCIAIS;01;APOSENT.RPPS, RESER.REMUNER. E REFOR.MILITAR;319001;APOSENT.RPPS, RESER.REMUNER. E REFOR.MILITAR;31900101;PROVENTOS - PESSOAL CIVIL;5;GLOBAL;08;NAO SE APLICA;-8;03/01/2018;JAN/2018;2018;070025000012018NE000014;PROVENTOS;FOLHA DE PAGAMENTO DE SERVIDORES INATIVOS REFERENTE AO MES DE ABRIL DE 2018 - PA SEI 0001951-48.2018.6.07.8100.  DEDUCOES. BANCO FINANCEIRA ALFA S/A.;070025;TRIBUNAL REGIONAL ELEITORAL DO D. FEDERAL;;;;;;;;0,00;0,00;2.996,40;;;;;;;;;0,00;2.996,40
14107;TRIBUNAL REGIONAL ELEITORAL DO DIST. FEDERAL;070025;TRIBUNAL REGIONAL ELEITORAL DO D. FEDERAL;09272008901810053;0181;APOSENTADORIAS E PENSOES CIVIS DA UNIAO;0000;APOSENTADORIAS E PENSOES CIVIS DA UNIAO;084775;FOL SERVID;PESSOAL - FOLHA DE SERVIDORES;0169;CONTRIB.PATRONAL P/PLANO DE SEGURID.SOC.SERV.;2;ORCAMENTO DE SEGURIDADE SOCIAL;3;DESPESAS CORRENTES;1;PESSOAL E ENCARGOS SOCIAIS;01;APOSENT.RPPS, RESER.REMUNER. E REFOR.MILITAR;319001;APOSENT.RPPS, RESER.REMUNER. E REFOR.MILITAR;31900101;PROVENTOS - PESSOAL CIVIL;5;GLOBAL;08;NAO SE APLICA;-8;03/01/2018;JAN/2018;2018;070025000012018NE000014;PROVENTOS;FOLHA DE PAGAMENTO DE SERVIDORES INATIVOS REFERENTE AO MES DE ABRIL DE 2018 - PA SEI 0001951-48.2018.6.07.8100.  DEDUCOES. PENSAO ALIMENTICIA (OUTROS BANCOS).;070025;TRIBUNAL REGIONAL ELEITORAL DO D. FEDERAL;;;;;;;;0,00;0,00;625,46;;;;;;;;;0,00;625,46
14107;TRIBUNAL REGIONAL ELEITORAL DO DIST. FEDERAL;070025;TRIBUNAL REGIONAL ELEITORAL DO D. FEDERAL;09272008901810053;0181;APOSENTADORIAS E PENSOES CIVIS DA UNIAO;0000;APOSENTADORIAS E PENSOES CIVIS DA UNIAO;084775;FOL SERVID;PESSOAL - FOLHA DE SERVIDORES;0169;CONTRIB.PATRONAL P/PLANO DE SEGURID.SOC.SERV.;2;ORCAMENTO DE SEGURIDADE SOCIAL;3;DESPESAS CORRENTES;1;PESSOAL E ENCARGOS SOCIAIS;01;APOSENT.RPPS, RESER.REMUNER. E REFOR.MILITAR;319001;APOSENT.RPPS, RESER.REMUNER. E REFOR.MILITAR;31900101;PROVENTOS - PESSOAL CIVIL;5;GLOBAL;08;NAO SE APLICA;-8;03/01/2018;JAN/2018;2018;070025000012018NE000014;PROVENTOS;FOLHA DE PAGAMENTO DE SERVIDORES INATIVOS REFERENTE AO MES DE ABRIL DE 2018 - PA SEI 0001951-48.2018.6.07.8100. DADOS BANCARIOS OUTROS BANCOS.;070025;TRIBUNAL REGIONAL ELEITORAL DO D. FEDERAL;;;;;;;;0,00;0,00;8.617,35;;;;;;;;;0,00;8.617,35
14107;TRIBUNAL REGIONAL ELEITORAL DO DIST. FEDERAL;070025;TRIBUNAL REGIONAL ELEITORAL DO D. FEDERAL;09272008901810053;0181;APOSENTADORIAS E PENSOES CIVIS DA UNIAO;0000;APOSENTADORIAS E PENSOES CIVIS DA UNIAO;084775;FOL SERVID;PESSOAL - FOLHA DE SERVIDORES;0169;CONTRIB.PATRONAL P/PLANO DE SEGURID.SOC.SERV.;2;ORCAMENTO DE SEGURIDADE SOCIAL;3;DESPESAS CORRENTES;1;PESSOAL E ENCARGOS SOCIAIS;01;APOSENT.RPPS, RESER.REMUNER. E REFOR.MILITAR;319001;APOSENT.RPPS, RESER.REMUNER. E REFOR.MILITAR;31900101;PROVENTOS - PESSOAL CIVIL;5;GLOBAL;08;NAO SE APLICA;-8;03/01/2018;JAN/2018;2018;070025000012018NE000014;PROVENTOS;FOLHA DE PAGAMENTO DE SERVIDORES INATIVOS REFERENTE AO MES DE ABRIL DE 2018 - PA SEI 0001951-48.2018.6.07.8100. DEDUCOES. BANCO CEF.;070025;TRIBUNAL REGIONAL ELEITORAL DO D. FEDERAL;;;;;;;;0,00;0,00;19.519,20;;;;;;;;;0,00;19.519,20
14107;TRIBUNAL REGIONAL ELEITORAL DO DIST. FEDERAL;070025;TRIBUNAL REGIONAL ELEITORAL DO D. FEDERAL;09272008901810053;0181;APOSENTADORIAS E PENSOES CIVIS DA UNIAO;0000;APOSENTADORIAS E PENSOES CIVIS DA UNIAO;084775;FOL SERVID;PESSOAL - FOLHA DE SERVIDORES;0169;CONTRIB.PATRONAL P/PLANO DE SEGURID.SOC.SERV.;2;ORCAMENTO DE SEGURIDADE SOCIAL;3;DESPESAS CORRENTES;1;PESSOAL E ENCARGOS SOCIAIS;01;APOSENT.RPPS, RESER.REMUNER. E REFOR.MILITAR;319001;APOSENT.RPPS, RESER.REMUNER. E REFOR.MILITAR;31900101;PROVENTOS - PESSOAL CIVIL;5;GLOBAL;08;NAO SE APLICA;-8;03/01/2018;JAN/2018;2018;070025000012018NE000014;PROVENTOS;FOLHA DE PAGAMENTO DE SERVIDORES INATIVOS REFERENTE AO MES DE ABRIL DE 2018 - PA SEI 0001951-48.2018.6.07.8100. DEDUCOES. BANCO CRUZEIRO DO SUL.;070025;TRIBUNAL REGIONAL ELEITORAL DO D. FEDERAL;;;;;;;;0,00;0,00;7.975,89;;;;;;;;;0,00;7.975,89
14107;TRIBUNAL REGIONAL ELEITORAL DO DIST. FEDERAL;070025;TRIBUNAL REGIONAL ELEITORAL DO D. FEDERAL;09272008901810053;0181;APOSENTADORIAS E PENSOES CIVIS DA UNIAO;0000;APOSENTADORIAS E PENSOES CIVIS DA UNIAO;084775;FOL SERVID;PESSOAL - FOLHA DE SERVIDORES;0169;CONTRIB.PATRONAL P/PLANO DE SEGURID.SOC.SERV.;2;ORCAMENTO DE SEGURIDADE SOCIAL;3;DESPESAS CORRENTES;1;PESSOAL E ENCARGOS SOCIAIS;01;APOSENT.RPPS, RESER.REMUNER. E REFOR.MILITAR;319001;APOSENT.RPPS, RESER.REMUNER. E REFOR.MILITAR;31900101;PROVENTOS - PESSOAL CIVIL;5;GLOBAL;08;NAO SE APLICA;-8;03/01/2018;JAN/2018;2018;070025000012018NE000014;PROVENTOS;FOLHA DE PAGAMENTO DE SERVIDORES INATIVOS REFERENTE AO MES DE ABRIL DE 2018 - PA SEI 0001951-48.2018.6.07.8100. DEDUCOES. BANCO SANTANDER.;070025;TRIBUNAL REGIONAL ELEITORAL DO D. FEDERAL;;;;;;;;0,00;0,00;13.886,55;;;;;;;;;0,00;13.886,55
14107;TRIBUNAL REGIONAL ELEITORAL DO DIST. FEDERAL;070025;TRIBUNAL REGIONAL ELEITORAL DO D. FEDERAL;09272008901810053;0181;APOSENTADORIAS E PENSOES CIVIS DA UNIAO;0000;APOSENTADORIAS E PENSOES CIVIS DA UNIAO;084775;FOL SERVID;PESSOAL - FOLHA DE SERVIDORES;0169;CONTRIB.PATRONAL P/PLANO DE SEGURID.SOC.SERV.;2;ORCAMENTO DE SEGURIDADE SOCIAL;3;DESPESAS CORRENTES;1;PESSOAL E ENCARGOS SOCIAIS;01;APOSENT.RPPS, RESER.REMUNER. E REFOR.MILITAR;319001;APOSENT.RPPS, RESER.REMUNER. E REFOR.MILITAR;31900101;PROVENTOS - PESSOAL CIVIL;5;GLOBAL;08;NAO SE APLICA;-8;03/01/2018;JAN/2018;2018;070025000012018NE000014;PROVENTOS;FOLHA DE PAGAMENTO DE SERVIDORES INATIVOS REFERENTE AO MES DE ABRIL DE 2018 - PA SEI 0001951-48.2018.6.07.8100. DEDUCOES. CAPEMISA.;070025;TRIBUNAL REGIONAL ELEITORAL DO D. FEDERAL;;;;;;;;0,00;0,00;3.451,31;;;;;;;;;0,00;3.451,31
14107;TRIBUNAL REGIONAL ELEITORAL DO DIST. FEDERAL;070025;TRIBUNAL REGIONAL ELEITORAL DO D. FEDERAL;09272008901810053;0181;APOSENTADORIAS E PENSOES CIVIS DA UNIAO;0000;APOSENTADORIAS E PENSOES CIVIS DA UNIAO;084775;FOL SERVID;PESSOAL - FOLHA DE SERVIDORES;0169;CONTRIB.PATRONAL P/PLANO DE SEGURID.SOC.SERV.;2;ORCAMENTO DE SEGURIDADE SOCIAL;3;DESPESAS CORRENTES;1;PESSOAL E ENCARGOS SOCIAIS;01;APOSENT.RPPS, RESER.REMUNER. E REFOR.MILITAR;319001;APOSENT.RPPS, RESER.REMUNER. E REFOR.MILITAR;31900101;PROVENTOS - PESSOAL CIVIL;5;GLOBAL;08;NAO SE APLICA;-8;03/01/2018;JAN/2018;2018;070025000012018NE000014;PROVENTOS;FOLHA DE PAGAMENTO DE SERVIDORES INATIVOS REFERENTE AO MES DE ABRIL DE 2018 - PA SEI 0001951-48.2018.6.07.8100. DEDUCOES. DEVOLUCAO DE CONSIGNACOES (TAXAS MINISTERIO DO PLANEJAMENTO).;070025;TRIBUNAL REGIONAL ELEITORAL DO D. FEDERAL;;;;;;;;0,00;0,00;206,75;;;;;;;;;0,00;206,75
14107;TRIBUNAL REGIONAL ELEITORAL DO DIST. FEDERAL;070025;TRIBUNAL REGIONAL ELEITORAL DO D. FEDERAL;09272008901810053;0181;APOSENTADORIAS E PENSOES CIVIS DA UNIAO;0000;APOSENTADORIAS E PENSOES CIVIS DA UNIAO;084775;FOL SERVID;PESSOAL - FOLHA DE SERVIDORES;0169;CONTRIB.PATRONAL P/PLANO DE SEGURID.SOC.SERV.;2;ORCAMENTO DE SEGURIDADE SOCIAL;3;DESPESAS CORRENTES;1;PESSOAL E ENCARGOS SOCIAIS;01;APOSENT.RPPS, RESER.REMUNER. E REFOR.MILITAR;319001;APOSENT.RPPS, RESER.REMUNER. E REFOR.MILITAR;31900101;PROVENTOS - PESSOAL CIVIL;5;GLOBAL;08;NAO SE APLICA;-8;03/01/2018;JAN/2018;2018;070025000012018NE000014;PROVENTOS;FOLHA DE PAGAMENTO DE SERVIDORES INATIVOS REFERENTE AO MES DE ABRIL DE 2018 - PA SEI 0001951-48.2018.6.07.8100. DEDUCOES. PENSAO ALIMENTICIA (CEF).;070025;TRIBUNAL REGIONAL ELEITORAL DO D. FEDERAL;;;;;;;;0,00;0,00;2.663,45;;;;;;;;;0,00;2.663,45
14107;TRIBUNAL REGIONAL ELEITORAL DO DIST. FEDERAL;070025;TRIBUNAL REGIONAL ELEITORAL DO D. FEDERAL;09272008901810053;0181;APOSENTADORIAS E PENSOES CIVIS DA UNIAO;0000;APOSENTADORIAS E PENSOES CIVIS DA UNIAO;084775;FOL SERVID;PESSOAL - FOLHA DE SERVIDORES;0169;CONTRIB.PATRONAL P/PLANO DE SEGURID.SOC.SERV.;2;ORCAMENTO DE SEGURIDADE SOCIAL;3;DESPESAS CORRENTES;1;PESSOAL E ENCARGOS SOCIAIS;01;APOSENT.RPPS, RESER.REMUNER. E REFOR.MILITAR;319001;APOSENT.RPPS, RESER.REMUNER. E REFOR.MILITAR;31900101;PROVENTOS - PESSOAL CIVIL;5;GLOBAL;08;NAO SE APLICA;-8;03/01/2018;JAN/2018;2018;070025000012018NE000014;PROVENTOS;FOLHA DE PAGAMENTO DE SERVIDORES INATIVOS REFERENTE AO MES DE ABRIL DE 2018 - PA SEI 0001951-48.2018.6.07.8100. DEDUCOES. PSSS SERVIDOR.;070025;TRIBUNAL REGIONAL ELEITORAL DO D. FEDERAL;;;;;;;;0,00;0,00;80.803,51;;;;;;;;;0,00;80.803,51
14107;TRIBUNAL REGIONAL ELEITORAL DO DIST. FEDERAL;070025;TRIBUNAL REGIONAL ELEITORAL DO D. FEDERAL;09272008901810053;0181;APOSENTADORIAS E PENSOES CIVIS DA UNIAO;0000;APOSENTADORIAS E PENSOES CIVIS DA UNIAO;084775;FOL SERVID;PESSOAL - FOLHA DE SERVIDORES;0169;CONTRIB.PATRONAL P/PLANO DE SEGURID.SOC.SERV.;2;ORCAMENTO DE SEGURIDADE SOCIAL;3;DESPESAS CORRENTES;1;PESSOAL E ENCARGOS SOCIAIS;01;APOSENT.RPPS, RESER.REMUNER. E REFOR.MILITAR;319001;APOSENT.RPPS, RESER.REMUNER. E REFOR.MILITAR;31900101;PROVENTOS - PESSOAL CIVIL;5;GLOBAL;08;NAO SE APLICA;-8;03/01/2018;JAN/2018;2018;070025000012018NE000014;PROVENTOS;FOLHA DE PAGAMENTO DE SERVIDORES INATIVOS REFERENTE AO MES DE ABRIL DE 2018 - PA SEI 0001951-48.2018.6.07.8100. DEDUCOES. SINDJUS.;070025;TRIBUNAL REGIONAL ELEITORAL DO D. FEDERAL;;;;;;;;0,00;0,00;3.916,00;;;;;;;;;0,00;3.916,00
14107;TRIBUNAL REGIONAL ELEITORAL DO DIST. FEDERAL;070025;TRIBUNAL REGIONAL ELEITORAL DO D. FEDERAL;09272008901810053;0181;APOSENTADORIAS E PENSOES CIVIS DA UNIAO;0000;APOSENTADORIAS E PENSOES CIVIS DA UNIAO;084775;FOL SERVID;PESSOAL - FOLHA DE SERVIDORES;0169;CONTRIB.PATRONAL P/PLANO DE SEGURID.SOC.SERV.;2;ORCAMENTO DE SEGURIDADE SOCIAL;3;DESPESAS CORRENTES;1;PESSOAL E ENCARGOS SOCIAIS;01;APOSENT.RPPS, RESER.REMUNER. E REFOR.MILITAR;319001;APOSENT.RPPS, RESER.REMUNER. E REFOR.MILITAR;31900101;PROVENTOS - PESSOAL CIVIL;5;GLOBAL;08;NAO SE APLICA;-8;03/01/2018;JAN/2018;2018;070025000012018NE000014;PROVENTOS;FOLHA DE PAGAMENTO DE SERVIDORES INATIVOS REFERENTE AO MES DE ABRIL DE 2018 - PA SEI 0001951-48.2018.6.07.8100. DEDUCOES. TRE - SAUDE CONTRIBUICAO MENSAL.;070025;TRIBUNAL REGIONAL ELEITORAL DO D. FEDERAL;;;;;;;;0,00;0,00;45.085,52;;;;;;;;;0,00;45.085,52
14107;TRIBUNAL REGIONAL ELEITORAL DO DIST. FEDERAL;070025;TRIBUNAL REGIONAL ELEITORAL DO D. FEDERAL;09272008901810053;0181;APOSENTADORIAS E PENSOES CIVIS DA UNIAO;0000;APOSENTADORIAS E PENSOES CIVIS DA UNIAO;084775;FOL SERVID;PESSOAL - FOLHA DE SERVIDORES;0169;CONTRIB.PATRONAL P/PLANO DE SEGURID.SOC.SERV.;2;ORCAMENTO DE SEGURIDADE SOCIAL;3;DESPESAS CORRENTES;1;PESSOAL E ENCARGOS SOCIAIS;01;APOSENT.RPPS, RESER.REMUNER. E REFOR.MILITAR;319001;APOSENT.RPPS, RESER.REMUNER. E REFOR.MILITAR;31900101;PROVENTOS - PESSOAL CIVIL;5;GLOBAL;08;NAO SE APLICA;-8;03/01/2018;JAN/2018;2018;070025000012018NE000014;PROVENTOS;FOLHA DE PAGAMENTO DE SERVIDORES INATIVOS REFERENTE AO MES DE ABRIL DE 2018 - PA SEI 0001951-48.2018.6.07.8100. ŽDEVOLUCAO DE PROVENTOS.;070025;TRIBUNAL REGIONAL ELEITORAL DO D. FEDERAL;;;;;;;;0,00;(3.156,28);0,00;;;;;;;;;(3.156,28);0,00
14107;TRIBUNAL REGIONAL ELEITORAL DO DIST. FEDERAL;070025;TRIBUNAL REGIONAL ELEITORAL DO D. FEDERAL;09272008901810053;0181;APOSENTADORIAS E PENSOES CIVIS DA UNIAO;0000;APOSENTADORIAS E PENSOES CIVIS DA UNIAO;084775;FOL SERVID;PESSOAL - FOLHA DE SERVIDORES;0169;CONTRIB.PATRONAL P/PLANO DE SEGURID.SOC.SERV.;2;ORCAMENTO DE SEGURIDADE SOCIAL;3;DESPESAS CORRENTES;1;PESSOAL E ENCARGOS SOCIAIS;01;APOSENT.RPPS, RESER.REMUNER. E REFOR.MILITAR;319001;APOSENT.RPPS, RESER.REMUNER. E REFOR.MILITAR;31900101;PROVENTOS - PESSOAL CIVIL;5;GLOBAL;08;NAO SE APLICA;-8;03/01/2018;JAN/2018;2018;070025000012018NE000014;PROVENTOS;FOLHA DE PAGAMENTO DE SERVIDORES INATIVOS REFERENTE AO MES DE FEVEREIRO DE 2018 - PA SEI 0000707-84.2018.6.07.8100.;070025;TRIBUNAL REGIONAL ELEITORAL DO D. FEDERAL;;;;;;;;0,00;391.405,95;;;;;;;;;;391.405,95;
14107;TRIBUNAL REGIONAL ELEITORAL DO DIST. FEDERAL;070025;TRIBUNAL REGIONAL ELEITORAL DO D. FEDERAL;09272008901810053;0181;APOSENTADORIAS E PENSOES CIVIS DA UNIAO;0000;APOSENTADORIAS E PENSOES CIVIS DA UNIAO;084775;FOL SERVID;PESSOAL - FOLHA DE SERVIDORES;0169;CONTRIB.PATRONAL P/PLANO DE SEGURID.SOC.SERV.;2;ORCAMENTO DE SEGURIDADE SOCIAL;3;DESPESAS CORRENTES;1;PESSOAL E ENCARGOS SOCIAIS;01;APOSENT.RPPS, RESER.REMUNER. E REFOR.MILITAR;319001;APOSENT.RPPS, RESER.REMUNER. E REFOR.MILITAR;31900101;PROVENTOS - PESSOAL CIVIL;5;GLOBAL;08;NAO SE APLICA;-8;03/01/2018;JAN/2018;2018;070025000012018NE000014;PROVENTOS;FOLHA DE PAGAMENTO DE SERVIDORES INATIVOS REFERENTE AO MES DE FEVEREIRO DE 2018 - PA SEI 0000707-84.2018.6.07.8100.  DEDUCOES. ASTREDF.;070025;TRIBUNAL REGIONAL ELEITORAL DO D. FEDERAL;;;;;;;;0,00;0,00;1.192,46;;;;;;;;;0,00;1.192,46
14107;TRIBUNAL REGIONAL ELEITORAL DO DIST. FEDERAL;070025;TRIBUNAL REGIONAL ELEITORAL DO D. FEDERAL;09272008901810053;0181;APOSENTADORIAS E PENSOES CIVIS DA UNIAO;0000;APOSENTADORIAS E PENSOES CIVIS DA UNIAO;084775;FOL SERVID;PESSOAL - FOLHA DE SERVIDORES;0169;CONTRIB.PATRONAL P/PLANO DE SEGURID.SOC.SERV.;2;ORCAMENTO DE SEGURIDADE SOCIAL;3;DESPESAS CORRENTES;1;PESSOAL E ENCARGOS SOCIAIS;01;APOSENT.RPPS, RESER.REMUNER. E REFOR.MILITAR;319001;APOSENT.RPPS, RESER.REMUNER. E REFOR.MILITAR;31900101;PROVENTOS - PESSOAL CIVIL;5;GLOBAL;08;NAO SE APLICA;-8;03/01/2018;JAN/2018;2018;070025000012018NE000014;PROVENTOS;FOLHA DE PAGAMENTO DE SERVIDORES INATIVOS REFERENTE AO MES DE FEVEREIRO DE 2018 - PA SEI 0000707-84.2018.6.07.8100.  DEDUCOES. BANCO DO BRASIL.;070025;TRIBUNAL REGIONAL ELEITORAL DO D. FEDERAL;;;;;;;;0,00;0,00;31.177,15;;;;;;;;;0,00;31.177,15
14107;TRIBUNAL REGIONAL ELEITORAL DO DIST. FEDERAL;070025;TRIBUNAL REGIONAL ELEITORAL DO D. FEDERAL;09272008901810053;0181;APOSENTADORIAS E PENSOES CIVIS DA UNIAO;0000;APOSENTADORIAS E PENSOES CIVIS DA UNIAO;084775;FOL SERVID;PESSOAL - FOLHA DE SERVIDORES;0169;CONTRIB.PATRONAL P/PLANO DE SEGURID.SOC.SERV.;2;ORCAMENTO DE SEGURIDADE SOCIAL;3;DESPESAS CORRENTES;1;PESSOAL E ENCARGOS SOCIAIS;01;APOSENT.RPPS, RESER.REMUNER. E REFOR.MILITAR;319001;APOSENT.RPPS, RESER.REMUNER. E REFOR.MILITAR;31900101;PROVENTOS - PESSOAL CIVIL;5;GLOBAL;08;NAO SE APLICA;-8;03/01/2018;JAN/2018;2018;070025000012018NE000014;PROVENTOS;FOLHA DE PAGAMENTO DE SERVIDORES INATIVOS REFERENTE AO MES DE FEVEREIRO DE 2018 - PA SEI 0000707-84.2018.6.07.8100.  DEDUCOES. BANCO FINANCEIRA ALFA S/A.;070025;TRIBUNAL REGIONAL ELEITORAL DO D. FEDERAL;;;;;;;;0,00;0,00;2.996,40;;;;;;;;;0,00;2.996,40
14107;TRIBUNAL REGIONAL ELEITORAL DO DIST. FEDERAL;070025;TRIBUNAL REGIONAL ELEITORAL DO D. FEDERAL;09272008901810053;0181;APOSENTADORIAS E PENSOES CIVIS DA UNIAO;0000;APOSENTADORIAS E PENSOES CIVIS DA UNIAO;084775;FOL SERVID;PESSOAL - FOLHA DE SERVIDORES;0169;CONTRIB.PATRONAL P/PLANO DE SEGURID.SOC.SERV.;2;ORCAMENTO DE SEGURIDADE SOCIAL;3;DESPESAS CORRENTES;1;PESSOAL E ENCARGOS SOCIAIS;01;APOSENT.RPPS, RESER.REMUNER. E REFOR.MILITAR;319001;APOSENT.RPPS, RESER.REMUNER. E REFOR.MILITAR;31900101;PROVENTOS - PESSOAL CIVIL;5;GLOBAL;08;NAO SE APLICA;-8;03/01/2018;JAN/2018;2018;070025000012018NE000014;PROVENTOS;FOLHA DE PAGAMENTO DE SERVIDORES INATIVOS REFERENTE AO MES DE FEVEREIRO DE 2018 - PA SEI 0000707-84.2018.6.07.8100.  DEDUCOES. IRRF.;070025;TRIBUNAL REGIONAL ELEITORAL DO D. FEDERAL;;;;;;;;0,00;0,00;165.766,43;;;;;;;;;0,00;165.766,43
14107;TRIBUNAL REGIONAL ELEITORAL DO DIST. FEDERAL;070025;TRIBUNAL REGIONAL ELEITORAL DO D. FEDERAL;09272008901810053;0181;APOSENTADORIAS E PENSOES CIVIS DA UNIAO;0000;APOSENTADORIAS E PENSOES CIVIS DA UNIAO;084775;FOL SERVID;PESSOAL - FOLHA DE SERVIDORES;0169;CONTRIB.PATRONAL P/PLANO DE SEGURID.SOC.SERV.;2;ORCAMENTO DE SEGURIDADE SOCIAL;3;DESPESAS CORRENTES;1;PESSOAL E ENCARGOS SOCIAIS;01;APOSENT.RPPS, RESER.REMUNER. E REFOR.MILITAR;319001;APOSENT.RPPS, RESER.REMUNER. E REFOR.MILITAR;31900101;PROVENTOS - PESSOAL CIVIL;5;GLOBAL;08;NAO SE APLICA;-8;03/01/2018;JAN/2018;2018;070025000012018NE000014;PROVENTOS;FOLHA DE PAGAMENTO DE SERVIDORES INATIVOS REFERENTE AO MES DE FEVEREIRO DE 2018 - PA SEI 0000707-84.2018.6.07.8100.  DEDUCOES. PENSAO ALIMENTICIA (OUTROS BANCOS).;070025;TRIBUNAL REGIONAL ELEITORAL DO D. FEDERAL;;;;;;;;0,00;0,00;625,46;;;;;;;;;0,00;625,46
14107;TRIBUNAL REGIONAL ELEITORAL DO DIST. FEDERAL;070025;TRIBUNAL REGIONAL ELEITORAL DO D. FEDERAL;09272008901810053;0181;APOSENTADORIAS E PENSOES CIVIS DA UNIAO;0000;APOSENTADORIAS E PENSOES CIVIS DA UNIAO;084775;FOL SERVID;PESSOAL - FOLHA DE SERVIDORES;0169;CONTRIB.PATRONAL P/PLANO DE SEGURID.SOC.SERV.;2;ORCAMENTO DE SEGURIDADE SOCIAL;3;DESPESAS CORRENTES;1;PESSOAL E ENCARGOS SOCIAIS;01;APOSENT.RPPS, RESER.REMUNER. E REFOR.MILITAR;319001;APOSENT.RPPS, RESER.REMUNER. E REFOR.MILITAR;31900101;PROVENTOS - PESSOAL CIVIL;5;GLOBAL;08;NAO SE APLICA;-8;03/01/2018;JAN/2018;2018;070025000012018NE000014;PROVENTOS;FOLHA DE PAGAMENTO DE SERVIDORES INATIVOS REFERENTE AO MES DE FEVEREIRO DE 2018 - PA SEI 0000707-84.2018.6.07.8100. DADOS BANCARIOS OUTROS BANCOS.;070025;TRIBUNAL REGIONAL ELEITORAL DO D. FEDERAL;;;;;;;;0,00;0,00;5.993,29;;;;;;;;;0,00;5.993,29
14107;TRIBUNAL REGIONAL ELEITORAL DO DIST. FEDERAL;070025;TRIBUNAL REGIONAL ELEITORAL DO D. FEDERAL;09272008901810053;0181;APOSENTADORIAS E PENSOES CIVIS DA UNIAO;0000;APOSENTADORIAS E PENSOES CIVIS DA UNIAO;084775;FOL SERVID;PESSOAL - FOLHA DE SERVIDORES;0169;CONTRIB.PATRONAL P/PLANO DE SEGURID.SOC.SERV.;2;ORCAMENTO DE SEGURIDADE SOCIAL;3;DESPESAS CORRENTES;1;PESSOAL E ENCARGOS SOCIAIS;01;APOSENT.RPPS, RESER.REMUNER. E REFOR.MILITAR;319001;APOSENT.RPPS, RESER.REMUNER. E REFOR.MILITAR;31900101;PROVENTOS - PESSOAL CIVIL;5;GLOBAL;08;NAO SE APLICA;-8;03/01/2018;JAN/2018;2018;070025000012018NE000014;PROVENTOS;FOLHA DE PAGAMENTO DE SERVIDORES INATIVOS REFERENTE AO MES DE FEVEREIRO DE 2018 - PA SEI 0000707-84.2018.6.07.8100. DEDUCOES. BANCO CEF.;070025;TRIBUNAL REGIONAL ELEITORAL DO D. FEDERAL;;;;;;;;0,00;0,00;20.374,24;;;;;;;;;0,00;20.374,24
14107;TRIBUNAL REGIONAL ELEITORAL DO DIST. FEDERAL;070025;TRIBUNAL REGIONAL ELEITORAL DO D. FEDERAL;09272008901810053;0181;APOSENTADORIAS E PENSOES CIVIS DA UNIAO;0000;APOSENTADORIAS E PENSOES CIVIS DA UNIAO;084775;FOL SERVID;PESSOAL - FOLHA DE SERVIDORES;0169;CONTRIB.PATRONAL P/PLANO DE SEGURID.SOC.SERV.;2;ORCAMENTO DE SEGURIDADE SOCIAL;3;DESPESAS CORRENTES;1;PESSOAL E ENCARGOS SOCIAIS;01;APOSENT.RPPS, RESER.REMUNER. E REFOR.MILITAR;319001;APOSENT.RPPS, RESER.REMUNER. E REFOR.MILITAR;31900101;PROVENTOS - PESSOAL CIVIL;5;GLOBAL;08;NAO SE APLICA;-8;03/01/2018;JAN/2018;2018;070025000012018NE000014;PROVENTOS;FOLHA DE PAGAMENTO DE SERVIDORES INATIVOS REFERENTE AO MES DE FEVEREIRO DE 2018 - PA SEI 0000707-84.2018.6.07.8100. DEDUCOES. BANCO CRUZEIRO DO SUL.;070025;TRIBUNAL REGIONAL ELEITORAL DO D. FEDERAL;;;;;;;;0,00;0,00;7.975,89;;;;;;;;;0,00;7.975,89
14107;TRIBUNAL REGIONAL ELEITORAL DO DIST. FEDERAL;070025;TRIBUNAL REGIONAL ELEITORAL DO D. FEDERAL;09272008901810053;0181;APOSENTADORIAS E PENSOES CIVIS DA UNIAO;0000;APOSENTADORIAS E PENSOES CIVIS DA UNIAO;084775;FOL SERVID;PESSOAL - FOLHA DE SERVIDORES;0169;CONTRIB.PATRONAL P/PLANO DE SEGURID.SOC.SERV.;2;ORCAMENTO DE SEGURIDADE SOCIAL;3;DESPESAS CORRENTES;1;PESSOAL E ENCARGOS SOCIAIS;01;APOSENT.RPPS, RESER.REMUNER. E REFOR.MILITAR;319001;APOSENT.RPPS, RESER.REMUNER. E REFOR.MILITAR;31900101;PROVENTOS - PESSOAL CIVIL;5;GLOBAL;08;NAO SE APLICA;-8;03/01/2018;JAN/2018;2018;070025000012018NE000014;PROVENTOS;FOLHA DE PAGAMENTO DE SERVIDORES INATIVOS REFERENTE AO MES DE FEVEREIRO DE 2018 - PA SEI 0000707-84.2018.6.07.8100. DEDUCOES. BANCO SANTANDER.;070025;TRIBUNAL REGIONAL ELEITORAL DO D. FEDERAL;;;;;;;;0,00;0,00;12.132,80;;;;;;;;;0,00;12.132,80
14107;TRIBUNAL REGIONAL ELEITORAL DO DIST. FEDERAL;070025;TRIBUNAL REGIONAL ELEITORAL DO D. FEDERAL;09272008901810053;0181;APOSENTADORIAS E PENSOES CIVIS DA UNIAO;0000;APOSENTADORIAS E PENSOES CIVIS DA UNIAO;084775;FOL SERVID;PESSOAL - FOLHA DE SERVIDORES;0169;CONTRIB.PATRONAL P/PLANO DE SEGURID.SOC.SERV.;2;ORCAMENTO DE SEGURIDADE SOCIAL;3;DESPESAS CORRENTES;1;PESSOAL E ENCARGOS SOCIAIS;01;APOSENT.RPPS, RESER.REMUNER. E REFOR.MILITAR;319001;APOSENT.RPPS, RESER.REMUNER. E REFOR.MILITAR;31900101;PROVENTOS - PESSOAL CIVIL;5;GLOBAL;08;NAO SE APLICA;-8;03/01/2018;JAN/2018;2018;070025000012018NE000014;PROVENTOS;FOLHA DE PAGAMENTO DE SERVIDORES INATIVOS REFERENTE AO MES DE FEVEREIRO DE 2018 - PA SEI 0000707-84.2018.6.07.8100. DEDUCOES. CAPEMISA.;070025;TRIBUNAL REGIONAL ELEITORAL DO D. FEDERAL;;;;;;;;0,00;0,00;3.451,31;;;;;;;;;0,00;3.451,31
14107;TRIBUNAL REGIONAL ELEITORAL DO DIST. FEDERAL;070025;TRIBUNAL REGIONAL ELEITORAL DO D. FEDERAL;09272008901810053;0181;APOSENTADORIAS E PENSOES CIVIS DA UNIAO;0000;APOSENTADORIAS E PENSOES CIVIS DA UNIAO;084775;FOL SERVID;PESSOAL - FOLHA DE SERVIDORES;0169;CONTRIB.PATRONAL P/PLANO DE SEGURID.SOC.SERV.;2;ORCAMENTO DE SEGURIDADE SOCIAL;3;DESPESAS CORRENTES;1;PESSOAL E ENCARGOS SOCIAIS;01;APOSENT.RPPS, RESER.REMUNER. E REFOR.MILITAR;319001;APOSENT.RPPS, RESER.REMUNER. E REFOR.MILITAR;31900101;PROVENTOS - PESSOAL CIVIL;5;GLOBAL;08;NAO SE APLICA;-8;03/01/2018;JAN/2018;2018;070025000012018NE000014;PROVENTOS;FOLHA DE PAGAMENTO DE SERVIDORES INATIVOS REFERENTE AO MES DE FEVEREIRO DE 2018 - PA SEI 0000707-84.2018.6.07.8100. DEDUCOES. DEVOLUCAO DE CONSIGNACOES (TAXAS MINISTERIO DO PLANEJAMENTO).;070025;TRIBUNAL REGIONAL ELEITORAL DO D. FEDERAL;;;;;;;;0,00;0,00;225,50;;;;;;;;;0,00;225,50
14107;TRIBUNAL REGIONAL ELEITORAL DO DIST. FEDERAL;070025;TRIBUNAL REGIONAL ELEITORAL DO D. FEDERAL;09272008901810053;0181;APOSENTADORIAS E PENSOES CIVIS DA UNIAO;0000;APOSENTADORIAS E PENSOES CIVIS DA UNIAO;084775;FOL SERVID;PESSOAL - FOLHA DE SERVIDORES;0169;CONTRIB.PATRONAL P/PLANO DE SEGURID.SOC.SERV.;2;ORCAMENTO DE SEGURIDADE SOCIAL;3;DESPESAS CORRENTES;1;PESSOAL E ENCARGOS SOCIAIS;01;APOSENT.RPPS, RESER.REMUNER. E REFOR.MILITAR;319001;APOSENT.RPPS, RESER.REMUNER. E REFOR.MILITAR;31900101;PROVENTOS - PESSOAL CIVIL;5;GLOBAL;08;NAO SE APLICA;-8;03/01/2018;JAN/2018;2018;070025000012018NE000014;PROVENTOS;FOLHA DE PAGAMENTO DE SERVIDORES INATIVOS REFERENTE AO MES DE FEVEREIRO DE 2018 - PA SEI 0000707-84.2018.6.07.8100. DEDUCOES. PENSAO ALIMENTICIA (CEF).;070025;TRIBUNAL REGIONAL ELEITORAL DO D. FEDERAL;;;;;;;;0,00;0,00;2.663,45;;;;;;;;;0,00;2.663,45
14107;TRIBUNAL REGIONAL ELEITORAL DO DIST. FEDERAL;070025;TRIBUNAL REGIONAL ELEITORAL DO D. FEDERAL;09272008901810053;0181;APOSENTADORIAS E PENSOES CIVIS DA UNIAO;0000;APOSENTADORIAS E PENSOES CIVIS DA UNIAO;084775;FOL SERVID;PESSOAL - FOLHA DE SERVIDORES;0169;CONTRIB.PATRONAL P/PLANO DE SEGURID.SOC.SERV.;2;ORCAMENTO DE SEGURIDADE SOCIAL;3;DESPESAS CORRENTES;1;PESSOAL E ENCARGOS SOCIAIS;01;APOSENT.RPPS, RESER.REMUNER. E REFOR.MILITAR;319001;APOSENT.RPPS, RESER.REMUNER. E REFOR.MILITAR;31900101;PROVENTOS - PESSOAL CIVIL;5;GLOBAL;08;NAO SE APLICA;-8;03/01/2018;JAN/2018;2018;070025000012018NE000014;PROVENTOS;FOLHA DE PAGAMENTO DE SERVIDORES INATIVOS REFERENTE AO MES DE FEVEREIRO DE 2018 - PA SEI 0000707-84.2018.6.07.8100. DEDUCOES. PSSS SERVIDOR.;070025;TRIBUNAL REGIONAL ELEITORAL DO D. FEDERAL;;;;;;;;0,00;0,00;80.110,86;;;;;;;;;0,00;80.110,86
14107;TRIBUNAL REGIONAL ELEITORAL DO DIST. FEDERAL;070025;TRIBUNAL REGIONAL ELEITORAL DO D. FEDERAL;09272008901810053;0181;APOSENTADORIAS E PENSOES CIVIS DA UNIAO;0000;APOSENTADORIAS E PENSOES CIVIS DA UNIAO;084775;FOL SERVID;PESSOAL - FOLHA DE SERVIDORES;0169;CONTRIB.PATRONAL P/PLANO DE SEGURID.SOC.SERV.;2;ORCAMENTO DE SEGURIDADE SOCIAL;3;DESPESAS CORRENTES;1;PESSOAL E ENCARGOS SOCIAIS;01;APOSENT.RPPS, RESER.REMUNER. E REFOR.MILITAR;319001;APOSENT.RPPS, RESER.REMUNER. E REFOR.MILITAR;31900101;PROVENTOS - PESSOAL CIVIL;5;GLOBAL;08;NAO SE APLICA;-8;03/01/2018;JAN/2018;2018;070025000012018NE000014;PROVENTOS;FOLHA DE PAGAMENTO DE SERVIDORES INATIVOS REFERENTE AO MES DE FEVEREIRO DE 2018 - PA SEI 0000707-84.2018.6.07.8100. DEDUCOES. SINDJUS.;070025;TRIBUNAL REGIONAL ELEITORAL DO D. FEDERAL;;;;;;;;0,00;0,00;3.906,00;;;;;;;;;0,00;3.906,00
14107;TRIBUNAL REGIONAL ELEITORAL DO DIST. FEDERAL;070025;TRIBUNAL REGIONAL ELEITORAL DO D. FEDERAL;09272008901810053;0181;APOSENTADORIAS E PENSOES CIVIS DA UNIAO;0000;APOSENTADORIAS E PENSOES CIVIS DA UNIAO;084775;FOL SERVID;PESSOAL - FOLHA DE SERVIDORES;0169;CONTRIB.PATRONAL P/PLANO DE SEGURID.SOC.SERV.;2;ORCAMENTO DE SEGURIDADE SOCIAL;3;DESPESAS CORRENTES;1;PESSOAL E ENCARGOS SOCIAIS;01;APOSENT.RPPS, RESER.REMUNER. E REFOR.MILITAR;319001;APOSENT.RPPS, RESER.REMUNER. E REFOR.MILITAR;31900101;PROVENTOS - PESSOAL CIVIL;5;GLOBAL;08;NAO SE APLICA;-8;03/01/2018;JAN/2018;2018;070025000012018NE000014;PROVENTOS;FOLHA DE PAGAMENTO DE SERVIDORES INATIVOS REFERENTE AO MES DE FEVEREIRO DE 2018 - PA SEI 0000707-84.2018.6.07.8100. DEDUCOES. TRE - SAUDE CONTRIBUICAO MENSAL.;070025;TRIBUNAL REGIONAL ELEITORAL DO D. FEDERAL;;;;;;;;0,00;0,00;49.658,43;;;;;;;;;0,00;49.658,43
14107;TRIBUNAL REGIONAL ELEITORAL DO DIST. FEDERAL;070025;TRIBUNAL REGIONAL ELEITORAL DO D. FEDERAL;09272008901810053;0181;APOSENTADORIAS E PENSOES CIVIS DA UNIAO;0000;APOSENTADORIAS E PENSOES CIVIS DA UNIAO;084775;FOL SERVID;PESSOAL - FOLHA DE SERVIDORES;0169;CONTRIB.PATRONAL P/PLANO DE SEGURID.SOC.SERV.;2;ORCAMENTO DE SEGURIDADE SOCIAL;3;DESPESAS CORRENTES;1;PESSOAL E ENCARGOS SOCIAIS;01;APOSENT.RPPS, RESER.REMUNER. E REFOR.MILITAR;319001;APOSENT.RPPS, RESER.REMUNER. E REFOR.MILITAR;31900101;PROVENTOS - PESSOAL CIVIL;5;GLOBAL;08;NAO SE APLICA;-8;03/01/2018;JAN/2018;2018;070025000012018NE000014;PROVENTOS;FOLHA DE PAGAMENTO DE SERVIDORES INATIVOS REFERENTE AO MES DE FEVEREIRO DE 2018 - PA SEI 0000707-84.2018.6.07.8100.DEVOLUCOES;070025;TRIBUNAL REGIONAL ELEITORAL DO D. FEDERAL;;;;;;;;0,00;(3.156,28);0,00;;;;;;;;;(3.156,28);0,00
14107;TRIBUNAL REGIONAL ELEITORAL DO DIST. FEDERAL;070025;TRIBUNAL REGIONAL ELEITORAL DO D. FEDERAL;09272008901810053;0181;APOSENTADORIAS E PENSOES CIVIS DA UNIAO;0000;APOSENTADORIAS E PENSOES CIVIS DA UNIAO;084775;FOL SERVID;PESSOAL - FOLHA DE SERVIDORES;0169;CONTRIB.PATRONAL P/PLANO DE SEGURID.SOC.SERV.;2;ORCAMENTO DE SEGURIDADE SOCIAL;3;DESPESAS CORRENTES;1;PESSOAL E ENCARGOS SOCIAIS;01;APOSENT.RPPS, RESER.REMUNER. E REFOR.MILITAR;319001;APOSENT.RPPS, RESER.REMUNER. E REFOR.MILITAR;31900101;PROVENTOS - PESSOAL CIVIL;5;GLOBAL;08;NAO SE APLICA;-8;03/01/2018;JAN/2018;2018;070025000012018NE000014;PROVENTOS;FOLHA DE PAGAMENTO DE SERVIDORES INATIVOS REFERENTE AO MES DE JANEIRO DE 2018 - PA SEI 0000050-45.2018.6.07.8100. DADOS BANCARIOS BANCOS DIFERENTES DO ITAU, BB E  CEF;070025;TRIBUNAL REGIONAL ELEITORAL DO D. FEDERAL;;;;;;;;0,00;0,00;10.842,06;;;;;;;;;0,00;10.842,06
14107;TRIBUNAL REGIONAL ELEITORAL DO DIST. FEDERAL;070025;TRIBUNAL REGIONAL ELEITORAL DO D. FEDERAL;09272008901810053;0181;APOSENTADORIAS E PENSOES CIVIS DA UNIAO;0000;APOSENTADORIAS E PENSOES CIVIS DA UNIAO;084775;FOL SERVID;PESSOAL - FOLHA DE SERVIDORES;0169;CONTRIB.PATRONAL P/PLANO DE SEGURID.SOC.SERV.;2;ORCAMENTO DE SEGURIDADE SOCIAL;3;DESPESAS CORRENTES;1;PESSOAL E ENCARGOS SOCIAIS;01;APOSENT.RPPS, RESER.REMUNER. E REFOR.MILITAR;319001;APOSENT.RPPS, RESER.REMUNER. E REFOR.MILITAR;31900101;PROVENTOS - PESSOAL CIVIL;5;GLOBAL;08;NAO SE APLICA;-8;03/01/2018;JAN/2018;2018;070025000012018NE000014;PROVENTOS;FOLHA DE PAGAMENTO DE SERVIDORES INATIVOS REFERENTE AO MES DE MAIO DE 2018 - PA SEI 0002530-93.2018.6.07.8100.;070025;TRIBUNAL REGIONAL ELEITORAL DO D. FEDERAL;;;;;;;;0,00;391.103,60;;;;;;;;;;391.103,60;
14107;TRIBUNAL REGIONAL ELEITORAL DO DIST. FEDERAL;070025;TRIBUNAL REGIONAL ELEITORAL DO D. FEDERAL;09272008901810053;0181;APOSENTADORIAS E PENSOES CIVIS DA UNIAO;0000;APOSENTADORIAS E PENSOES CIVIS DA UNIAO;084775;FOL SERVID;PESSOAL - FOLHA DE SERVIDORES;0169;CONTRIB.PATRONAL P/PLANO DE SEGURID.SOC.SERV.;2;ORCAMENTO DE SEGURIDADE SOCIAL;3;DESPESAS CORRENTES;1;PESSOAL E ENCARGOS SOCIAIS;01;APOSENT.RPPS, RESER.REMUNER. E REFOR.MILITAR;319001;APOSENT.RPPS, RESER.REMUNER. E REFOR.MILITAR;31900101;PROVENTOS - PESSOAL CIVIL;5;GLOBAL;08;NAO SE APLICA;-8;03/01/2018;JAN/2018;2018;070025000012018NE000014;PROVENTOS;FOLHA DE PAGAMENTO DE SERVIDORES INATIVOS REFERENTE AO MES DE MAIO DE 2018 - PA SEI 0002530-93.2018.6.07.8100. DEVOLUCOES.;070025;TRIBUNAL REGIONAL ELEITORAL DO D. FEDERAL;;;;;;;;0,00;(3.156,28);0,00;;;;;;;;;(3.156,28);0,00
14107;TRIBUNAL REGIONAL ELEITORAL DO DIST. FEDERAL;070025;TRIBUNAL REGIONAL ELEITORAL DO D. FEDERAL;09272008901810053;0181;APOSENTADORIAS E PENSOES CIVIS DA UNIAO;0000;APOSENTADORIAS E PENSOES CIVIS DA UNIAO;084775;FOL SERVID;PESSOAL - FOLHA DE SERVIDORES;0169;CONTRIB.PATRONAL P/PLANO DE SEGURID.SOC.SERV.;2;ORCAMENTO DE SEGURIDADE SOCIAL;3;DESPESAS CORRENTES;1;PESSOAL E ENCARGOS SOCIAIS;01;APOSENT.RPPS, RESER.REMUNER. E REFOR.MILITAR;319001;APOSENT.RPPS, RESER.REMUNER. E REFOR.MILITAR;31900101;PROVENTOS - PESSOAL CIVIL;5;GLOBAL;08;NAO SE APLICA;-8;03/01/2018;JAN/2018;2018;070025000012018NE000014;PROVENTOS;FOLHA DE PAGAMENTO DE SERVIDORES INATIVOS REFERENTE AO MES DE MARCO DE 2018 - PA SEI 0001307-08.2018.6.07. PENSAO ALIMENTICIA CEF.;070025;TRIBUNAL REGIONAL ELEITORAL DO D. FEDERAL;;;;;;;;0,00;0,00;2.663,45;;;;;;;;;0,00;2.663,45
14107;TRIBUNAL REGIONAL ELEITORAL DO DIST. FEDERAL;070025;TRIBUNAL REGIONAL ELEITORAL DO D. FEDERAL;09272008901810053;0181;APOSENTADORIAS E PENSOES CIVIS DA UNIAO;0000;APOSENTADORIAS E PENSOES CIVIS DA UNIAO;084775;FOL SERVID;PESSOAL - FOLHA DE SERVIDORES;0169;CONTRIB.PATRONAL P/PLANO DE SEGURID.SOC.SERV.;2;ORCAMENTO DE SEGURIDADE SOCIAL;3;DESPESAS CORRENTES;1;PESSOAL E ENCARGOS SOCIAIS;01;APOSENT.RPPS, RESER.REMUNER. E REFOR.MILITAR;319001;APOSENT.RPPS, RESER.REMUNER. E REFOR.MILITAR;31900101;PROVENTOS - PESSOAL CIVIL;5;GLOBAL;08;NAO SE APLICA;-8;03/01/2018;JAN/2018;2018;070025000012018NE000014;PROVENTOS;FOLHA DE PAGAMENTO DE SERVIDORES INATIVOS REFERENTE AO MES DE MARCO DE 2018 - PA SEI 0001307-08.2018.6.07.8100 ŽDEVOLUCAO PROVENTOS.;070025;TRIBUNAL REGIONAL ELEITORAL DO D. FEDERAL;;;;;;;;0,00;(3.156,28);0,00;;;;;;;;;(3.156,28);0,00
14107;TRIBUNAL REGIONAL ELEITORAL DO DIST. FEDERAL;070025;TRIBUNAL REGIONAL ELEITORAL DO D. FEDERAL;09272008901810053;0181;APOSENTADORIAS E PENSOES CIVIS DA UNIAO;0000;APOSENTADORIAS E PENSOES CIVIS DA UNIAO;084775;FOL SERVID;PESSOAL - FOLHA DE SERVIDORES;0169;CONTRIB.PATRONAL P/PLANO DE SEGURID.SOC.SERV.;2;ORCAMENTO DE SEGURIDADE SOCIAL;3;DESPESAS CORRENTES;1;PESSOAL E ENCARGOS SOCIAIS;01;APOSENT.RPPS, RESER.REMUNER. E REFOR.MILITAR;319001;APOSENT.RPPS, RESER.REMUNER. E REFOR.MILITAR;31900101;PROVENTOS - PESSOAL CIVIL;5;GLOBAL;08;NAO SE APLICA;-8;03/01/2018;JAN/2018;2018;070025000012018NE000014;PROVENTOS;FOLHA DE PAGAMENTO DE SERVIDORES INATIVOS REFERENTE AO MES DE MARCO DE 2018 - PA SEI 0001307-08.2018.6.07.8100.;070025;TRIBUNAL REGIONAL ELEITORAL DO D. FEDERAL;;;;;;;;0,00;391.103,60;;;;;;;;;;391.103,60;
14107;TRIBUNAL REGIONAL ELEITORAL DO DIST. FEDERAL;070025;TRIBUNAL REGIONAL ELEITORAL DO D. FEDERAL;09272008901810053;0181;APOSENTADORIAS E PENSOES CIVIS DA UNIAO;0000;APOSENTADORIAS E PENSOES CIVIS DA UNIAO;084775;FOL SERVID;PESSOAL - FOLHA DE SERVIDORES;0169;CONTRIB.PATRONAL P/PLANO DE SEGURID.SOC.SERV.;2;ORCAMENTO DE SEGURIDADE SOCIAL;3;DESPESAS CORRENTES;1;PESSOAL E ENCARGOS SOCIAIS;01;APOSENT.RPPS, RESER.REMUNER. E REFOR.MILITAR;319001;APOSENT.RPPS, RESER.REMUNER. E REFOR.MILITAR;31900101;PROVENTOS - PESSOAL CIVIL;5;GLOBAL;08;NAO SE APLICA;-8;03/01/2018;JAN/2018;2018;070025000012018NE000014;PROVENTOS;FOLHA DE PAGAMENTO DE SERVIDORES INATIVOS REFERENTE AO MES DE MARCO DE 2018 - PA SEI 0001307-08.2018.6.07.8100.  CONSIGNACAO - CAPEMISA.;070025;TRIBUNAL REGIONAL ELEITORAL DO D. FEDERAL;;;;;;;;0,00;0,00;3.451,31;;;;;;;;;0,00;3.451,31
14107;TRIBUNAL REGIONAL ELEITORAL DO DIST. FEDERAL;070025;TRIBUNAL REGIONAL ELEITORAL DO D. FEDERAL;09272008901810053;0181;APOSENTADORIAS E PENSOES CIVIS DA UNIAO;0000;APOSENTADORIAS E PENSOES CIVIS DA UNIAO;084775;FOL SERVID;PESSOAL - FOLHA DE SERVIDORES;0169;CONTRIB.PATRONAL P/PLANO DE SEGURID.SOC.SERV.;2;ORCAMENTO DE SEGURIDADE SOCIAL;3;DESPESAS CORRENTES;1;PESSOAL E ENCARGOS SOCIAIS;01;APOSENT.RPPS, RESER.REMUNER. E REFOR.MILITAR;319001;APOSENT.RPPS, RESER.REMUNER. E REFOR.MILITAR;31900101;PROVENTOS - PESSOAL CIVIL;5;GLOBAL;08;NAO SE APLICA;-8;03/01/2018;JAN/2018;2018;070025000012018NE000014;PROVENTOS;FOLHA DE PAGAMENTO DE SERVIDORES INATIVOS REFERENTE AO MES DE MARCO DE 2018 - PA SEI 0001307-08.2018.6.07.8100.  CONSIGNACAO DA ASTRE.;070025;TRIBUNAL REGIONAL ELEITORAL DO D. FEDERAL;;;;;;;;0,00;0,00;1.192,46;;;;;;;;;0,00;1.192,46
14107;TRIBUNAL REGIONAL ELEITORAL DO DIST. FEDERAL;070025;TRIBUNAL REGIONAL ELEITORAL DO D. FEDERAL;09272008901810053;0181;APOSENTADORIAS E PENSOES CIVIS DA UNIAO;0000;APOSENTADORIAS E PENSOES CIVIS DA UNIAO;084775;FOL SERVID;PESSOAL - FOLHA DE SERVIDORES;0169;CONTRIB.PATRONAL P/PLANO DE SEGURID.SOC.SERV.;2;ORCAMENTO DE SEGURIDADE SOCIAL;3;DESPESAS CORRENTES;1;PESSOAL E ENCARGOS SOCIAIS;01;APOSENT.RPPS, RESER.REMUNER. E REFOR.MILITAR;319001;APOSENT.RPPS, RESER.REMUNER. E REFOR.MILITAR;31900101;PROVENTOS - PESSOAL CIVIL;5;GLOBAL;08;NAO SE APLICA;-8;03/01/2018;JAN/2018;2018;070025000012018NE000014;PROVENTOS;FOLHA DE PAGAMENTO DE SERVIDORES INATIVOS REFERENTE AO MES DE MARCO DE 2018 - PA SEI 0001307-08.2018.6.07.8100.  CONSIGNACAO DA FINANCEIRA ALFA.;070025;TRIBUNAL REGIONAL ELEITORAL DO D. FEDERAL;;;;;;;;0,00;0,00;2.996,40;;;;;;;;;0,00;2.996,40
14107;TRIBUNAL REGIONAL ELEITORAL DO DIST. FEDERAL;070025;TRIBUNAL REGIONAL ELEITORAL DO D. FEDERAL;09272008901810053;0181;APOSENTADORIAS E PENSOES CIVIS DA UNIAO;0000;APOSENTADORIAS E PENSOES CIVIS DA UNIAO;084775;FOL SERVID;PESSOAL - FOLHA DE SERVIDORES;0169;CONTRIB.PATRONAL P/PLANO DE SEGURID.SOC.SERV.;2;ORCAMENTO DE SEGURIDADE SOCIAL;3;DESPESAS CORRENTES;1;PESSOAL E ENCARGOS SOCIAIS;01;APOSENT.RPPS, RESER.REMUNER. E REFOR.MILITAR;319001;APOSENT.RPPS, RESER.REMUNER. E REFOR.MILITAR;31900101;PROVENTOS - PESSOAL CIVIL;5;GLOBAL;08;NAO SE APLICA;-8;03/01/2018;JAN/2018;2018;070025000012018NE000014;PROVENTOS;FOLHA DE PAGAMENTO DE SERVIDORES INATIVOS REFERENTE AO MES DE MARCO DE 2018 - PA SEI 0001307-08.2018.6.07.8100.  CONSIGNACAO DO BANCO CRUZEIRO DO SUL.;070025;TRIBUNAL REGIONAL ELEITORAL DO D. FEDERAL;;;;;;;;0,00;0,00;7.975,89;;;;;;;;;0,00;7.975,89
14107;TRIBUNAL REGIONAL ELEITORAL DO DIST. FEDERAL;070025;TRIBUNAL REGIONAL ELEITORAL DO D. FEDERAL;09272008901810053;0181;APOSENTADORIAS E PENSOES CIVIS DA UNIAO;0000;APOSENTADORIAS E PENSOES CIVIS DA UNIAO;084775;FOL SERVID;PESSOAL - FOLHA DE SERVIDORES;0169;CONTRIB.PATRONAL P/PLANO DE SEGURID.SOC.SERV.;2;ORCAMENTO DE SEGURIDADE SOCIAL;3;DESPESAS CORRENTES;1;PESSOAL E ENCARGOS SOCIAIS;01;APOSENT.RPPS, RESER.REMUNER. E REFOR.MILITAR;319001;APOSENT.RPPS, RESER.REMUNER. E REFOR.MILITAR;31900101;PROVENTOS - PESSOAL CIVIL;5;GLOBAL;08;NAO SE APLICA;-8;03/01/2018;JAN/2018;2018;070025000012018NE000014;PROVENTOS;FOLHA DE PAGAMENTO DE SERVIDORES INATIVOS REFERENTE AO MES DE MARCO DE 2018 - PA SEI 0001307-08.2018.6.07.8100.  CONSIGNACAO DO BANCO DO BRASIL.;070025;TRIBUNAL REGIONAL ELEITORAL DO D. FEDERAL;;;;;;;;0,00;0,00;31.177,15;;;;;;;;;0,00;31.177,15
14107;TRIBUNAL REGIONAL ELEITORAL DO DIST. FEDERAL;070025;TRIBUNAL REGIONAL ELEITORAL DO D. FEDERAL;09272008901810053;0181;APOSENTADORIAS E PENSOES CIVIS DA UNIAO;0000;APOSENTADORIAS E PENSOES CIVIS DA UNIAO;084775;FOL SERVID;PESSOAL - FOLHA DE SERVIDORES;0169;CONTRIB.PATRONAL P/PLANO DE SEGURID.SOC.SERV.;2;ORCAMENTO DE SEGURIDADE SOCIAL;3;DESPESAS CORRENTES;1;PESSOAL E ENCARGOS SOCIAIS;01;APOSENT.RPPS, RESER.REMUNER. E REFOR.MILITAR;319001;APOSENT.RPPS, RESER.REMUNER. E REFOR.MILITAR;31900101;PROVENTOS - PESSOAL CIVIL;5;GLOBAL;08;NAO SE APLICA;-8;03/01/2018;JAN/2018;2018;070025000012018NE000014;PROVENTOS;FOLHA DE PAGAMENTO DE SERVIDORES INATIVOS REFERENTE AO MES DE MARCO DE 2018 - PA SEI 0001307-08.2018.6.07.8100.  CONSIGNACAO DO SANTANDER.;070025;TRIBUNAL REGIONAL ELEITORAL DO D. FEDERAL;;;;;;;;0,00;0,00;12.132,80;;;;;;;;;0,00;12.132,80
14107;TRIBUNAL REGIONAL ELEITORAL DO DIST. FEDERAL;070025;TRIBUNAL REGIONAL ELEITORAL DO D. FEDERAL;09272008901810053;0181;APOSENTADORIAS E PENSOES CIVIS DA UNIAO;0000;APOSENTADORIAS E PENSOES CIVIS DA UNIAO;084775;FOL SERVID;PESSOAL - FOLHA DE SERVIDORES;0169;CONTRIB.PATRONAL P/PLANO DE SEGURID.SOC.SERV.;2;ORCAMENTO DE SEGURIDADE SOCIAL;3;DESPESAS CORRENTES;1;PESSOAL E ENCARGOS SOCIAIS;01;APOSENT.RPPS, RESER.REMUNER. E REFOR.MILITAR;319001;APOSENT.RPPS, RESER.REMUNER. E REFOR.MILITAR;31900101;PROVENTOS - PESSOAL CIVIL;5;GLOBAL;08;NAO SE APLICA;-8;03/01/2018;JAN/2018;2018;070025000012018NE000014;PROVENTOS;FOLHA DE PAGAMENTO DE SERVIDORES INATIVOS REFERENTE AO MES DE MARCO DE 2018 - PA SEI 0001307-08.2018.6.07.8100.  CONSIGNACAO DO TRE-SAUDE.;070025;TRIBUNAL REGIONAL ELEITORAL DO D. FEDERAL;;;;;;;;0,00;0,00;46.964,07;;;;;;;;;0,00;46.964,07
14107;TRIBUNAL REGIONAL ELEITORAL DO DIST. FEDERAL;070025;TRIBUNAL REGIONAL ELEITORAL DO D. FEDERAL;09272008901810053;0181;APOSENTADORIAS E PENSOES CIVIS DA UNIAO;0000;APOSENTADORIAS E PENSOES CIVIS DA UNIAO;084775;FOL SERVID;PESSOAL - FOLHA DE SERVIDORES;0169;CONTRIB.PATRONAL P/PLANO DE SEGURID.SOC.SERV.;2;ORCAMENTO DE SEGURIDADE SOCIAL;3;DESPESAS CORRENTES;1;PESSOAL E ENCARGOS SOCIAIS;01;APOSENT.RPPS, RESER.REMUNER. E REFOR.MILITAR;319001;APOSENT.RPPS, RESER.REMUNER. E REFOR.MILITAR;31900101;PROVENTOS - PESSOAL CIVIL;5;GLOBAL;08;NAO SE APLICA;-8;03/01/2018;JAN/2018;2018;070025000012018NE000014;PROVENTOS;FOLHA DE PAGAMENTO DE SERVIDORES INATIVOS REFERENTE AO MES DE MARCO DE 2018 - PA SEI 0001307-08.2018.6.07.8100.  CONSIGNACAO SINDJUS.;070025;TRIBUNAL REGIONAL ELEITORAL DO D. FEDERAL;;;;;;;;0,00;0,00;3.916,00;;;;;;;;;0,00;3.916,00
14107;TRIBUNAL REGIONAL ELEITORAL DO DIST. FEDERAL;070025;TRIBUNAL REGIONAL ELEITORAL DO D. FEDERAL;09272008901810053;0181;APOSENTADORIAS E PENSOES CIVIS DA UNIAO;0000;APOSENTADORIAS E PENSOES CIVIS DA UNIAO;084775;FOL SERVID;PESSOAL - FOLHA DE SERVIDORES;0169;CONTRIB.PATRONAL P/PLANO DE SEGURID.SOC.SERV.;2;ORCAMENTO DE SEGURIDADE SOCIAL;3;DESPESAS CORRENTES;1;PESSOAL E ENCARGOS SOCIAIS;01;APOSENT.RPPS, RESER.REMUNER. E REFOR.MILITAR;319001;APOSENT.RPPS, RESER.REMUNER. E REFOR.MILITAR;31900101;PROVENTOS - PESSOAL CIVIL;5;GLOBAL;08;NAO SE APLICA;-8;03/01/2018;JAN/2018;2018;070025000012018NE000014;PROVENTOS;FOLHA DE PAGAMENTO DE SERVIDORES INATIVOS REFERENTE AO MES DE MARCO DE 2018 - PA SEI 0001307-08.2018.6.07.8100.  OUTROS BANCOS.;070025;TRIBUNAL REGIONAL ELEITORAL DO D. FEDERAL;;;;;;;;0,00;0,00;7.692,37;;;;;;;;;0,00;7.692,37
14107;TRIBUNAL REGIONAL ELEITORAL DO DIST. FEDERAL;070025;TRIBUNAL REGIONAL ELEITORAL DO D. FEDERAL;09272008901810053;0181;APOSENTADORIAS E PENSOES CIVIS DA UNIAO;0000;APOSENTADORIAS E PENSOES CIVIS DA UNIAO;084775;FOL SERVID;PESSOAL - FOLHA DE SERVIDORES;0169;CONTRIB.PATRONAL P/PLANO DE SEGURID.SOC.SERV.;2;ORCAMENTO DE SEGURIDADE SOCIAL;3;DESPESAS CORRENTES;1;PESSOAL E ENCARGOS SOCIAIS;01;APOSENT.RPPS, RESER.REMUNER. E REFOR.MILITAR;319001;APOSENT.RPPS, RESER.REMUNER. E REFOR.MILITAR;31900101;PROVENTOS - PESSOAL CIVIL;5;GLOBAL;08;NAO SE APLICA;-8;03/01/2018;JAN/2018;2018;070025000012018NE000014;PROVENTOS;FOLHA DE PAGAMENTO DE SERVIDORES INATIVOS REFERENTE AO MES DE MARCO DE 2018 - PA SEI 0001307-08.2018.6.07.8100.  PENSAO ALIMENTICIA OUTROS BANCOS.;070025;TRIBUNAL REGIONAL ELEITORAL DO D. FEDERAL;;;;;;;;0,00;0,00;625,46;;;;;;;;;0,00;625,46
14107;TRIBUNAL REGIONAL ELEITORAL DO DIST. FEDERAL;070025;TRIBUNAL REGIONAL ELEITORAL DO D. FEDERAL;09272008901810053;0181;APOSENTADORIAS E PENSOES CIVIS DA UNIAO;0000;APOSENTADORIAS E PENSOES CIVIS DA UNIAO;084775;FOL SERVID;PESSOAL - FOLHA DE SERVIDORES;0169;CONTRIB.PATRONAL P/PLANO DE SEGURID.SOC.SERV.;2;ORCAMENTO DE SEGURIDADE SOCIAL;3;DESPESAS CORRENTES;1;PESSOAL E ENCARGOS SOCIAIS;01;APOSENT.RPPS, RESER.REMUNER. E REFOR.MILITAR;319001;APOSENT.RPPS, RESER.REMUNER. E REFOR.MILITAR;31900101;PROVENTOS - PESSOAL CIVIL;5;GLOBAL;08;NAO SE APLICA;-8;03/01/2018;JAN/2018;2018;070025000012018NE000014;PROVENTOS;FOLHA DE PAGAMENTO DE SERVIDORES INATIVOS REFERENTE AO MES DE MARCO DE 2018 - PA SEI 0001307-08.2018.6.07.8100. CONSIGNACAO DA CEF.;070025;TRIBUNAL REGIONAL ELEITORAL DO D. FEDERAL;;;;;;;;0,00;0,00;20.374,24;;;;;;;;;0,00;20.374,24
14107;TRIBUNAL REGIONAL ELEITORAL DO DIST. FEDERAL;070025;TRIBUNAL REGIONAL ELEITORAL DO D. FEDERAL;09272008901810053;0181;APOSENTADORIAS E PENSOES CIVIS DA UNIAO;0000;APOSENTADORIAS E PENSOES CIVIS DA UNIAO;084775;FOL SERVID;PESSOAL - FOLHA DE SERVIDORES;0169;CONTRIB.PATRONAL P/PLANO DE SEGURID.SOC.SERV.;2;ORCAMENTO DE SEGURIDADE SOCIAL;3;DESPESAS CORRENTES;1;PESSOAL E ENCARGOS SOCIAIS;01;APOSENT.RPPS, RESER.REMUNER. E REFOR.MILITAR;319001;APOSENT.RPPS, RESER.REMUNER. E REFOR.MILITAR;31900101;PROVENTOS - PESSOAL CIVIL;5;GLOBAL;08;NAO SE APLICA;-8;03/01/2018;JAN/2018;2018;070025000012018NE000014;PROVENTOS;FOLHA DE PAGAMENTO DE SERVIDORES INATIVOS REFERENTE AO MES DE MARCO DE 2018 - PA SEI 0001307-08.2018.6.07.8100. ŽIMPOSTO DE RENDA RETIDO NA FONTE.;070025;TRIBUNAL REGIONAL ELEITORAL DO D. FEDERAL;;;;;;;;0,00;0,00;165.762,96;;;;;;;;;0,00;165.762,96
14107;TRIBUNAL REGIONAL ELEITORAL DO DIST. FEDERAL;070025;TRIBUNAL REGIONAL ELEITORAL DO D. FEDERAL;09272008901810053;0181;APOSENTADORIAS E PENSOES CIVIS DA UNIAO;0000;APOSENTADORIAS E PENSOES CIVIS DA UNIAO;084775;FOL SERVID;PESSOAL - FOLHA DE SERVIDORES;0169;CONTRIB.PATRONAL P/PLANO DE SEGURID.SOC.SERV.;2;ORCAMENTO DE SEGURIDADE SOCIAL;3;DESPESAS CORRENTES;1;PESSOAL E ENCARGOS SOCIAIS;01;APOSENT.RPPS, RESER.REMUNER. E REFOR.MILITAR;319001;APOSENT.RPPS, RESER.REMUNER. E REFOR.MILITAR;31900101;PROVENTOS - PESSOAL CIVIL;5;GLOBAL;08;NAO SE APLICA;-8;03/01/2018;JAN/2018;2018;070025000012018NE000014;PROVENTOS;FOLHA DE PAGAMENTO DE SERVIDORES INATIVOS REFERENTE AO MES DE MARCO DE 2018 - PA SEI 0001307-08.2018.6.07.8100. ŽRECOLHIMENTO DO PSSS SERVIDOR.;070025;TRIBUNAL REGIONAL ELEITORAL DO D. FEDERAL;;;;;;;;0,00;0,00;80.803,51;;;;;;;;;0,00;80.803,51
14107;TRIBUNAL REGIONAL ELEITORAL DO DIST. FEDERAL;070025;TRIBUNAL REGIONAL ELEITORAL DO D. FEDERAL;09272008901810053;0181;APOSENTADORIAS E PENSOES CIVIS DA UNIAO;0000;APOSENTADORIAS E PENSOES CIVIS DA UNIAO;084775;FOL SERVID;PESSOAL - FOLHA DE SERVIDORES;0169;CONTRIB.PATRONAL P/PLANO DE SEGURID.SOC.SERV.;2;ORCAMENTO DE SEGURIDADE SOCIAL;3;DESPESAS CORRENTES;1;PESSOAL E ENCARGOS SOCIAIS;01;APOSENT.RPPS, RESER.REMUNER. E REFOR.MILITAR;319001;APOSENT.RPPS, RESER.REMUNER. E REFOR.MILITAR;31900101;PROVENTOS - PESSOAL CIVIL;5;GLOBAL;08;NAO SE APLICA;-8;03/01/2018;JAN/2018;2018;070025000012018NE000014;PROVENTOS;FOLHA DE PAGAMENTO DE SERVIDORES INATIVOS REFERENTE AO MES DE MARCO DE 2018 - PA SEI 0001307-08.2018.6.07.8100. ŽRECOLHIMENTO TAXAS SOBRE CONSIGNACOES.;070025;TRIBUNAL REGIONAL ELEITORAL DO D. FEDERAL;;;;;;;;0,00;0,00;219,25;;;;;;;;;0,00;219,25
14107;TRIBUNAL REGIONAL ELEITORAL DO DIST. FEDERAL;070025;TRIBUNAL REGIONAL ELEITORAL DO D. FEDERAL;09272008901810053;0181;APOSENTADORIAS E PENSOES CIVIS DA UNIAO;0000;APOSENTADORIAS E PENSOES CIVIS DA UNIAO;084775;FOL SERVID;PESSOAL - FOLHA DE SERVIDORES;0169;CONTRIB.PATRONAL P/PLANO DE SEGURID.SOC.SERV.;2;ORCAMENTO DE SEGURIDADE SOCIAL;3;DESPESAS CORRENTES;1;PESSOAL E ENCARGOS SOCIAIS;01;APOSENT.RPPS, RESER.REMUNER. E REFOR.MILITAR;319001;APOSENT.RPPS, RESER.REMUNER. E REFOR.MILITAR;31900106;13 SALARIO - PESSOAL CIVIL;5;GLOBAL;08;NAO SE APLICA;-8;03/01/2018;JAN/2018;2018;070025000012018NE000014;PROVENTOS;2018NECT - PROVENTOS: PESSOAL CIVIL, EXERCICIO DE 2018.;070025;TRIBUNAL REGIONAL ELEITORAL DO D. FEDERAL;;;;;;;;1.000.000,00;;;;;;;;;;;;
14107;TRIBUNAL REGIONAL ELEITORAL DO DIST. FEDERAL;070025;TRIBUNAL REGIONAL ELEITORAL DO D. FEDERAL;09272008901810053;0181;APOSENTADORIAS E PENSOES CIVIS DA UNIAO;0000;APOSENTADORIAS E PENSOES CIVIS DA UNIAO;084775;FOL SERVID;PESSOAL - FOLHA DE SERVIDORES;0169;CONTRIB.PATRONAL P/PLANO DE SEGURID.SOC.SERV.;2;ORCAMENTO DE SEGURIDADE SOCIAL;3;DESPESAS CORRENTES;1;PESSOAL E ENCARGOS SOCIAIS;01;APOSENT.RPPS, RESER.REMUNER. E REFOR.MILITAR;319001;APOSENT.RPPS, RESER.REMUNER. E REFOR.MILITAR;31900106;13 SALARIO - PESSOAL CIVIL;5;GLOBAL;08;NAO SE APLICA;-8;03/01/2018;JAN/2018;2018;070025000012018NE000014;PROVENTOS;2018NECT - PROVENTOS: PESSOAL CIVIL, EXERCICIO DE 2018. REFORCO DOS SUBITENS  01, 06 E 28.;070025;TRIBUNAL REGIONAL ELEITORAL DO D. FEDERAL;;;;;;;;250.000,00;;;;;;;;;;;;
14107;TRIBUNAL REGIONAL ELEITORAL DO DIST. FEDERAL;070025;TRIBUNAL REGIONAL ELEITORAL DO D. FEDERAL;09272008901810053;0181;APOSENTADORIAS E PENSOES CIVIS DA UNIAO;0000;APOSENTADORIAS E PENSOES CIVIS DA UNIAO;084775;FOL SERVID;PESSOAL - FOLHA DE SERVIDORES;0169;CONTRIB.PATRONAL P/PLANO DE SEGURID.SOC.SERV.;2;ORCAMENTO DE SEGURIDADE SOCIAL;3;DESPESAS CORRENTES;1;PESSOAL E ENCARGOS SOCIAIS;01;APOSENT.RPPS, RESER.REMUNER. E REFOR.MILITAR;319001;APOSENT.RPPS, RESER.REMUNER. E REFOR.MILITAR;31900106;13 SALARIO - PESSOAL CIVIL;5;GLOBAL;08;NAO SE APLICA;-8;03/01/2018;JAN/2018;2018;070025000012018NE000014;PROVENTOS;FOLHA DE PAGAMENTO DE SERVIDORES INATIVOS REFERENTE AO MES DE  JANEIRO DE 2018. PA 0000050-45.2018.6.07.8100.;070025;TRIBUNAL REGIONAL ELEITORAL DO D. FEDERAL;;;;;;;;0,00;529.353,03;;;;;;;;;;529.353,03;
14107;TRIBUNAL REGIONAL ELEITORAL DO DIST. FEDERAL;070025;TRIBUNAL REGIONAL ELEITORAL DO D. FEDERAL;09272008901810053;0181;APOSENTADORIAS E PENSOES CIVIS DA UNIAO;0000;APOSENTADORIAS E PENSOES CIVIS DA UNIAO;084775;FOL SERVID;PESSOAL - FOLHA DE SERVIDORES;0169;CONTRIB.PATRONAL P/PLANO DE SEGURID.SOC.SERV.;2;ORCAMENTO DE SEGURIDADE SOCIAL;3;DESPESAS CORRENTES;1;PESSOAL E ENCARGOS SOCIAIS;01;APOSENT.RPPS, RESER.REMUNER. E REFOR.MILITAR;319001;APOSENT.RPPS, RESER.REMUNER. E REFOR.MILITAR;31900106;13 SALARIO - PESSOAL CIVIL;5;GLOBAL;08;NAO SE APLICA;-8;03/01/2018;JAN/2018;2018;070025000012018NE000014;PROVENTOS;FOLHA DE PAGAMENTO DE SERVIDORES INATIVOS REFERENTE AO MES DE JANEIRO DE 2018 - PA SEI 0000050-45.2018.6.07.8100. DADOS BANCARIOS BANCO BB;070025;TRIBUNAL REGIONAL ELEITORAL DO D. FEDERAL;;;;;;;;0,00;0,00;360.011,17;;;;;;;;;0,00;360.011,17
14107;TRIBUNAL REGIONAL ELEITORAL DO DIST. FEDERAL;070025;TRIBUNAL REGIONAL ELEITORAL DO D. FEDERAL;09272008901810053;0181;APOSENTADORIAS E PENSOES CIVIS DA UNIAO;0000;APOSENTADORIAS E PENSOES CIVIS DA UNIAO;084775;FOL SERVID;PESSOAL - FOLHA DE SERVIDORES;0169;CONTRIB.PATRONAL P/PLANO DE SEGURID.SOC.SERV.;2;ORCAMENTO DE SEGURIDADE SOCIAL;3;DESPESAS CORRENTES;1;PESSOAL E ENCARGOS SOCIAIS;01;APOSENT.RPPS, RESER.REMUNER. E REFOR.MILITAR;319001;APOSENT.RPPS, RESER.REMUNER. E REFOR.MILITAR;31900106;13 SALARIO - PESSOAL CIVIL;5;GLOBAL;08;NAO SE APLICA;-8;03/01/2018;JAN/2018;2018;070025000012018NE000014;PROVENTOS;FOLHA DE PAGAMENTO DE SERVIDORES INATIVOS REFERENTE AO MES DE JANEIRO DE 2018 - PA SEI 0000050-45.2018.6.07.8100. DADOS BANCARIOS BANCO CEF;070025;TRIBUNAL REGIONAL ELEITORAL DO D. FEDERAL;;;;;;;;0,00;0,00;169.341,86;;;;;;;;;0,00;169.341,86
14107;TRIBUNAL REGIONAL ELEITORAL DO DIST. FEDERAL;070025;TRIBUNAL REGIONAL ELEITORAL DO D. FEDERAL;09272008901810053;0181;APOSENTADORIAS E PENSOES CIVIS DA UNIAO;0000;APOSENTADORIAS E PENSOES CIVIS DA UNIAO;084775;FOL SERVID;PESSOAL - FOLHA DE SERVIDORES;0169;CONTRIB.PATRONAL P/PLANO DE SEGURID.SOC.SERV.;2;ORCAMENTO DE SEGURIDADE SOCIAL;3;DESPESAS CORRENTES;1;PESSOAL E ENCARGOS SOCIAIS;01;APOSENT.RPPS, RESER.REMUNER. E REFOR.MILITAR;319001;APOSENT.RPPS, RESER.REMUNER. E REFOR.MILITAR;31900128;VANTAGENS INCORPORADAS - PESSOAL CIVIL;5;GLOBAL;08;NAO SE APLICA;-8;03/01/2018;JAN/2018;2018;070025000012018NE000014;PROVENTOS;2018NECT - PROVENTOS: PESSOAL CIVIL, EXERCICIO DE 2018.                       REFORCO DO SUBITEM 28.;070025;TRIBUNAL REGIONAL ELEITORAL DO D. FEDERAL;;;;;;;;602.417,37;;;;;;;;;;;;
14107;TRIBUNAL REGIONAL ELEITORAL DO DIST. FEDERAL;070025;TRIBUNAL REGIONAL ELEITORAL DO D. FEDERAL;09272008901810053;0181;APOSENTADORIAS E PENSOES CIVIS DA UNIAO;0000;APOSENTADORIAS E PENSOES CIVIS DA UNIAO;084775;FOL SERVID;PESSOAL - FOLHA DE SERVIDORES;0169;CONTRIB.PATRONAL P/PLANO DE SEGURID.SOC.SERV.;2;ORCAMENTO DE SEGURIDADE SOCIAL;3;DESPESAS CORRENTES;1;PESSOAL E ENCARGOS SOCIAIS;01;APOSENT.RPPS, RESER.REMUNER. E REFOR.MILITAR;319001;APOSENT.RPPS, RESER.REMUNER. E REFOR.MILITAR;31900128;VANTAGENS INCORPORADAS - PESSOAL CIVIL;5;GLOBAL;08;NAO SE APLICA;-8;03/01/2018;JAN/2018;2018;070025000012018NE000014;PROVENTOS;2018NECT - PROVENTOS: PESSOAL CIVIL, EXERCICIO DE 2018. REFORCO DOS SUBITENS  01, 06 E 28.;070025;TRIBUNAL REGIONAL ELEITORAL DO D. FEDERAL;;;;;;;;401.611,58;;;;;;;;;;;;
14107;TRIBUNAL REGIONAL ELEITORAL DO DIST. FEDERAL;070025;TRIBUNAL REGIONAL ELEITORAL DO D. FEDERAL;09272008901810053;0181;APOSENTADORIAS E PENSOES CIVIS DA UNIAO;0000;APOSENTADORIAS E PENSOES CIVIS DA UNIAO;084775;FOL SERVID;PESSOAL - FOLHA DE SERVIDORES;0169;CONTRIB.PATRONAL P/PLANO DE SEGURID.SOC.SERV.;2;ORCAMENTO DE SEGURIDADE SOCIAL;3;DESPESAS CORRENTES;1;PESSOAL E ENCARGOS SOCIAIS;01;APOSENT.RPPS, RESER.REMUNER. E REFOR.MILITAR;319001;APOSENT.RPPS, RESER.REMUNER. E REFOR.MILITAR;31900128;VANTAGENS INCORPORADAS - PESSOAL CIVIL;5;GLOBAL;08;NAO SE APLICA;-8;03/01/2018;JAN/2018;2018;070025000012018NE000014;PROVENTOS;FOLHA DE PAGAMENTO DE SERVIDORES INATIVOS REFERENTE AO MES DE  JANEIRO DE 2018. PA 0000050-45.2018.6.07.8100.;070025;TRIBUNAL REGIONAL ELEITORAL DO D. FEDERAL;;;;;;;;0,00;200.805,79;;;;;;;;;;200.805,79;
14107;TRIBUNAL REGIONAL ELEITORAL DO DIST. FEDERAL;070025;TRIBUNAL REGIONAL ELEITORAL DO D. FEDERAL;09272008901810053;0181;APOSENTADORIAS E PENSOES CIVIS DA UNIAO;0000;APOSENTADORIAS E PENSOES CIVIS DA UNIAO;084775;FOL SERVID;PESSOAL - FOLHA DE SERVIDORES;0169;CONTRIB.PATRONAL P/PLANO DE SEGURID.SOC.SERV.;2;ORCAMENTO DE SEGURIDADE SOCIAL;3;DESPESAS CORRENTES;1;PESSOAL E ENCARGOS SOCIAIS;01;APOSENT.RPPS, RESER.REMUNER. E REFOR.MILITAR;319001;APOSENT.RPPS, RESER.REMUNER. E REFOR.MILITAR;31900128;VANTAGENS INCORPORADAS - PESSOAL CIVIL;5;GLOBAL;08;NAO SE APLICA;-8;03/01/2018;JAN/2018;2018;070025000012018NE000014;PROVENTOS;FOLHA DE PAGAMENTO DE SERVIDORES INATIVOS REFERENTE AO MES DE ABRIL DE 2018 - PA SEI 0001951-48.2018.6.07.8100.;070025;TRIBUNAL REGIONAL ELEITORAL DO D. FEDERAL;;;;;;;;0,00;200.805,79;;;;;;;;;;200.805,79;
14107;TRIBUNAL REGIONAL ELEITORAL DO DIST. FEDERAL;070025;TRIBUNAL REGIONAL ELEITORAL DO D. FEDERAL;09272008901810053;0181;APOSENTADORIAS E PENSOES CIVIS DA UNIAO;0000;APOSENTADORIAS E PENSOES CIVIS DA UNIAO;084775;FOL SERVID;PESSOAL - FOLHA DE SERVIDORES;0169;CONTRIB.PATRONAL P/PLANO DE SEGURID.SOC.SERV.;2;ORCAMENTO DE SEGURIDADE SOCIAL;3;DESPESAS CORRENTES;1;PESSOAL E ENCARGOS SOCIAIS;01;APOSENT.RPPS, RESER.REMUNER. E REFOR.MILITAR;319001;APOSENT.RPPS, RESER.REMUNER. E REFOR.MILITAR;31900128;VANTAGENS INCORPORADAS - PESSOAL CIVIL;5;GLOBAL;08;NAO SE APLICA;-8;03/01/2018;JAN/2018;2018;070025000012018NE000014;PROVENTOS;FOLHA DE PAGAMENTO DE SERVIDORES INATIVOS REFERENTE AO MES DE ABRIL DE 2018 - PA SEI 0001951-48.2018.6.07.8100.   DADOS BANCARIOS BANCO DO BRASIL.;070025;TRIBUNAL REGIONAL ELEITORAL DO D. FEDERAL;;;;;;;;0,00;0,00;68.131,39;;;;;;;;;0,00;68.131,39
14107;TRIBUNAL REGIONAL ELEITORAL DO DIST. FEDERAL;070025;TRIBUNAL REGIONAL ELEITORAL DO D. FEDERAL;09272008901810053;0181;APOSENTADORIAS E PENSOES CIVIS DA UNIAO;0000;APOSENTADORIAS E PENSOES CIVIS DA UNIAO;084775;FOL SERVID;PESSOAL - FOLHA DE SERVIDORES;0169;CONTRIB.PATRONAL P/PLANO DE SEGURID.SOC.SERV.;2;ORCAMENTO DE SEGURIDADE SOCIAL;3;DESPESAS CORRENTES;1;PESSOAL E ENCARGOS SOCIAIS;01;APOSENT.RPPS, RESER.REMUNER. E REFOR.MILITAR;319001;APOSENT.RPPS, RESER.REMUNER. E REFOR.MILITAR;31900128;VANTAGENS INCORPORADAS - PESSOAL CIVIL;5;GLOBAL;08;NAO SE APLICA;-8;03/01/2018;JAN/2018;2018;070025000012018NE000014;PROVENTOS;FOLHA DE PAGAMENTO DE SERVIDORES INATIVOS REFERENTE AO MES DE ABRIL DE 2018 - PA SEI 0001951-48.2018.6.07.8100. DADOS BANCARIOS CEF.;070025;TRIBUNAL REGIONAL ELEITORAL DO D. FEDERAL;;;;;;;;0,00;0,00;87.868,50;;;;;;;;;0,00;87.868,50
14107;TRIBUNAL REGIONAL ELEITORAL DO DIST. FEDERAL;070025;TRIBUNAL REGIONAL ELEITORAL DO D. FEDERAL;09272008901810053;0181;APOSENTADORIAS E PENSOES CIVIS DA UNIAO;0000;APOSENTADORIAS E PENSOES CIVIS DA UNIAO;084775;FOL SERVID;PESSOAL - FOLHA DE SERVIDORES;0169;CONTRIB.PATRONAL P/PLANO DE SEGURID.SOC.SERV.;2;ORCAMENTO DE SEGURIDADE SOCIAL;3;DESPESAS CORRENTES;1;PESSOAL E ENCARGOS SOCIAIS;01;APOSENT.RPPS, RESER.REMUNER. E REFOR.MILITAR;319001;APOSENT.RPPS, RESER.REMUNER. E REFOR.MILITAR;31900128;VANTAGENS INCORPORADAS - PESSOAL CIVIL;5;GLOBAL;08;NAO SE APLICA;-8;03/01/2018;JAN/2018;2018;070025000012018NE000014;PROVENTOS;FOLHA DE PAGAMENTO DE SERVIDORES INATIVOS REFERENTE AO MES DE ABRIL DE 2018 - PA SEI 0001951-48.2018.6.07.8100. DADOS BANCARIOS OUTROS BANCOS.;070025;TRIBUNAL REGIONAL ELEITORAL DO D. FEDERAL;;;;;;;;0,00;0,00;44.805,90;;;;;;;;;0,00;44.805,90
14107;TRIBUNAL REGIONAL ELEITORAL DO DIST. FEDERAL;070025;TRIBUNAL REGIONAL ELEITORAL DO D. FEDERAL;09272008901810053;0181;APOSENTADORIAS E PENSOES CIVIS DA UNIAO;0000;APOSENTADORIAS E PENSOES CIVIS DA UNIAO;084775;FOL SERVID;PESSOAL - FOLHA DE SERVIDORES;0169;CONTRIB.PATRONAL P/PLANO DE SEGURID.SOC.SERV.;2;ORCAMENTO DE SEGURIDADE SOCIAL;3;DESPESAS CORRENTES;1;PESSOAL E ENCARGOS SOCIAIS;01;APOSENT.RPPS, RESER.REMUNER. E REFOR.MILITAR;319001;APOSENT.RPPS, RESER.REMUNER. E REFOR.MILITAR;31900128;VANTAGENS INCORPORADAS - PESSOAL CIVIL;5;GLOBAL;08;NAO SE APLICA;-8;03/01/2018;JAN/2018;2018;070025000012018NE000014;PROVENTOS;FOLHA DE PAGAMENTO DE SERVIDORES INATIVOS REFERENTE AO MES DE FEVEREIRO DE 2018 - PA SEI 0000707-84.2018.6.07.8100.;070025;TRIBUNAL REGIONAL ELEITORAL DO D. FEDERAL;;;;;;;;0,00;200.805,79;;;;;;;;;;200.805,79;
14107;TRIBUNAL REGIONAL ELEITORAL DO DIST. FEDERAL;070025;TRIBUNAL REGIONAL ELEITORAL DO D. FEDERAL;09272008901810053;0181;APOSENTADORIAS E PENSOES CIVIS DA UNIAO;0000;APOSENTADORIAS E PENSOES CIVIS DA UNIAO;084775;FOL SERVID;PESSOAL - FOLHA DE SERVIDORES;0169;CONTRIB.PATRONAL P/PLANO DE SEGURID.SOC.SERV.;2;ORCAMENTO DE SEGURIDADE SOCIAL;3;DESPESAS CORRENTES;1;PESSOAL E ENCARGOS SOCIAIS;01;APOSENT.RPPS, RESER.REMUNER. E REFOR.MILITAR;319001;APOSENT.RPPS, RESER.REMUNER. E REFOR.MILITAR;31900128;VANTAGENS INCORPORADAS - PESSOAL CIVIL;5;GLOBAL;08;NAO SE APLICA;-8;03/01/2018;JAN/2018;2018;070025000012018NE000014;PROVENTOS;FOLHA DE PAGAMENTO DE SERVIDORES INATIVOS REFERENTE AO MES DE FEVEREIRO DE 2018 - PA SEI 0000707-84.2018.6.07.8100.   DADOS BANCARIOS BANCO DO BRASIL.;070025;TRIBUNAL REGIONAL ELEITORAL DO D. FEDERAL;;;;;;;;0,00;0,00;152.042,97;;;;;;;;;0,00;152.042,97
14107;TRIBUNAL REGIONAL ELEITORAL DO DIST. FEDERAL;070025;TRIBUNAL REGIONAL ELEITORAL DO D. FEDERAL;09272008901810053;0181;APOSENTADORIAS E PENSOES CIVIS DA UNIAO;0000;APOSENTADORIAS E PENSOES CIVIS DA UNIAO;084775;FOL SERVID;PESSOAL - FOLHA DE SERVIDORES;0169;CONTRIB.PATRONAL P/PLANO DE SEGURID.SOC.SERV.;2;ORCAMENTO DE SEGURIDADE SOCIAL;3;DESPESAS CORRENTES;1;PESSOAL E ENCARGOS SOCIAIS;01;APOSENT.RPPS, RESER.REMUNER. E REFOR.MILITAR;319001;APOSENT.RPPS, RESER.REMUNER. E REFOR.MILITAR;31900128;VANTAGENS INCORPORADAS - PESSOAL CIVIL;5;GLOBAL;08;NAO SE APLICA;-8;03/01/2018;JAN/2018;2018;070025000012018NE000014;PROVENTOS;FOLHA DE PAGAMENTO DE SERVIDORES INATIVOS REFERENTE AO MES DE FEVEREIRO DE 2018 - PA SEI 0000707-84.2018.6.07.8100. DADOS BANCARIOS OUTROS BANCOS.;070025;TRIBUNAL REGIONAL ELEITORAL DO D. FEDERAL;;;;;;;;0,00;0,00;48.762,82;;;;;;;;;0,00;48.762,82
14107;TRIBUNAL REGIONAL ELEITORAL DO DIST. FEDERAL;070025;TRIBUNAL REGIONAL ELEITORAL DO D. FEDERAL;09272008901810053;0181;APOSENTADORIAS E PENSOES CIVIS DA UNIAO;0000;APOSENTADORIAS E PENSOES CIVIS DA UNIAO;084775;FOL SERVID;PESSOAL - FOLHA DE SERVIDORES;0169;CONTRIB.PATRONAL P/PLANO DE SEGURID.SOC.SERV.;2;ORCAMENTO DE SEGURIDADE SOCIAL;3;DESPESAS CORRENTES;1;PESSOAL E ENCARGOS SOCIAIS;01;APOSENT.RPPS, RESER.REMUNER. E REFOR.MILITAR;319001;APOSENT.RPPS, RESER.REMUNER. E REFOR.MILITAR;31900128;VANTAGENS INCORPORADAS - PESSOAL CIVIL;5;GLOBAL;08;NAO SE APLICA;-8;03/01/2018;JAN/2018;2018;070025000012018NE000014;PROVENTOS;FOLHA DE PAGAMENTO DE SERVIDORES INATIVOS REFERENTE AO MES DE JANEIRO DE 2018 - PA SEI 0000050-45.2018.6.07.8100. DADOS BANCARIOS BANCO BB;070025;TRIBUNAL REGIONAL ELEITORAL DO D. FEDERAL;;;;;;;;0,00;0,00;107.095,94;;;;;;;;;0,00;107.095,94
14107;TRIBUNAL REGIONAL ELEITORAL DO DIST. FEDERAL;070025;TRIBUNAL REGIONAL ELEITORAL DO D. FEDERAL;09272008901810053;0181;APOSENTADORIAS E PENSOES CIVIS DA UNIAO;0000;APOSENTADORIAS E PENSOES CIVIS DA UNIAO;084775;FOL SERVID;PESSOAL - FOLHA DE SERVIDORES;0169;CONTRIB.PATRONAL P/PLANO DE SEGURID.SOC.SERV.;2;ORCAMENTO DE SEGURIDADE SOCIAL;3;DESPESAS CORRENTES;1;PESSOAL E ENCARGOS SOCIAIS;01;APOSENT.RPPS, RESER.REMUNER. E REFOR.MILITAR;319001;APOSENT.RPPS, RESER.REMUNER. E REFOR.MILITAR;31900128;VANTAGENS INCORPORADAS - PESSOAL CIVIL;5;GLOBAL;08;NAO SE APLICA;-8;03/01/2018;JAN/2018;2018;070025000012018NE000014;PROVENTOS;FOLHA DE PAGAMENTO DE SERVIDORES INATIVOS REFERENTE AO MES DE JANEIRO DE 2018 - PA SEI 0000050-45.2018.6.07.8100. DADOS BANCARIOS BANCOS DIFERENTES DO ITAU, BB E  CEF;070025;TRIBUNAL REGIONAL ELEITORAL DO D. FEDERAL;;;;;;;;0,00;0,00;93.709,85;;;;;;;;;0,00;93.709,85
14107;TRIBUNAL REGIONAL ELEITORAL DO DIST. FEDERAL;070025;TRIBUNAL REGIONAL ELEITORAL DO D. FEDERAL;09272008901810053;0181;APOSENTADORIAS E PENSOES CIVIS DA UNIAO;0000;APOSENTADORIAS E PENSOES CIVIS DA UNIAO;084775;FOL SERVID;PESSOAL - FOLHA DE SERVIDORES;0169;CONTRIB.PATRONAL P/PLANO DE SEGURID.SOC.SERV.;2;ORCAMENTO DE SEGURIDADE SOCIAL;3;DESPESAS CORRENTES;1;PESSOAL E ENCARGOS SOCIAIS;01;APOSENT.RPPS, RESER.REMUNER. E REFOR.MILITAR;319001;APOSENT.RPPS, RESER.REMUNER. E REFOR.MILITAR;31900128;VANTAGENS INCORPORADAS - PESSOAL CIVIL;5;GLOBAL;08;NAO SE APLICA;-8;03/01/2018;JAN/2018;2018;070025000012018NE000014;PROVENTOS;FOLHA DE PAGAMENTO DE SERVIDORES INATIVOS REFERENTE AO MES DE MAIO DE 2018 - PA SEI 0002530-93.2018.6.07.8100.;070025;TRIBUNAL REGIONAL ELEITORAL DO D. FEDERAL;;;;;;;;0,00;200.805,79;;;;;;;;;;200.805,79;
14107;TRIBUNAL REGIONAL ELEITORAL DO DIST. FEDERAL;070025;TRIBUNAL REGIONAL ELEITORAL DO D. FEDERAL;09272008901810053;0181;APOSENTADORIAS E PENSOES CIVIS DA UNIAO;0000;APOSENTADORIAS E PENSOES CIVIS DA UNIAO;084775;FOL SERVID;PESSOAL - FOLHA DE SERVIDORES;0169;CONTRIB.PATRONAL P/PLANO DE SEGURID.SOC.SERV.;2;ORCAMENTO DE SEGURIDADE SOCIAL;3;DESPESAS CORRENTES;1;PESSOAL E ENCARGOS SOCIAIS;01;APOSENT.RPPS, RESER.REMUNER. E REFOR.MILITAR;319001;APOSENT.RPPS, RESER.REMUNER. E REFOR.MILITAR;31900128;VANTAGENS INCORPORADAS - PESSOAL CIVIL;5;GLOBAL;08;NAO SE APLICA;-8;03/01/2018;JAN/2018;2018;070025000012018NE000014;PROVENTOS;FOLHA DE PAGAMENTO DE SERVIDORES INATIVOS REFERENTE AO MES DE MARCO DE 2018 - PA SEI 0001307-08.2018.6.07.8100.;070025;TRIBUNAL REGIONAL ELEITORAL DO D. FEDERAL;;;;;;;;0,00;200.805,79;;;;;;;;;;200.805,79;
14107;TRIBUNAL REGIONAL ELEITORAL DO DIST. FEDERAL;070025;TRIBUNAL REGIONAL ELEITORAL DO D. FEDERAL;09272008901810053;0181;APOSENTADORIAS E PENSOES CIVIS DA UNIAO;0000;APOSENTADORIAS E PENSOES CIVIS DA UNIAO;084775;FOL SERVID;PESSOAL - FOLHA DE SERVIDORES;0169;CONTRIB.PATRONAL P/PLANO DE SEGURID.SOC.SERV.;2;ORCAMENTO DE SEGURIDADE SOCIAL;3;DESPESAS CORRENTES;1;PESSOAL E ENCARGOS SOCIAIS;01;APOSENT.RPPS, RESER.REMUNER. E REFOR.MILITAR;319001;APOSENT.RPPS, RESER.REMUNER. E REFOR.MILITAR;31900128;VANTAGENS INCORPORADAS - PESSOAL CIVIL;5;GLOBAL;08;NAO SE APLICA;-8;03/01/2018;JAN/2018;2018;070025000012018NE000014;PROVENTOS;FOLHA DE PAGAMENTO DE SERVIDORES INATIVOS REFERENTE AO MES DE MARCO DE 2018 - PA SEI 0001307-08.2018.6.07.8100.  BANCO DO BRASIL.;070025;TRIBUNAL REGIONAL ELEITORAL DO D. FEDERAL;;;;;;;;0,00;0,00;153.356,43;;;;;;;;;0,00;153.356,43
14107;TRIBUNAL REGIONAL ELEITORAL DO DIST. FEDERAL;070025;TRIBUNAL REGIONAL ELEITORAL DO D. FEDERAL;09272008901810053;0181;APOSENTADORIAS E PENSOES CIVIS DA UNIAO;0000;APOSENTADORIAS E PENSOES CIVIS DA UNIAO;084775;FOL SERVID;PESSOAL - FOLHA DE SERVIDORES;0169;CONTRIB.PATRONAL P/PLANO DE SEGURID.SOC.SERV.;2;ORCAMENTO DE SEGURIDADE SOCIAL;3;DESPESAS CORRENTES;1;PESSOAL E ENCARGOS SOCIAIS;01;APOSENT.RPPS, RESER.REMUNER. E REFOR.MILITAR;319001;APOSENT.RPPS, RESER.REMUNER. E REFOR.MILITAR;31900128;VANTAGENS INCORPORADAS - PESSOAL CIVIL;5;GLOBAL;08;NAO SE APLICA;-8;03/01/2018;JAN/2018;2018;070025000012018NE000014;PROVENTOS;FOLHA DE PAGAMENTO DE SERVIDORES INATIVOS REFERENTE AO MES DE MARCO DE 2018 - PA SEI 0001307-08.2018.6.07.8100.  OUTROS BANCOS.;070025;TRIBUNAL REGIONAL ELEITORAL DO D. FEDERAL;;;;;;;;0,00;0,00;47.449,36;;;;;;;;;0,00;47.449,36
14107;TRIBUNAL REGIONAL ELEITORAL DO DIST. FEDERAL;070025;TRIBUNAL REGIONAL ELEITORAL DO D. FEDERAL;09272008901810053;0181;APOSENTADORIAS E PENSOES CIVIS DA UNIAO;0000;APOSENTADORIAS E PENSOES CIVIS DA UNIAO;084775;FOL SERVID;PESSOAL - FOLHA DE SERVIDORES;0169;CONTRIB.PATRONAL P/PLANO DE SEGURID.SOC.SERV.;2;ORCAMENTO DE SEGURIDADE SOCIAL;3;DESPESAS CORRENTES;1;PESSOAL E ENCARGOS SOCIAIS;01;APOSENT.RPPS, RESER.REMUNER. E REFOR.MILITAR;319001;APOSENT.RPPS, RESER.REMUNER. E REFOR.MILITAR;31900129;PROVENTOS ORIGINARIAS DE GRAT.P/EXERC/FUNCOES;5;GLOBAL;08;NAO SE APLICA;-8;03/01/2018;JAN/2018;2018;070025000012018NE000014;PROVENTOS;2018NECT - PROVENTOS: PESSOAL CIVIL, EXERCICIO DE 2018.                       REFORCO DO SUBITEM 29.;070025;TRIBUNAL REGIONAL ELEITORAL DO D. FEDERAL;;;;;;;;55.000,00;;;;;;;;;;;;
14107;TRIBUNAL REGIONAL ELEITORAL DO DIST. FEDERAL;070025;TRIBUNAL REGIONAL ELEITORAL DO D. FEDERAL;09272008901810053;0181;APOSENTADORIAS E PENSOES CIVIS DA UNIAO;0000;APOSENTADORIAS E PENSOES CIVIS DA UNIAO;084775;FOL SERVID;PESSOAL - FOLHA DE SERVIDORES;0169;CONTRIB.PATRONAL P/PLANO DE SEGURID.SOC.SERV.;2;ORCAMENTO DE SEGURIDADE SOCIAL;3;DESPESAS CORRENTES;1;PESSOAL E ENCARGOS SOCIAIS;01;APOSENT.RPPS, RESER.REMUNER. E REFOR.MILITAR;319001;APOSENT.RPPS, RESER.REMUNER. E REFOR.MILITAR;31900129;PROVENTOS ORIGINARIAS DE GRAT.P/EXERC/FUNCOES;5;GLOBAL;08;NAO SE APLICA;-8;03/01/2018;JAN/2018;2018;070025000012018NE000014;PROVENTOS;FOLHA DE PAGAMENTO DE SERVIDORES INATIVOS REFERENTE AO MES DE MAIO DE 2018 - PA SEI 0002530-93.2018.6.07.8100.;070025;TRIBUNAL REGIONAL ELEITORAL DO D. FEDERAL;;;;;;;;0,00;25.581,11;;;;;;;;;;25.581,11;
14107;TRIBUNAL REGIONAL ELEITORAL DO DIST. FEDERAL;070025;TRIBUNAL REGIONAL ELEITORAL DO D. FEDERAL;09272008901810053;0181;APOSENTADORIAS E PENSOES CIVIS DA UNIAO;0000;APOSENTADORIAS E PENSOES CIVIS DA UNIAO;084775;FOL SERVID;PESSOAL - FOLHA DE SERVIDORES;0169;CONTRIB.PATRONAL P/PLANO DE SEGURID.SOC.SERV.;2;ORCAMENTO DE SEGURIDADE SOCIAL;3;DESPESAS CORRENTES;1;PESSOAL E ENCARGOS SOCIAIS;01;APOSENT.RPPS, RESER.REMUNER. E REFOR.MILITAR;319001;APOSENT.RPPS, RESER.REMUNER. E REFOR.MILITAR;31900130;PROVENTOS ORIGINARIAS DE GRAT.P/EXERC. CARGO.;5;GLOBAL;08;NAO SE APLICA;-8;03/01/2018;JAN/2018;2018;070025000012018NE000014;PROVENTOS;2018NECT - PROVENTOS: PESSOAL CIVIL, EXERCICICO DE 2018. ANULACAO PARCIAL SUB ITEM 30.;070025;TRIBUNAL REGIONAL ELEITORAL DO D. FEDERAL;;;;;;;;(1.151.611,58);;;;;;;;;;;;
14107;TRIBUNAL REGIONAL ELEITORAL DO DIST. FEDERAL;070025;TRIBUNAL REGIONAL ELEITORAL DO D. FEDERAL;09272008901810053;0181;APOSENTADORIAS E PENSOES CIVIS DA UNIAO;0000;APOSENTADORIAS E PENSOES CIVIS DA UNIAO;084775;FOL SERVID;PESSOAL - FOLHA DE SERVIDORES;0169;CONTRIB.PATRONAL P/PLANO DE SEGURID.SOC.SERV.;2;ORCAMENTO DE SEGURIDADE SOCIAL;3;DESPESAS CORRENTES;1;PESSOAL E ENCARGOS SOCIAIS;01;APOSENT.RPPS, RESER.REMUNER. E REFOR.MILITAR;319001;APOSENT.RPPS, RESER.REMUNER. E REFOR.MILITAR;31900130;PROVENTOS ORIGINARIAS DE GRAT.P/EXERC. CARGO.;5;GLOBAL;08;NAO SE APLICA;-8;03/01/2018;JAN/2018;2018;070025000012018NE000014;PROVENTOS;2018NECT - PROVENTOS: PESSOAL CIVIL, EXERCICIO DE 2018.;070025;TRIBUNAL REGIONAL ELEITORAL DO D. FEDERAL;;;;;;;;3.500.000,00;;;;;;;;;;;;
14107;TRIBUNAL REGIONAL ELEITORAL DO DIST. FEDERAL;070025;TRIBUNAL REGIONAL ELEITORAL DO D. FEDERAL;09272008901810053;0181;APOSENTADORIAS E PENSOES CIVIS DA UNIAO;0000;APOSENTADORIAS E PENSOES CIVIS DA UNIAO;084775;FOL SERVID;PESSOAL - FOLHA DE SERVIDORES;0169;CONTRIB.PATRONAL P/PLANO DE SEGURID.SOC.SERV.;2;ORCAMENTO DE SEGURIDADE SOCIAL;3;DESPESAS CORRENTES;1;PESSOAL E ENCARGOS SOCIAIS;01;APOSENT.RPPS, RESER.REMUNER. E REFOR.MILITAR;319001;APOSENT.RPPS, RESER.REMUNER. E REFOR.MILITAR;31900130;PROVENTOS ORIGINARIAS DE GRAT.P/EXERC. CARGO.;5;GLOBAL;08;NAO SE APLICA;-8;03/01/2018;JAN/2018;2018;070025000012018NE000014;PROVENTOS;FOLHA DE PAGAMENTO DE SERVIDORES INATIVOS REFERENTE AO MES DE  JANEIRO DE 2018. PA 0000050-45.2018.6.07.8100.;070025;TRIBUNAL REGIONAL ELEITORAL DO D. FEDERAL;;;;;;;;0,00;467.098,77;;;;;;;;;;467.098,77;
14107;TRIBUNAL REGIONAL ELEITORAL DO DIST. FEDERAL;070025;TRIBUNAL REGIONAL ELEITORAL DO D. FEDERAL;09272008901810053;0181;APOSENTADORIAS E PENSOES CIVIS DA UNIAO;0000;APOSENTADORIAS E PENSOES CIVIS DA UNIAO;084775;FOL SERVID;PESSOAL - FOLHA DE SERVIDORES;0169;CONTRIB.PATRONAL P/PLANO DE SEGURID.SOC.SERV.;2;ORCAMENTO DE SEGURIDADE SOCIAL;3;DESPESAS CORRENTES;1;PESSOAL E ENCARGOS SOCIAIS;01;APOSENT.RPPS, RESER.REMUNER. E REFOR.MILITAR;319001;APOSENT.RPPS, RESER.REMUNER. E REFOR.MILITAR;31900130;PROVENTOS ORIGINARIAS DE GRAT.P/EXERC. CARGO.;5;GLOBAL;08;NAO SE APLICA;-8;03/01/2018;JAN/2018;2018;070025000012018NE000014;PROVENTOS;FOLHA DE PAGAMENTO DE SERVIDORES INATIVOS REFERENTE AO MES DE ABRIL DE 2018 - PA SEI 0001951-48.2018.6.07.8100.;070025;TRIBUNAL REGIONAL ELEITORAL DO D. FEDERAL;;;;;;;;0,00;467.098,77;;;;;;;;;;467.098,77;
14107;TRIBUNAL REGIONAL ELEITORAL DO DIST. FEDERAL;070025;TRIBUNAL REGIONAL ELEITORAL DO D. FEDERAL;09272008901810053;0181;APOSENTADORIAS E PENSOES CIVIS DA UNIAO;0000;APOSENTADORIAS E PENSOES CIVIS DA UNIAO;084775;FOL SERVID;PESSOAL - FOLHA DE SERVIDORES;0169;CONTRIB.PATRONAL P/PLANO DE SEGURID.SOC.SERV.;2;ORCAMENTO DE SEGURIDADE SOCIAL;3;DESPESAS CORRENTES;1;PESSOAL E ENCARGOS SOCIAIS;01;APOSENT.RPPS, RESER.REMUNER. E REFOR.MILITAR;319001;APOSENT.RPPS, RESER.REMUNER. E REFOR.MILITAR;31900130;PROVENTOS ORIGINARIAS DE GRAT.P/EXERC. CARGO.;5;GLOBAL;08;NAO SE APLICA;-8;03/01/2018;JAN/2018;2018;070025000012018NE000014;PROVENTOS;FOLHA DE PAGAMENTO DE SERVIDORES INATIVOS REFERENTE AO MES DE ABRIL DE 2018 - PA SEI 0001951-48.2018.6.07.8100.   DADOS BANCARIOS BANCO DO BRASIL.;070025;TRIBUNAL REGIONAL ELEITORAL DO D. FEDERAL;;;;;;;;0,00;0,00;467.098,77;;;;;;;;;0,00;467.098,77
14107;TRIBUNAL REGIONAL ELEITORAL DO DIST. FEDERAL;070025;TRIBUNAL REGIONAL ELEITORAL DO D. FEDERAL;09272008901810053;0181;APOSENTADORIAS E PENSOES CIVIS DA UNIAO;0000;APOSENTADORIAS E PENSOES CIVIS DA UNIAO;084775;FOL SERVID;PESSOAL - FOLHA DE SERVIDORES;0169;CONTRIB.PATRONAL P/PLANO DE SEGURID.SOC.SERV.;2;ORCAMENTO DE SEGURIDADE SOCIAL;3;DESPESAS CORRENTES;1;PESSOAL E ENCARGOS SOCIAIS;01;APOSENT.RPPS, RESER.REMUNER. E REFOR.MILITAR;319001;APOSENT.RPPS, RESER.REMUNER. E REFOR.MILITAR;31900130;PROVENTOS ORIGINARIAS DE GRAT.P/EXERC. CARGO.;5;GLOBAL;08;NAO SE APLICA;-8;03/01/2018;JAN/2018;2018;070025000012018NE000014;PROVENTOS;FOLHA DE PAGAMENTO DE SERVIDORES INATIVOS REFERENTE AO MES DE FEVEREIRO DE 2018 - PA SEI 0000707-84.2018.6.07.8100.;070025;TRIBUNAL REGIONAL ELEITORAL DO D. FEDERAL;;;;;;;;0,00;467.098,77;;;;;;;;;;467.098,77;
14107;TRIBUNAL REGIONAL ELEITORAL DO DIST. FEDERAL;070025;TRIBUNAL REGIONAL ELEITORAL DO D. FEDERAL;09272008901810053;0181;APOSENTADORIAS E PENSOES CIVIS DA UNIAO;0000;APOSENTADORIAS E PENSOES CIVIS DA UNIAO;084775;FOL SERVID;PESSOAL - FOLHA DE SERVIDORES;0169;CONTRIB.PATRONAL P/PLANO DE SEGURID.SOC.SERV.;2;ORCAMENTO DE SEGURIDADE SOCIAL;3;DESPESAS CORRENTES;1;PESSOAL E ENCARGOS SOCIAIS;01;APOSENT.RPPS, RESER.REMUNER. E REFOR.MILITAR;319001;APOSENT.RPPS, RESER.REMUNER. E REFOR.MILITAR;31900130;PROVENTOS ORIGINARIAS DE GRAT.P/EXERC. CARGO.;5;GLOBAL;08;NAO SE APLICA;-8;03/01/2018;JAN/2018;2018;070025000012018NE000014;PROVENTOS;FOLHA DE PAGAMENTO DE SERVIDORES INATIVOS REFERENTE AO MES DE FEVEREIRO DE 2018 - PA SEI 0000707-84.2018.6.07.8100.   DADOS BANCARIOS BANCO DO BRASIL.;070025;TRIBUNAL REGIONAL ELEITORAL DO D. FEDERAL;;;;;;;;0,00;0,00;379.746,74;;;;;;;;;0,00;379.746,74
14107;TRIBUNAL REGIONAL ELEITORAL DO DIST. FEDERAL;070025;TRIBUNAL REGIONAL ELEITORAL DO D. FEDERAL;09272008901810053;0181;APOSENTADORIAS E PENSOES CIVIS DA UNIAO;0000;APOSENTADORIAS E PENSOES CIVIS DA UNIAO;084775;FOL SERVID;PESSOAL - FOLHA DE SERVIDORES;0169;CONTRIB.PATRONAL P/PLANO DE SEGURID.SOC.SERV.;2;ORCAMENTO DE SEGURIDADE SOCIAL;3;DESPESAS CORRENTES;1;PESSOAL E ENCARGOS SOCIAIS;01;APOSENT.RPPS, RESER.REMUNER. E REFOR.MILITAR;319001;APOSENT.RPPS, RESER.REMUNER. E REFOR.MILITAR;31900130;PROVENTOS ORIGINARIAS DE GRAT.P/EXERC. CARGO.;5;GLOBAL;08;NAO SE APLICA;-8;03/01/2018;JAN/2018;2018;070025000012018NE000014;PROVENTOS;FOLHA DE PAGAMENTO DE SERVIDORES INATIVOS REFERENTE AO MES DE FEVEREIRO DE 2018 - PA SEI 0000707-84.2018.6.07.8100. DADOS BANCARIOS CEF.;070025;TRIBUNAL REGIONAL ELEITORAL DO D. FEDERAL;;;;;;;;0,00;0,00;87.352,03;;;;;;;;;0,00;87.352,03
14107;TRIBUNAL REGIONAL ELEITORAL DO DIST. FEDERAL;070025;TRIBUNAL REGIONAL ELEITORAL DO D. FEDERAL;09272008901810053;0181;APOSENTADORIAS E PENSOES CIVIS DA UNIAO;0000;APOSENTADORIAS E PENSOES CIVIS DA UNIAO;084775;FOL SERVID;PESSOAL - FOLHA DE SERVIDORES;0169;CONTRIB.PATRONAL P/PLANO DE SEGURID.SOC.SERV.;2;ORCAMENTO DE SEGURIDADE SOCIAL;3;DESPESAS CORRENTES;1;PESSOAL E ENCARGOS SOCIAIS;01;APOSENT.RPPS, RESER.REMUNER. E REFOR.MILITAR;319001;APOSENT.RPPS, RESER.REMUNER. E REFOR.MILITAR;31900130;PROVENTOS ORIGINARIAS DE GRAT.P/EXERC. CARGO.;5;GLOBAL;08;NAO SE APLICA;-8;03/01/2018;JAN/2018;2018;070025000012018NE000014;PROVENTOS;FOLHA DE PAGAMENTO DE SERVIDORES INATIVOS REFERENTE AO MES DE JANEIRO DE 2018 - PA SEI 0000050-45.2018.6.07.8100. DADOS BANCARIOS BANCO BB;070025;TRIBUNAL REGIONAL ELEITORAL DO D. FEDERAL;;;;;;;;0,00;0,00;467.098,77;;;;;;;;;0,00;467.098,77
14107;TRIBUNAL REGIONAL ELEITORAL DO DIST. FEDERAL;070025;TRIBUNAL REGIONAL ELEITORAL DO D. FEDERAL;09272008901810053;0181;APOSENTADORIAS E PENSOES CIVIS DA UNIAO;0000;APOSENTADORIAS E PENSOES CIVIS DA UNIAO;084775;FOL SERVID;PESSOAL - FOLHA DE SERVIDORES;0169;CONTRIB.PATRONAL P/PLANO DE SEGURID.SOC.SERV.;2;ORCAMENTO DE SEGURIDADE SOCIAL;3;DESPESAS CORRENTES;1;PESSOAL E ENCARGOS SOCIAIS;01;APOSENT.RPPS, RESER.REMUNER. E REFOR.MILITAR;319001;APOSENT.RPPS, RESER.REMUNER. E REFOR.MILITAR;31900130;PROVENTOS ORIGINARIAS DE GRAT.P/EXERC. CARGO.;5;GLOBAL;08;NAO SE APLICA;-8;03/01/2018;JAN/2018;2018;070025000012018NE000014;PROVENTOS;FOLHA DE PAGAMENTO DE SERVIDORES INATIVOS REFERENTE AO MES DE MAIO DE 2018 - PA SEI 0002530-93.2018.6.07.8100.;070025;TRIBUNAL REGIONAL ELEITORAL DO D. FEDERAL;;;;;;;;0,00;441.517,66;;;;;;;;;;441.517,66;
14107;TRIBUNAL REGIONAL ELEITORAL DO DIST. FEDERAL;070025;TRIBUNAL REGIONAL ELEITORAL DO D. FEDERAL;09272008901810053;0181;APOSENTADORIAS E PENSOES CIVIS DA UNIAO;0000;APOSENTADORIAS E PENSOES CIVIS DA UNIAO;084775;FOL SERVID;PESSOAL - FOLHA DE SERVIDORES;0169;CONTRIB.PATRONAL P/PLANO DE SEGURID.SOC.SERV.;2;ORCAMENTO DE SEGURIDADE SOCIAL;3;DESPESAS CORRENTES;1;PESSOAL E ENCARGOS SOCIAIS;01;APOSENT.RPPS, RESER.REMUNER. E REFOR.MILITAR;319001;APOSENT.RPPS, RESER.REMUNER. E REFOR.MILITAR;31900130;PROVENTOS ORIGINARIAS DE GRAT.P/EXERC. CARGO.;5;GLOBAL;08;NAO SE APLICA;-8;03/01/2018;JAN/2018;2018;070025000012018NE000014;PROVENTOS;FOLHA DE PAGAMENTO DE SERVIDORES INATIVOS REFERENTE AO MES DE MARCO DE 2018 - PA SEI 0001307-08.2018.6.07.8100.;070025;TRIBUNAL REGIONAL ELEITORAL DO D. FEDERAL;;;;;;;;0,00;467.098,77;;;;;;;;;;467.098,77;
14107;TRIBUNAL REGIONAL ELEITORAL DO DIST. FEDERAL;070025;TRIBUNAL REGIONAL ELEITORAL DO D. FEDERAL;09272008901810053;0181;APOSENTADORIAS E PENSOES CIVIS DA UNIAO;0000;APOSENTADORIAS E PENSOES CIVIS DA UNIAO;084775;FOL SERVID;PESSOAL - FOLHA DE SERVIDORES;0169;CONTRIB.PATRONAL P/PLANO DE SEGURID.SOC.SERV.;2;ORCAMENTO DE SEGURIDADE SOCIAL;3;DESPESAS CORRENTES;1;PESSOAL E ENCARGOS SOCIAIS;01;APOSENT.RPPS, RESER.REMUNER. E REFOR.MILITAR;319001;APOSENT.RPPS, RESER.REMUNER. E REFOR.MILITAR;31900130;PROVENTOS ORIGINARIAS DE GRAT.P/EXERC. CARGO.;5;GLOBAL;08;NAO SE APLICA;-8;03/01/2018;JAN/2018;2018;070025000012018NE000014;PROVENTOS;FOLHA DE PAGAMENTO DE SERVIDORES INATIVOS REFERENTE AO MES DE MARCO DE 2018 - PA SEI 0001307-08.2018.6.07.8100.  BANCO DO BRASIL.;070025;TRIBUNAL REGIONAL ELEITORAL DO D. FEDERAL;;;;;;;;0,00;0,00;380.876,39;;;;;;;;;0,00;380.876,39
14107;TRIBUNAL REGIONAL ELEITORAL DO DIST. FEDERAL;070025;TRIBUNAL REGIONAL ELEITORAL DO D. FEDERAL;09272008901810053;0181;APOSENTADORIAS E PENSOES CIVIS DA UNIAO;0000;APOSENTADORIAS E PENSOES CIVIS DA UNIAO;084775;FOL SERVID;PESSOAL - FOLHA DE SERVIDORES;0169;CONTRIB.PATRONAL P/PLANO DE SEGURID.SOC.SERV.;2;ORCAMENTO DE SEGURIDADE SOCIAL;3;DESPESAS CORRENTES;1;PESSOAL E ENCARGOS SOCIAIS;01;APOSENT.RPPS, RESER.REMUNER. E REFOR.MILITAR;319001;APOSENT.RPPS, RESER.REMUNER. E REFOR.MILITAR;31900130;PROVENTOS ORIGINARIAS DE GRAT.P/EXERC. CARGO.;5;GLOBAL;08;NAO SE APLICA;-8;03/01/2018;JAN/2018;2018;070025000012018NE000014;PROVENTOS;FOLHA DE PAGAMENTO DE SERVIDORES INATIVOS REFERENTE AO MES DE MARCO DE 2018 - PA SEI 0001307-08.2018.6.07.8100.  VALOR DOS SERVIDORES QUE RECEBEM PELA CEF.;070025;TRIBUNAL REGIONAL ELEITORAL DO D. FEDERAL;;;;;;;;0,00;0,00;86.222,38;;;;;;;;;0,00;86.222,38
14107;TRIBUNAL REGIONAL ELEITORAL DO DIST. FEDERAL;070025;TRIBUNAL REGIONAL ELEITORAL DO D. FEDERAL;09272008901810053;0181;APOSENTADORIAS E PENSOES CIVIS DA UNIAO;0000;APOSENTADORIAS E PENSOES CIVIS DA UNIAO;084775;FOL SERVID;PESSOAL - FOLHA DE SERVIDORES;0956;CONTRIBUICAO PLANO SEGURIDADE SOCIAL SERVIDOR;2;ORCAMENTO DE SEGURIDADE SOCIAL;3;DESPESAS CORRENTES;1;PESSOAL E ENCARGOS SOCIAIS;01;APOSENT.RPPS, RESER.REMUNER. E REFOR.MILITAR;319001;APOSENT.RPPS, RESER.REMUNER. E REFOR.MILITAR;319001-9;NAO SE APLICA;-9;NAO SE APLICA;-9;NAO SE APLICA;-9;NAO SE APLICA;NAO SE APLICA;-9;-9;-9;ALTERACAO PARA EMISSAO DE NE. INATIVOS (VANTAGENS INCORPORADAS).;-9;NAO SE APLICA;1.219.247,00;1.219.247,00;;;1.219.247,00;;;;;;;;;;;;;;;
14107;TRIBUNAL REGIONAL ELEITORAL DO DIST. FEDERAL;070025;TRIBUNAL REGIONAL ELEITORAL DO D. FEDERAL;09272008901810053;0181;APOSENTADORIAS E PENSOES CIVIS DA UNIAO;0000;APOSENTADORIAS E PENSOES CIVIS DA UNIAO;084775;FOL SERVID;PESSOAL - FOLHA DE SERVIDORES;0956;CONTRIBUICAO PLANO SEGURIDADE SOCIAL SERVIDOR;2;ORCAMENTO DE SEGURIDADE SOCIAL;3;DESPESAS CORRENTES;1;PESSOAL E ENCARGOS SOCIAIS;01;APOSENT.RPPS, RESER.REMUNER. E REFOR.MILITAR;319001;APOSENT.RPPS, RESER.REMUNER. E REFOR.MILITAR;319001-9;NAO SE APLICA;-9;NAO SE APLICA;-9;NAO SE APLICA;-9;NAO SE APLICA;NAO SE APLICA;-9;-9;-9;RETORNO AO DISPONIVEL EM DECORRENCIA DE ALTERACAO PELO  DOCUMENTO LANCADO PELAFITA SOF ESB006X EM 07/02/2018 (ND 800009);-9;NAO SE APLICA;(1.219.247,00);(1.219.247,00);;;(1.219.247,00);;;;;;;;;;;;;;;
14107;TRIBUNAL REGIONAL ELEITORAL DO DIST. FEDERAL;070025;TRIBUNAL REGIONAL ELEITORAL DO D. FEDERAL;09272008901810053;0181;APOSENTADORIAS E PENSOES CIVIS DA UNIAO;0000;APOSENTADORIAS E PENSOES CIVIS DA UNIAO;084775;FOL SERVID;PESSOAL - FOLHA DE SERVIDORES;0969;CONTRIB.PATRONAL P/PLANO DE SEGURID.SOC.SERV.;2;ORCAMENTO DE SEGURIDADE SOCIAL;3;DESPESAS CORRENTES;1;PESSOAL E ENCARGOS SOCIAIS;01;APOSENT.RPPS, RESER.REMUNER. E REFOR.MILITAR;319001;APOSENT.RPPS, RESER.REMUNER. E REFOR.MILITAR;319001-9;NAO SE APLICA;-9;NAO SE APLICA;-9;NAO SE APLICA;-9;NAO SE APLICA;NAO SE APLICA;-9;-9;-9;ALTERACAO PARA EMISSAO DE NE. INATIVOS (VANTAGENS INCORPORADAS).;-9;NAO SE APLICA;1.179.950,00;1.179.950,00;;;1.179.950,00;;;;;;;;;;;;;;;
14107;TRIBUNAL REGIONAL ELEITORAL DO DIST. FEDERAL;070025;TRIBUNAL REGIONAL ELEITORAL DO D. FEDERAL;09272008901810053;0181;APOSENTADORIAS E PENSOES CIVIS DA UNIAO;0000;APOSENTADORIAS E PENSOES CIVIS DA UNIAO;084775;FOL SERVID;PESSOAL - FOLHA DE SERVIDORES;0969;CONTRIB.PATRONAL P/PLANO DE SEGURID.SOC.SERV.;2;ORCAMENTO DE SEGURIDADE SOCIAL;3;DESPESAS CORRENTES;1;PESSOAL E ENCARGOS SOCIAIS;01;APOSENT.RPPS, RESER.REMUNER. E REFOR.MILITAR;319001;APOSENT.RPPS, RESER.REMUNER. E REFOR.MILITAR;319001-9;NAO SE APLICA;-9;NAO SE APLICA;-9;NAO SE APLICA;-9;NAO SE APLICA;NAO SE APLICA;-9;-9;-9;RETORNO AO DISPONIVEL EM DECORRENCIA DE ALTERACAO PELO  DOCUMENTO LANCADO PELAFITA SOF ESB006X EM 07/02/2018 (ND 800009);-9;NAO SE APLICA;(1.179.950,00);(1.179.950,00);;;(1.179.950,00);;;;;;;;;;;;;;;
14107;TRIBUNAL REGIONAL ELEITORAL DO DIST. FEDERAL;070027;TRIBUNAL REGIONAL ELEITORAL DE TOCANTINS;02301057020040053;2004;ASSISTENCIA MEDICA E ODONTOLOGICA AOS SERVIDORES CIVIS, EMPR;0001;ASSISTENCIA MEDICA E ODONTOLOGICA DE CIVIS - COMPLEMENTACAO DA UNIAO;084780;AMO CREMOD;ASSIST MED ODONT- CREDENCIAMENTO;0100;RECURSOS ORDINARIOS;2;ORCAMENTO DE SEGURIDADE SOCIAL;3;DESPESAS CORRENTES;3;OUTRAS DESPESAS CORRENTES;36;OUTROS SERVICOS DE TERCEIROS - P.FISICA;339036;OUTROS SERVICOS DE TERCEIROS - PESSOA FISICA;339036-9;NAO SE APLICA;-9;NAO SE APLICA;-9;NAO SE APLICA;-9;NAO SE APLICA;NAO SE APLICA;-9;-9;-9;DETALAHMENTO ORCAMENTARIO - RESERVA EMPENHO PAGAMENTO SERVICO SAUDE NOS TERMOSDO CONVENIO TRE-T0/TRE-DF.;-9;NAO SE APLICA;;;1.640,00;;1.640,00;;;;;;;;;;;;;;;
14107;TRIBUNAL REGIONAL ELEITORAL DO DIST. FEDERAL;070027;TRIBUNAL REGIONAL ELEITORAL DE TOCANTINS;02301057020040053;2004;ASSISTENCIA MEDICA E ODONTOLOGICA AOS SERVIDORES CIVIS, EMPR;0001;ASSISTENCIA MEDICA E ODONTOLOGICA DE CIVIS - COMPLEMENTACAO DA UNIAO;084780;AMO CREMOD;ASSIST MED ODONT- CREDENCIAMENTO;0100;RECURSOS ORDINARIOS;2;ORCAMENTO DE SEGURIDADE SOCIAL;3;DESPESAS CORRENTES;3;OUTRAS DESPESAS CORRENTES;36;OUTROS SERVICOS DE TERCEIROS - P.FISICA;339036;OUTROS SERVICOS DE TERCEIROS - PESSOA FISICA;339036-9;NAO SE APLICA;-9;NAO SE APLICA;-9;NAO SE APLICA;-9;NAO SE APLICA;NAO SE APLICA;-9;-9;-9;S000 COMED   04783-08.2018 - RESERVA EMPENHO PAGAMENTO SERVICO SAUDE REFERENTECONVENIO TRE-TO/TRE-DF - AOS SERVIDORES DF NO TRE-TO - PESSOA FISICA.;-9;NAO SE APLICA;;;;;(1.640,00);1.640,00;1.640,00;;;;;;;;;;;;;
14107;TRIBUNAL REGIONAL ELEITORAL DO DIST. FEDERAL;070027;TRIBUNAL REGIONAL ELEITORAL DE TOCANTINS;02301057020040053;2004;ASSISTENCIA MEDICA E ODONTOLOGICA AOS SERVIDORES CIVIS, EMPR;0001;ASSISTENCIA MEDICA E ODONTOLOGICA DE CIVIS - COMPLEMENTACAO DA UNIAO;084780;AMO CREMOD;ASSIST MED ODONT- CREDENCIAMENTO;0100;RECURSOS ORDINARIOS;2;ORCAMENTO DE SEGURIDADE SOCIAL;3;DESPESAS CORRENTES;3;OUTRAS DESPESAS CORRENTES;36;OUTROS SERVICOS DE TERCEIROS - P.FISICA;339036;OUTROS SERVICOS DE TERCEIROS - PESSOA FISICA;339036-9;NAO SE APLICA;-9;NAO SE APLICA;-9;NAO SE APLICA;-9;NAO SE APLICA;NAO SE APLICA;-9;-9;-9;VALOR QUE SE EMPENHA, POR ESTIMATIVA, PARA PAGAMENTO DE DESPESAS COM SERVICOS DE ASSISTENCIA A SAUDE DOS SERVIDORES DO TRE/DF EM EXERCICIO NESTE REGIONAL.;-9;NAO SE APLICA;;;;;;(1.640,00);(1.640,00);;;;;;;;;;;;;
14107;TRIBUNAL REGIONAL ELEITORAL DO DIST. FEDERAL;070027;TRIBUNAL REGIONAL ELEITORAL DE TOCANTINS;02301057020040053;2004;ASSISTENCIA MEDICA E ODONTOLOGICA AOS SERVIDORES CIVIS, EMPR;0001;ASSISTENCIA MEDICA E ODONTOLOGICA DE CIVIS - COMPLEMENTACAO DA UNIAO;084780;AMO CREMOD;ASSIST MED ODONT- CREDENCIAMENTO;0100;RECURSOS ORDINARIOS;2;ORCAMENTO DE SEGURIDADE SOCIAL;3;DESPESAS CORRENTES;3;OUTRAS DESPESAS CORRENTES;36;OUTROS SERVICOS DE TERCEIROS - P.FISICA;339036;OUTROS SERVICOS DE TERCEIROS - PESSOA FISICA;33903630;SERVICOS MEDICOS E ODONTOLOGICOS;3;ESTIMATIVO;07;INEXIGIBILIDADE;CP;13/04/2018;ABR/2018;2018;070027000012018NE000330;00047830820186278000;VALOR QUE SE EMPENHA, POR ESTIMATIVA, PARA PAGAMENTO DE DESPESAS COM SERVICOS DE ASSISTENCIA A SAUDE DOS SERVIDORES DO TRE/DF EM EXERCICIO NESTE REGIONAL.;070027;TRIBUNAL REGIONAL ELEITORAL DE TOCANTINS;;;;;;;;1.640,00;;;;;;;;;;;;
14107;TRIBUNAL REGIONAL ELEITORAL DO DIST. FEDERAL;070027;TRIBUNAL REGIONAL ELEITORAL DE TOCANTINS;02301057020040053;2004;ASSISTENCIA MEDICA E ODONTOLOGICA AOS SERVIDORES CIVIS, EMPR;0001;ASSISTENCIA MEDICA E ODONTOLOGICA DE CIVIS - COMPLEMENTACAO DA UNIAO;084780;AMO CREMOD;ASSIST MED ODONT- CREDENCIAMENTO;0100;RECURSOS ORDINARIOS;2;ORCAMENTO DE SEGURIDADE SOCIAL;3;DESPESAS CORRENTES;3;OUTRAS DESPESAS CORRENTES;39;OUTROS SERVICOS DE TERCEIROS PJ - OP.INT.ORC.;339039;OUTROS SERVICOS DE TERCEIROS - PESSOA JURIDICA;339039-9;NAO SE APLICA;-9;NAO SE APLICA;-9;NAO SE APLICA;-9;NAO SE APLICA;NAO SE APLICA;-9;-9;-9;DESCENTRALIZACAO DE CREDITO PARA FAZER FACE AO TERMO DE COOPERACAO CELEBRADO  ENTRE AS DUAS CORTES ELEITORAIS - SERVICOS MEDICO-HOSPITALARES. (PA SEI Nº    0000676-35.2016.6.07.8100);-9;NAO SE APLICA;;;6.000,00;;6.000,00;;;;;;;;;;;;;;;
14107;TRIBUNAL REGIONAL ELEITORAL DO DIST. FEDERAL;070027;TRIBUNAL REGIONAL ELEITORAL DE TOCANTINS;02301057020040053;2004;ASSISTENCIA MEDICA E ODONTOLOGICA AOS SERVIDORES CIVIS, EMPR;0001;ASSISTENCIA MEDICA E ODONTOLOGICA DE CIVIS - COMPLEMENTACAO DA UNIAO;084780;AMO CREMOD;ASSIST MED ODONT- CREDENCIAMENTO;0100;RECURSOS ORDINARIOS;2;ORCAMENTO DE SEGURIDADE SOCIAL;3;DESPESAS CORRENTES;3;OUTRAS DESPESAS CORRENTES;39;OUTROS SERVICOS DE TERCEIROS PJ - OP.INT.ORC.;339039;OUTROS SERVICOS DE TERCEIROS - PESSOA JURIDICA;339039-9;NAO SE APLICA;-9;NAO SE APLICA;-9;NAO SE APLICA;-9;NAO SE APLICA;NAO SE APLICA;-9;-9;-9;DETALAHMENTO ORCAMENTARIO - RESERVA EMPENHO PAGAMENTO SERVICO SAUDE NOS TERMOSDO CONVENIO TRE-T0/TRE-DF.;-9;NAO SE APLICA;;;(2.000,00);;(2.000,00);;;;;;;;;;;;;;;
14107;TRIBUNAL REGIONAL ELEITORAL DO DIST. FEDERAL;070027;TRIBUNAL REGIONAL ELEITORAL DE TOCANTINS;02301057020040053;2004;ASSISTENCIA MEDICA E ODONTOLOGICA AOS SERVIDORES CIVIS, EMPR;0001;ASSISTENCIA MEDICA E ODONTOLOGICA DE CIVIS - COMPLEMENTACAO DA UNIAO;084780;AMO CREMOD;ASSIST MED ODONT- CREDENCIAMENTO;0100;RECURSOS ORDINARIOS;2;ORCAMENTO DE SEGURIDADE SOCIAL;3;DESPESAS CORRENTES;3;OUTRAS DESPESAS CORRENTES;39;OUTROS SERVICOS DE TERCEIROS PJ - OP.INT.ORC.;339039;OUTROS SERVICOS DE TERCEIROS - PESSOA JURIDICA;339039-9;NAO SE APLICA;-9;NAO SE APLICA;-9;NAO SE APLICA;-9;NAO SE APLICA;NAO SE APLICA;-9;-9;-9;S000 COMED   04783-08.2018 - RESERVA EMPENHO PAGAMENTO SERVICO SAUDE REFERENTECONVENIO TRE-TO/TRE-DF - AOS SERVIDORES DF NO TRE-TO - PESSOA JURIDICA.;-9;NAO SE APLICA;;;;;(4.000,00);4.000,00;4.000,00;;;;;;;;;;;;;
14107;TRIBUNAL REGIONAL ELEITORAL DO DIST. FEDERAL;070027;TRIBUNAL REGIONAL ELEITORAL DE TOCANTINS;02301057020040053;2004;ASSISTENCIA MEDICA E ODONTOLOGICA AOS SERVIDORES CIVIS, EMPR;0001;ASSISTENCIA MEDICA E ODONTOLOGICA DE CIVIS - COMPLEMENTACAO DA UNIAO;084780;AMO CREMOD;ASSIST MED ODONT- CREDENCIAMENTO;0100;RECURSOS ORDINARIOS;2;ORCAMENTO DE SEGURIDADE SOCIAL;3;DESPESAS CORRENTES;3;OUTRAS DESPESAS CORRENTES;39;OUTROS SERVICOS DE TERCEIROS PJ - OP.INT.ORC.;339039;OUTROS SERVICOS DE TERCEIROS - PESSOA JURIDICA;339039-9;NAO SE APLICA;-9;NAO SE APLICA;-9;NAO SE APLICA;-9;NAO SE APLICA;NAO SE APLICA;-9;-9;-9;VALOR QUE SE EMPENHA, POR ESTIMATIVA, PARA PAGAMENTO DE DESPESAS COM SERVICOS DE ASSISTENCIA A SAUDE DOS SERVIDORES DO TRE/DF EM EXERCICIO NESTE REGIONAL.;-9;NAO SE APLICA;;;;;;(4.000,00);(4.000,00);;;;;;;;;;;;;
14107;TRIBUNAL REGIONAL ELEITORAL DO DIST. FEDERAL;070027;TRIBUNAL REGIONAL ELEITORAL DE TOCANTINS;02301057020040053;2004;ASSISTENCIA MEDICA E ODONTOLOGICA AOS SERVIDORES CIVIS, EMPR;0001;ASSISTENCIA MEDICA E ODONTOLOGICA DE CIVIS - COMPLEMENTACAO DA UNIAO;084780;AMO CREMOD;ASSIST MED ODONT- CREDENCIAMENTO;0100;RECURSOS ORDINARIOS;2;ORCAMENTO DE SEGURIDADE SOCIAL;3;DESPESAS CORRENTES;3;OUTRAS DESPESAS CORRENTES;39;OUTROS SERVICOS DE TERCEIROS PJ - OP.INT.ORC.;339039;OUTROS SERVICOS DE TERCEIROS - PESSOA JURIDICA;33903950;SERV.MEDICO-HOSPITAL.,ODONTOL.E LABORATORIAIS;3;ESTIMATIVO;07;INEXIGIBILIDADE;CP;13/04/2018;ABR/2018;2018;070027000012018NE000329;00047830820186278000;VALOR QUE SE EMPENHA, POR ESTIMATIVA, PARA PAGAMENTO DE DESPESAS COM SERVICOS DE ASSISTENCIA A SAUDE DOS SERVIDORES DO TRE/DF EM EXERCICIO NESTE REGIONAL.;070027;TRIBUNAL REGIONAL ELEITORAL DE TOCANTINS;;;;;;;;4.000,00;;;;;;;;;;;;
14107;TRIBUNAL REGIONAL ELEITORAL DO DIST. FEDERAL;070027;TRIBUNAL REGIONAL ELEITORAL DE TOCANTINS;02301057020040053;2004;ASSISTENCIA MEDICA E ODONTOLOGICA AOS SERVIDORES CIVIS, EMPR;0001;ASSISTENCIA MEDICA E ODONTOLOGICA DE CIVIS - COMPLEMENTACAO DA UNIAO;084780;AMO CREMOD;ASSIST MED ODONT- CREDENCIAMENTO;0100;RECURSOS ORDINARIOS;2;ORCAMENTO DE SEGURIDADE SOCIAL;3;DESPESAS CORRENTES;3;OUTRAS DESPESAS CORRENTES;47;OBRIGACOES TRIBUTARIAS E CONTRIBUTIVAS;339147;OBRIG.TRIBUT.E CONTRIB-OP.INTRA-ORCAMENTARIAS;339147-9;NAO SE APLICA;-9;NAO SE APLICA;-9;NAO SE APLICA;-9;NAO SE APLICA;NAO SE APLICA;-9;-9;-9;ANULACAO PARCIAL DA 18PE000342;-9;NAO SE APLICA;;;;;32,00;(32,00);(32,00);;;;;;;;;;;;;
14107;TRIBUNAL REGIONAL ELEITORAL DO DIST. FEDERAL;070027;TRIBUNAL REGIONAL ELEITORAL DE TOCANTINS;02301057020040053;2004;ASSISTENCIA MEDICA E ODONTOLOGICA AOS SERVIDORES CIVIS, EMPR;0001;ASSISTENCIA MEDICA E ODONTOLOGICA DE CIVIS - COMPLEMENTACAO DA UNIAO;084780;AMO CREMOD;ASSIST MED ODONT- CREDENCIAMENTO;0100;RECURSOS ORDINARIOS;2;ORCAMENTO DE SEGURIDADE SOCIAL;3;DESPESAS CORRENTES;3;OUTRAS DESPESAS CORRENTES;47;OBRIGACOES TRIBUTARIAS E CONTRIBUTIVAS;339147;OBRIG.TRIBUT.E CONTRIB-OP.INTRA-ORCAMENTARIAS;339147-9;NAO SE APLICA;-9;NAO SE APLICA;-9;NAO SE APLICA;-9;NAO SE APLICA;NAO SE APLICA;-9;-9;-9;DETALAHMENTO ORCAMENTARIO - RESERVA EMPENHO PAGAMENTO SERVICO SAUDE NOS TERMOSDO CONVENIO TRE-T0/TRE-DF.;-9;NAO SE APLICA;;;360,00;;360,00;;;;;;;;;;;;;;;
14107;TRIBUNAL REGIONAL ELEITORAL DO DIST. FEDERAL;070027;TRIBUNAL REGIONAL ELEITORAL DE TOCANTINS;02301057020040053;2004;ASSISTENCIA MEDICA E ODONTOLOGICA AOS SERVIDORES CIVIS, EMPR;0001;ASSISTENCIA MEDICA E ODONTOLOGICA DE CIVIS - COMPLEMENTACAO DA UNIAO;084780;AMO CREMOD;ASSIST MED ODONT- CREDENCIAMENTO;0100;RECURSOS ORDINARIOS;2;ORCAMENTO DE SEGURIDADE SOCIAL;3;DESPESAS CORRENTES;3;OUTRAS DESPESAS CORRENTES;47;OBRIGACOES TRIBUTARIAS E CONTRIBUTIVAS;339147;OBRIG.TRIBUT.E CONTRIB-OP.INTRA-ORCAMENTARIAS;339147-9;NAO SE APLICA;-9;NAO SE APLICA;-9;NAO SE APLICA;-9;NAO SE APLICA;NAO SE APLICA;-9;-9;-9;OBRIGACOES PATRONAIS/INSS - SERVICOS A SAUDE DOS SERVIDORES DO TRE/DF LOTADOS NESTE REGIONAL.;-9;NAO SE APLICA;;;;;;(328,00);(328,00);;;;;;;;;;;;;
14107;TRIBUNAL REGIONAL ELEITORAL DO DIST. FEDERAL;070027;TRIBUNAL REGIONAL ELEITORAL DE TOCANTINS;02301057020040053;2004;ASSISTENCIA MEDICA E ODONTOLOGICA AOS SERVIDORES CIVIS, EMPR;0001;ASSISTENCIA MEDICA E ODONTOLOGICA DE CIVIS - COMPLEMENTACAO DA UNIAO;084780;AMO CREMOD;ASSIST MED ODONT- CREDENCIAMENTO;0100;RECURSOS ORDINARIOS;2;ORCAMENTO DE SEGURIDADE SOCIAL;3;DESPESAS CORRENTES;3;OUTRAS DESPESAS CORRENTES;47;OBRIGACOES TRIBUTARIAS E CONTRIBUTIVAS;339147;OBRIG.TRIBUT.E CONTRIB-OP.INTRA-ORCAMENTARIAS;339147-9;NAO SE APLICA;-9;NAO SE APLICA;-9;NAO SE APLICA;-9;NAO SE APLICA;NAO SE APLICA;-9;-9;-9;S000 COMED   04783-08.2018 - RESERVA EMPENHO PAGAMENTO SERVICO SAUDE REFERENTECONVENIO TRE-TO/TRE-DF - AOS SERVIDORES DF NO TRE-TO - INSS PATRONAL.;-9;NAO SE APLICA;;;;;(360,00);360,00;360,00;;;;;;;;;;;;;
14107;TRIBUNAL REGIONAL ELEITORAL DO DIST. FEDERAL;070027;TRIBUNAL REGIONAL ELEITORAL DE TOCANTINS;02301057020040053;2004;ASSISTENCIA MEDICA E ODONTOLOGICA AOS SERVIDORES CIVIS, EMPR;0001;ASSISTENCIA MEDICA E ODONTOLOGICA DE CIVIS - COMPLEMENTACAO DA UNIAO;084780;AMO CREMOD;ASSIST MED ODONT- CREDENCIAMENTO;0100;RECURSOS ORDINARIOS;2;ORCAMENTO DE SEGURIDADE SOCIAL;3;DESPESAS CORRENTES;3;OUTRAS DESPESAS CORRENTES;47;OBRIGACOES TRIBUTARIAS E CONTRIBUTIVAS;339147;OBRIG.TRIBUT.E CONTRIB-OP.INTRA-ORCAMENTARIAS;33914718;CONTRIB.PREVIDENCIARIAS-SERVICOS DE TERCEIROS;3;ESTIMATIVO;08;NAO SE APLICA;-8;13/04/2018;ABR/2018;2018;070027000012018NE000331;00047830820186278000;OBRIGACOES PATRONAIS/INSS - SERVICOS A SAUDE DOS SERVIDORES DO TRE/DF LOTADOS NESTE REGIONAL.;510001;COORD.GERAL DE ORCAMENTO, FINANCAS E CONTAB.;;;;;;;;328,00;;;;;;;;;;;;
14126;TRIBUNAL REGIONAL ELEITORAL DE TOCANTINS;070025;TRIBUNAL REGIONAL ELEITORAL DO D. FEDERAL;02301057020040017;2004;ASSISTENCIA MEDICA E ODONTOLOGICA AOS SERVIDORES CIVIS, EMPR;0001;ASSISTENCIA MEDICA E ODONTOLOGICA DE CIVIS - COMPLEMENTACAO DA UNIAO;084809;AMO CREMOD;ASSIST MED ODONT- CREDENCIAMENTO;0100;RECURSOS ORDINARIOS;2;ORCAMENTO DE SEGURIDADE SOCIAL;3;DESPESAS CORRENTES;3;OUTRAS DESPESAS CORRENTES;00;[A DETALHAR];339000;APLICACOES DIRETAS;339000-9;NAO SE APLICA;-9;NAO SE APLICA;-9;NAO SE APLICA;-9;NAO SE APLICA;NAO SE APLICA;-9;-9;-9;ALTERACAO PARA EMISSAO DE NE. TERMO DE COOPERACAO ENTRE O TRE/DF E O TRE/TO - ASSISTENCIA MEDICA E ODONTOLOGICA. PAE 0000676-35.2016.6.07.8100;-9;NAO SE APLICA;;;(150.000,00);;(150.000,00);;;;;;;;;;;;;;;
14126;TRIBUNAL REGIONAL ELEITORAL DE TOCANTINS;070025;TRIBUNAL REGIONAL ELEITORAL DO D. FEDERAL;02301057020040017;2004;ASSISTENCIA MEDICA E ODONTOLOGICA AOS SERVIDORES CIVIS, EMPR;0001;ASSISTENCIA MEDICA E ODONTOLOGICA DE CIVIS - COMPLEMENTACAO DA UNIAO;084809;AMO CREMOD;ASSIST MED ODONT- CREDENCIAMENTO;0100;RECURSOS ORDINARIOS;2;ORCAMENTO DE SEGURIDADE SOCIAL;3;DESPESAS CORRENTES;3;OUTRAS DESPESAS CORRENTES;00;[A DETALHAR];339000;APLICACOES DIRETAS;339000-9;NAO SE APLICA;-9;NAO SE APLICA;-9;NAO SE APLICA;-9;NAO SE APLICA;NAO SE APLICA;-9;-9;-9;DESCENTRALIZACAO DE CREDITO PARA FAZER FACE AO TERMO DE COOPERACAO CELEBRADO  ENTRE O TRE-TO E TRE-DF - DESTINADO AOS SERVICOS MEDICO-HOSPITALARES.;-9;NAO SE APLICA;;;150.000,00;;150.000,00;;;;;;;;;;;;;;;
14126;TRIBUNAL REGIONAL ELEITORAL DE TOCANTINS;070025;TRIBUNAL REGIONAL ELEITORAL DO D. FEDERAL;02301057020040017;2004;ASSISTENCIA MEDICA E ODONTOLOGICA AOS SERVIDORES CIVIS, EMPR;0001;ASSISTENCIA MEDICA E ODONTOLOGICA DE CIVIS - COMPLEMENTACAO DA UNIAO;084809;AMO CREMOD;ASSIST MED ODONT- CREDENCIAMENTO;0100;RECURSOS ORDINARIOS;2;ORCAMENTO DE SEGURIDADE SOCIAL;3;DESPESAS CORRENTES;3;OUTRAS DESPESAS CORRENTES;39;OUTROS SERVICOS DE TERCEIROS PJ - OP.INT.ORC.;339039;OUTROS SERVICOS DE TERCEIROS - PESSOA JURIDICA;339039-9;NAO SE APLICA;-9;NAO SE APLICA;-9;NAO SE APLICA;-9;NAO SE APLICA;NAO SE APLICA;-9;-9;-9;2018NECT - TERMO DE COOPERACAO ENTRE O TRE/DF E O TRE/TO - ASSISTENCIA MEDICA E ODONTOLOGICA. EXERCICIO 2018.;-9;NAO SE APLICA;;;;;(150.000,00);;;;;;;;;;;;;;;
14126;TRIBUNAL REGIONAL ELEITORAL DE TOCANTINS;070025;TRIBUNAL REGIONAL ELEITORAL DO D. FEDERAL;02301057020040017;2004;ASSISTENCIA MEDICA E ODONTOLOGICA AOS SERVIDORES CIVIS, EMPR;0001;ASSISTENCIA MEDICA E ODONTOLOGICA DE CIVIS - COMPLEMENTACAO DA UNIAO;084809;AMO CREMOD;ASSIST MED ODONT- CREDENCIAMENTO;0100;RECURSOS ORDINARIOS;2;ORCAMENTO DE SEGURIDADE SOCIAL;3;DESPESAS CORRENTES;3;OUTRAS DESPESAS CORRENTES;39;OUTROS SERVICOS DE TERCEIROS PJ - OP.INT.ORC.;339039;OUTROS SERVICOS DE TERCEIROS - PESSOA JURIDICA;339039-9;NAO SE APLICA;-9;NAO SE APLICA;-9;NAO SE APLICA;-9;NAO SE APLICA;NAO SE APLICA;-9;-9;-9;ALTERACAO PARA EMISSAO DE NE. TERMO DE COOPERACAO ENTRE O TRE/DF E O TRE/TO - ASSISTENCIA MEDICA E ODONTOLOGICA. PAE 0000676-35.2016.6.07.8100;-9;NAO SE APLICA;;;150.000,00;;150.000,00;;;;;;;;;;;;;;;
14126;TRIBUNAL REGIONAL ELEITORAL DE TOCANTINS;070025;TRIBUNAL REGIONAL ELEITORAL DO D. FEDERAL;02301057020040017;2004;ASSISTENCIA MEDICA E ODONTOLOGICA AOS SERVIDORES CIVIS, EMPR;0001;ASSISTENCIA MEDICA E ODONTOLOGICA DE CIVIS - COMPLEMENTACAO DA UNIAO;084809;AMO CREMOD;ASSIST MED ODONT- CREDENCIAMENTO;0100;RECURSOS ORDINARIOS;2;ORCAMENTO DE SEGURIDADE SOCIAL;3;DESPESAS CORRENTES;3;OUTRAS DESPESAS CORRENTES;39;OUTROS SERVICOS DE TERCEIROS PJ - OP.INT.ORC.;339039;OUTROS SERVICOS DE TERCEIROS - PESSOA JURIDICA;33903950;SERV.MEDICO-HOSPITAL.,ODONTOL.E LABORATORIAIS;3;ESTIMATIVO;08;NAO SE APLICA;-8;18/01/2018;JAN/2018;2018;070025000012018NE000066;ASSIST. MED. TRE/TO;2018NECT - TERMO DE COOPERACAO ENTRE O TRE/DF E O TRE/TO - ASSISTENCIA MEDICA E ODONTOLOGICA. EXERCICIO 2018.;070025;TRIBUNAL REGIONAL ELEITORAL DO D. FEDERAL;;;;;;;;150.000,00;;;;;;;;;;;;
14126;TRIBUNAL REGIONAL ELEITORAL DE TOCANTINS;070025;TRIBUNAL REGIONAL ELEITORAL DO D. FEDERAL;02301057020040017;2004;ASSISTENCIA MEDICA E ODONTOLOGICA AOS SERVIDORES CIVIS, EMPR;0001;ASSISTENCIA MEDICA E ODONTOLOGICA DE CIVIS - COMPLEMENTACAO DA UNIAO;084809;AMO CREMOD;ASSIST MED ODONT- CREDENCIAMENTO;0100;RECURSOS ORDINARIOS;2;ORCAMENTO DE SEGURIDADE SOCIAL;3;DESPESAS CORRENTES;3;OUTRAS DESPESAS CORRENTES;39;OUTROS SERVICOS DE TERCEIROS PJ - OP.INT.ORC.;339039;OUTROS SERVICOS DE TERCEIROS - PESSOA JURIDICA;33903950;SERV.MEDICO-HOSPITAL.,ODONTOL.E LABORATORIAIS;3;ESTIMATIVO;08;NAO SE APLICA;-8;18/01/2018;JAN/2018;2018;070025000012018NE000066;ASSIST. MED. TRE/TO;TERMO DE COOPERACAO CELEBRADO ENTRE ESTE TRE-DF E O TRE-TO.  ŽPA SEI 0000676-35.2016.6.07.8100. ŽCANCELAMENTO DOS DOCUMENTOS SIAFI: NP 138/2018 E NS 249/2018, PARA AJUSTE DA DESPESAS DE EXERCICIO ANTERIORES, QUE DEVE SER UTILIZADO O SALDO DA NE 59/2017.;070025;TRIBUNAL REGIONAL ELEITORAL DO D. FEDERAL;;;;;;;;0,00;(7.759,90);(7.759,90);;;;;;;;;(7.759,90);(7.759,90)
14126;TRIBUNAL REGIONAL ELEITORAL DE TOCANTINS;070025;TRIBUNAL REGIONAL ELEITORAL DO D. FEDERAL;02301057020040017;2004;ASSISTENCIA MEDICA E ODONTOLOGICA AOS SERVIDORES CIVIS, EMPR;0001;ASSISTENCIA MEDICA E ODONTOLOGICA DE CIVIS - COMPLEMENTACAO DA UNIAO;084809;AMO CREMOD;ASSIST MED ODONT- CREDENCIAMENTO;0100;RECURSOS ORDINARIOS;2;ORCAMENTO DE SEGURIDADE SOCIAL;3;DESPESAS CORRENTES;3;OUTRAS DESPESAS CORRENTES;39;OUTROS SERVICOS DE TERCEIROS PJ - OP.INT.ORC.;339039;OUTROS SERVICOS DE TERCEIROS - PESSOA JURIDICA;33903950;SERV.MEDICO-HOSPITAL.,ODONTOL.E LABORATORIAIS;3;ESTIMATIVO;08;NAO SE APLICA;-8;18/01/2018;JAN/2018;2018;070025000012018NE000066;ASSIST. MED. TRE/TO;TERMO DE COOPERACAO CELEBRADO ENTRE ESTE TRE-DF E O TRE-TO. ŽESTORNO DA DESPESA REF. AOS SERVIDORES DO TRE DO TOCANTINS, RELATIVA AOS MESES DE FEVEREIRO E MARCO DE 2018. TRANSFERENCIA DA NE 22/2018 PARA A NE 66/2018,  ŽCONFORME PA SEI 0000676-35.2016.6.07.8100.;070025;TRIBUNAL REGIONAL ELEITORAL DO D. FEDERAL;;;;;;;;0,00;60.744,95;60.744,95;;;;;;;;;60.744,95;60.744,95
14126;TRIBUNAL REGIONAL ELEITORAL DE TOCANTINS;070025;TRIBUNAL REGIONAL ELEITORAL DO D. FEDERAL;02301057020040017;2004;ASSISTENCIA MEDICA E ODONTOLOGICA AOS SERVIDORES CIVIS, EMPR;0001;ASSISTENCIA MEDICA E ODONTOLOGICA DE CIVIS - COMPLEMENTACAO DA UNIAO;084809;AMO CREMOD;ASSIST MED ODONT- CREDENCIAMENTO;0100;RECURSOS ORDINARIOS;2;ORCAMENTO DE SEGURIDADE SOCIAL;3;DESPESAS CORRENTES;3;OUTRAS DESPESAS CORRENTES;39;OUTROS SERVICOS DE TERCEIROS PJ - OP.INT.ORC.;339039;OUTROS SERVICOS DE TERCEIROS - PESSOA JURIDICA;33903950;SERV.MEDICO-HOSPITAL.,ODONTOL.E LABORATORIAIS;3;ESTIMATIVO;08;NAO SE APLICA;-8;18/01/2018;JAN/2018;2018;070025000012018NE000066;ASSIST. MED. TRE/TO;TERMO DE COOPERACAO CELEBRADO ENTRE ESTE TRE-DF E O TRE-TO.ŽTRANSFERENCIA DO SALDO DA NE 66/2018(TRE-TO) PARA A NE 22/2018(TRE-DF), PARA POSTERIOR PAGAMENTO DAS DESPESASŽREMANESCENTES DO MES DE JANEIRO/2018 DOS SERVIDORES TRE DO TOCANTINS.ŽCONFORME PA SEI 0000676-35.2016.6.07.8100.;070025;TRIBUNAL REGIONAL ELEITORAL DO D. FEDERAL;;;;;;;;0,00;7.759,90;7.759,90;;;;;;;;;7.759,90;7.759,90
Total;;;;;;;;;;;;;;;;;;;;;;;;;;;;;;;;;;;;;;;99.615.806,00;99.621.806,00;12.038.650,00;6.000,00;17.077.944,22;2.826.913,30;1.119.451,30;91.749.598,48;39.737.575,69;33.567.068,81;7.122,64;7.122,64;1.535.380,76;867.592,89;4.443,54;563.321,57;563.321,57;1.835.208,54;40.300.897,26;34.130.390,38
